airplane 0.99843717 129.00949096679688 212.9782257080078 150.966064453125 235.03211975097656
airplane 0.99790865 132.30979919433594 96.97222137451172 163.9709930419922 129.20700073242188
dog 0.99595964 24.086252212524414 147.1342315673828 59.150367736816406 181.8860626220703
deer 0.995275 119.09112548828125 27.054906845092773 145.11383056640625 53.06188201904297
ship 0.9897119 44.07810974121094 107.07056427001953 62.86683654785156 126.08057403564453
truck 0.98930097 42.081668853759766 26.078922271728516 60.93587112426758 44.958126068115234
automobile 0.9877255 24.053974151611328 15.263307571411133 40.010318756103516 30.95744514465332
airplane 0.98074913 189.93894958496094 27.216630935668945 225.02403259277344 62.016929626464844
airplane 0.9653199 187.06993103027344 121.05815124511719 203.1144561767578 137.09791564941406
deer 0.8888867 74.04374694824219 5.007298469543457 92.99969482421875 24.02175521850586
frog 0.84857184 208.07461547851562 195.0430145263672 227.08416748046875 213.97337341308594
ship 0.83516914 90.91783905029297 81.06639862060547 125.9744644165039 116.29659271240234
airplane 0.7094021 90.98823547363281 81.00740051269531 126.04997253417969 116.138671875
dog 0.65949523 13.05848217010498 114.01466369628906 38.94210433959961 140.2112274169922
cat 0.6381489 76.25628662109375 138.08917236328125 97.72943115234375 159.81292724609375
deer 0.595013 97.01717376708984 212.261962890625 113.08992767333984 228.04867553710938
frog 0.5479812 62.00374984741211 181.0296630859375 80.94277954101562 199.97366333007812
cat 0.45573837 13.077006340026855 113.98810577392578 39.06155776977539 140.1466522216797
deer 0.41682482 24.053974151611328 15.263307571411133 40.010318756103516 30.95744514465332
automobile 0.41098195 62.04474639892578 181.15077209472656 80.8680648803711 199.87098693847656
airplane 0.36455584 76.0867919921875 138.06784057617188 97.94796752929688 159.90475463867188
frog 0.36038497 12.986113548278809 186.1822052001953 39.124149322509766 212.05921936035156
airplane 0.33676833 12.994356155395508 186.0441131591797 39.07445526123047 212.03208923339844
truck 0.22172761 96.95791625976562 212.18820190429688 112.99563598632812 228.0799560546875
ship 0.21645826 23.96103858947754 15.159595489501953 40.07190704345703 31.02008056640625
automobile 0.21150449 13.011406898498535 186.0186309814453 39.06439208984375 212.0453643798828
cat 0.2109428 97.01717376708984 212.261962890625 113.08992767333984 228.04867553710938
bird 0.20089087 208.0697784423828 195.04071044921875 227.02894592285156 214.076416015625
