ship 0.9983584 101.97383117675781 48.00107192993164 134.03305053710938 79.84532165527344
deer 0.995963 2.0814285278320312 179.89035034179688 28.083019256591797 206.08676147460938
cat 0.9954479 187.01951599121094 161.9458465576172 216.20375061035156 191.00440979003906
frog 0.9952155 27.046836853027344 18.04531478881836 55.94959259033203 47.11503982543945
ship 0.99035954 174.13577270507812 24.97079849243164 209.00469970703125 60.10416793823242
bird 0.98600364 93.099609375 99.10124206542969 122.01689147949219 128.05149841308594
automobile 0.9796393 61.07075881958008 174.04315185546875 80.05970764160156 192.95956420898438
deer 0.9783695 145.0122528076172 117.21435546875 177.18190002441406 149.13421630859375
deer 0.9612739 206.0441131591797 192.89822387695312 222.13172912597656 209.17544555664062
deer 0.95572126 160.05685424804688 83.78675842285156 192.10150146484375 115.83828735351562
truck 0.9534601 39.139686584472656 144.00784301757812 57.9896240234375 163.10183715820312
airplane 0.94701743 66.93049621582031 102.07469177246094 86.13099670410156 120.98896789550781
frog 0.9459946 203.9736328125 97.91120910644531 233.07861328125 127.009765625
frog 0.7966334 13.078777313232422 105.96041107177734 48.034080505371094 140.9529266357422
ship 0.79125667 142.1652374267578 156.1570587158203 179.91358947753906 194.1522674560547
cat 0.7819587 5.013462066650391 213.14608764648438 34.06904983520508 241.92367553710938
deer 0.75547475 13.078777313232422 105.96041107177734 48.034080505371094 140.9529266357422
deer 0.74797875 92.06945037841797 189.09213256835938 113.98604583740234 211.00958251953125
airplane 0.7470552 102.11776733398438 160.21990966796875 120.93690490722656 178.98849487304688
truck 0.7377407 203.9736328125 97.91120910644531 233.07861328125 127.009765625
frog 0.7199136 197.07241821289062 213.24822998046875 226.09292602539062 242.02081298828125
airplane 0.58925134 142.0569610595703 156.0266876220703 179.86656188964844 194.08518981933594
bird 0.525709 206.02908325195312 192.98263549804688 222.19842529296875 209.20440673828125
frog 0.48965997 5.013462066650391 213.14608764648438 34.06904983520508 241.92367553710938
dog 0.47195414 197.07241821289062 213.24822998046875 226.09292602539062 242.02081298828125
ship 0.44187692 206.02908325195312 192.98263549804688 222.19842529296875 209.20440673828125
frog 0.40299302 61.0925178527832 174.01231384277344 80.03408813476562 193.0077362060547
ship 0.38151556 67.04216003417969 102.11214447021484 86.05625915527344 120.9665298461914
frog 0.30392665 145.0122528076172 117.21435546875 177.18190002441406 149.13421630859375
automobile 0.30372325 92.03834533691406 189.00244140625 114.08071899414062 210.9561767578125
