truck 0.99786144 193.01864624023438 121.00970458984375 222.05340576171875 150.24176025390625
frog 0.99691284 118.84818267822266 122.11399841308594 147.96278381347656 151.11024475097656
frog 0.9964441 160.97789001464844 134.03114318847656 187.14842224121094 160.0400848388672
automobile 0.9961186 195.99473571777344 7.968217849731445 234.0211639404297 46.09770202636719
bird 0.9946046 143.90878295898438 12.071796417236328 182.01223754882812 50.022708892822266
truck 0.9944102 157.19589233398438 51.181697845458984 175.92098999023438 70.04249572753906
automobile 0.97093344 7.075531959533691 60.948829650878906 23.094432830810547 77.05037689208984
airplane 0.9599261 17.959064483642578 42.028812408447266 34.10013198852539 58.07309341430664
truck 0.95050323 76.14655303955078 62.05438995361328 98.00395965576172 84.03482818603516
truck 0.94625986 85.10411834716797 132.22894287109375 116.86383819580078 163.82568359375
bird 0.91259885 126.01614379882812 85.08072662353516 151.86618041992188 111.02701568603516
cat 0.9100542 200.0674285888672 95.18922424316406 222.0364532470703 116.84349060058594
truck 0.88487875 87.98092651367188 181.05874633789062 117.09193420410156 209.99868774414062
truck 0.87160146 28.032678604125977 214.01431274414062 60.065185546875 246.07684326171875
frog 0.6224771 42.96839904785156 61.78169250488281 75.27867889404297 93.90359497070312
bird 0.6191114 61.07965087890625 147.04306030273438 83.123291015625 169.05914306640625
truck 0.547448 81.09627532958984 112.14424896240234 100.00621795654297 130.78370666503906
airplane 0.5351864 80.99874877929688 112.09121704101562 100.01116943359375 130.6717987060547
automobile 0.5193804 81.09627532958984 112.14424896240234 100.00621795654297 130.78370666503906
deer 0.5113248 43.026424407958984 61.89928436279297 75.25025939941406 93.9646987915039
automobile 0.5103951 134.1732940673828 169.90463256835938 159.9015655517578 195.71490478515625
automobile 0.50422835 87.98092651367188 181.05874633789062 117.09193420410156 209.99868774414062
ship 0.4674856 80.99874877929688 112.09121704101562 100.01116943359375 130.6717987060547
airplane 0.4622541 28.09249496459961 213.9268341064453 60.06553268432617 246.0667266845703
bird 0.45163578 27.859289169311523 213.91632080078125 59.984344482421875 246.13345336914062
bird 0.44811916 17.959064483642578 42.028812408447266 34.10013198852539 58.07309341430664
cat 0.42302 42.97428894042969 61.96449279785156 75.29194641113281 93.93655395507812
automobile 0.39807314 76.10104370117188 62.012474060058594 97.95654296875 83.97417449951172
truck 0.3962371 134.2273712158203 170.03952026367188 159.88902282714844 195.83035278320312
ship 0.36669195 27.859289169311523 213.91632080078125 59.984344482421875 246.13345336914062
deer 0.36543006 27.859289169311523 213.91632080078125 59.984344482421875 246.13345336914062
deer 0.34903562 61.15462875366211 147.14317321777344 83.26596069335938 168.9897003173828
bird 0.32310808 43.026424407958984 61.89928436279297 75.25025939941406 93.9646987915039
truck 0.31467336 42.330360412597656 62.139076232910156 75.07909393310547 93.82625579833984
deer 0.29155308 126.01614379882812 85.08072662353516 151.86618041992188 111.02701568603516
airplane 0.25960666 6.9694061279296875 60.88969039916992 23.110004425048828 77.14021301269531
frog 0.2569153 27.859289169311523 213.91632080078125 59.984344482421875 246.13345336914062
ship 0.24298781 42.97428894042969 61.96449279785156 75.29194641113281 93.93655395507812
cat 0.23944849 61.046932220458984 147.07620239257812 83.14092254638672 169.12454223632812
ship 0.20653117 17.959064483642578 42.028812408447266 34.10013198852539 58.07309341430664
