frog 0.99940825 2.061659812927246 127.0832748413086 31.08456802368164 156.05374145507812
frog 0.99846464 29.91408920288086 206.94882202148438 59.1224250793457 235.88287353515625
frog 0.99720514 208.99456787109375 88.06826782226562 241.03948974609375 119.97398376464844
frog 0.9967327 164.212158203125 56.11894226074219 192.91497802734375 84.88006591796875
truck 0.99624217 130.95445251464844 175.04714965820312 159.92991638183594 204.18084716796875
ship 0.9942039 195.1294403076172 198.10940551757812 217.05003356933594 220.04351806640625
deer 0.98150826 132.02911376953125 9.099813461303711 170.03854370117188 46.95832824707031
frog 0.94816196 117.09220123291016 97.03594970703125 155.10922241210938 135.03143310546875
frog 0.9369578 39.100311279296875 127.11017608642578 73.80996704101562 162.17001342773438
frog 0.9319531 10.960522651672363 161.97561645507812 29.977008819580078 181.01705932617188
deer 0.8951286 63.88892364501953 98.86863708496094 89.74510955810547 124.89247131347656
truck 0.8347145 57.99880599975586 1.8093376159667969 74.05580139160156 17.980031967163086
cat 0.8268786 179.94932556152344 23.173358917236328 201.9355010986328 45.11983108520508
bird 0.7557709 123.88031768798828 208.01377868652344 162.1921844482422 246.03321838378906
deer 0.7450839 57.99880599975586 1.8093376159667969 74.05580139160156 17.980031967163086
ship 0.72229016 25.781970977783203 90.00184631347656 61.13570022583008 124.94589233398438
airplane 0.67012274 32.933677673339844 181.9972686767578 52.06193542480469 200.9407196044922
deer 0.6308767 32.93693542480469 182.04409790039062 52.06586456298828 200.99050903320312
deer 0.61075604 65.09567260742188 165.90919494628906 103.09600830078125 203.9479217529297
frog 0.46149325 32.933677673339844 181.9972686767578 52.06193542480469 200.9407196044922
dog 0.4060511 179.94932556152344 23.173358917236328 201.9355010986328 45.11983108520508
frog 0.38858983 65.09567260742188 165.90919494628906 103.09600830078125 203.9479217529297
dog 0.33402467 123.5659408569336 208.4144287109375 161.61651611328125 245.79183959960938
deer 0.31255472 123.5659408569336 208.4144287109375 161.61651611328125 245.79183959960938
bird 0.29383785 65.09567260742188 165.90919494628906 103.09600830078125 203.9479217529297
airplane 0.2887215 58.07553482055664 1.8193607330322266 74.05926513671875 17.953275680541992
bird 0.28618068 32.933677673339844 181.9972686767578 52.06193542480469 200.9407196044922
automobile 0.28201497 25.784259796142578 89.91937255859375 61.16300582885742 124.91285705566406
truck 0.26791364 25.932842254638672 89.93630981445312 61.376712799072266 124.80326843261719
cat 0.265928 39.100311279296875 127.11017608642578 73.80996704101562 162.17001342773438
frog 0.26255575 123.88031768798828 208.01377868652344 162.1921844482422 246.03321838378906
ship 0.25982356 65.09567260742188 165.90919494628906 103.09600830078125 203.9479217529297
cat 0.2535689 116.99935150146484 97.01544189453125 155.063232421875 135.13543701171875
bird 0.24687767 194.36329650878906 58.915000915527344 215.79103088378906 80.88199615478516
