frog 0.99794304 160.06304931640625 105.11285400390625 191.9254150390625 136.98936462402344
ship 0.99620897 209.9888458251953 201.11256408691406 242.1141815185547 233.0243682861328
deer 0.996044 33.9868278503418 61.89946365356445 65.96405029296875 94.18722534179688
truck 0.9939377 86.12047576904297 110.12620544433594 108.06998443603516 132.07339477539062
airplane 0.9906694 11.11376953125 140.1405029296875 32.97221755981445 161.97616577148438
automobile 0.9880829 88.15159606933594 1.9166126251220703 110.24067687988281 24.107698440551758
cat 0.98254347 193.1093292236328 31.060558319091797 228.09315490722656 66.02737426757812
frog 0.97574276 213.10874938964844 67.92434692382812 232.00599670410156 86.95640563964844
frog 0.96960694 142.07643127441406 7.06179141998291 171.06370544433594 35.81463623046875
deer 0.92521095 131.07174682617188 160.03543090820312 163.06988525390625 191.96664428710938
automobile 0.8633939 32.081573486328125 101.053466796875 51.08349609375 119.89169311523438
airplane 0.8539885 74.1089096069336 147.9337158203125 103.10037994384766 177.0523681640625
ship 0.8478656 151.93731689453125 196.1147003173828 183.94744873046875 227.86961364746094
dog 0.8111594 195.9444122314453 135.09449768066406 231.0782012939453 170.1967315673828
cat 0.77896917 40.172607421875 131.87066650390625 65.94137573242188 158.07595825195312
cat 0.7100681 148.0445556640625 49.21725082397461 183.18576049804688 84.20223999023438
automobile 0.66326106 76.13823699951172 26.093900680541992 101.7756118774414 51.984092712402344
bird 0.65344304 74.1089096069336 147.9337158203125 103.10037994384766 177.0523681640625
cat 0.5898739 68.05805206298828 199.01541137695312 100.0472183227539 230.90484619140625
deer 0.5552739 147.96678161621094 49.08393478393555 183.24461364746094 84.17445373535156
airplane 0.49223974 151.8971710205078 196.05157470703125 183.9646453857422 228.0654296875
truck 0.4891515 68.05805206298828 199.01541137695312 100.0472183227539 230.90484619140625
deer 0.4572534 195.9384765625 135.0247344970703 231.0252685546875 170.2079620361328
truck 0.40654477 32.059112548828125 101.0853042602539 51.087615966796875 119.89838409423828
dog 0.33894128 116.11145782470703 101.0374755859375 154.2659149169922 139.1339111328125
airplane 0.3307488 40.172607421875 131.87066650390625 65.94137573242188 158.07595825195312
truck 0.29468974 76.02497100830078 26.03697967529297 101.86412811279297 52.051483154296875
truck 0.28303534 131.06625366210938 160.15457153320312 163.07260131835938 191.94866943359375
frog 0.23377997 40.031768798828125 131.98806762695312 65.87939453125 157.94223022460938
deer 0.23050076 151.8971710205078 196.05157470703125 183.9646453857422 228.0654296875
bird 0.21444094 68.05805206298828 199.01541137695312 100.0472183227539 230.90484619140625
deer 0.20839795 76.13823699951172 26.093900680541992 101.7756118774414 51.984092712402344
