truck 0.9982474 189.9705047607422 170.9971923828125 225.16868591308594 206.18533325195312
cat 0.9979093 27.148761749267578 141.0732879638672 55.93002700805664 170.0625457763672
automobile 0.99661684 184.0876922607422 67.93441009521484 219.04530334472656 102.97211456298828
dog 0.99602485 88.20521545410156 204.11752319335938 110.04866027832031 225.95516967773438
frog 0.9952532 54.12319564819336 37.05986785888672 89.04861450195312 72.02776336669922
automobile 0.9906378 158.07505798339844 192.0576934814453 176.96717834472656 211.10096740722656
ship 0.9876931 100.13716125488281 183.9803009033203 119.03559875488281 203.08348083496094
truck 0.98589045 184.17698669433594 4.073789596557617 219.03028869628906 39.073997497558594
frog 0.97093546 205.01588439941406 118.140625 223.8820037841797 136.81246948242188
dog 0.94905746 100.99150085449219 72.91815185546875 126.95257568359375 98.98710632324219
frog 0.94388497 0.026160240173339844 17.966537475585938 29.13475799560547 47.00690460205078
bird 0.9144803 169.8772735595703 106.85369873046875 199.2324981689453 136.10589599609375
automobile 0.8238208 154.9884033203125 157.1102752685547 173.92901611328125 175.8845672607422
cat 0.7811789 28.135860443115234 188.82437133789062 54.2563591003418 214.92477416992188
dog 0.7326414 136.0741424560547 112.01387023925781 168.04246520996094 143.85296630859375
cat 0.6776089 21.014427185058594 72.06437683105469 36.96416473388672 87.96733093261719
ship 0.63598424 154.9884033203125 157.1102752685547 173.92901611328125 175.8845672607422
dog 0.63219607 20.99808692932129 72.06512451171875 36.97602844238281 87.97454833984375
airplane 0.6104717 21.024009704589844 72.10749816894531 36.98448944091797 87.92143249511719
truck 0.59961724 21.024009704589844 72.10749816894531 36.98448944091797 87.92143249511719
deer 0.55705595 169.8772735595703 106.85369873046875 199.2324981689453 136.10589599609375
deer 0.48391384 150.0991973876953 34.084964752197266 168.95640563964844 53.08615493774414
truck 0.47429302 150.0991973876953 34.084964752197266 168.95640563964844 53.08615493774414
dog 0.41380388 28.126571655273438 188.92662048339844 54.242218017578125 214.9201202392578
deer 0.41269046 100.99150085449219 72.91815185546875 126.95257568359375 98.98710632324219
airplane 0.3411696 28.0194091796875 188.7435760498047 54.23217010498047 215.0264129638672
cat 0.33343244 149.92568969726562 34.137535095214844 168.990966796875 53.03632354736328
cat 0.3175639 136.03904724121094 111.97747802734375 168.04942321777344 143.89817810058594
frog 0.30682483 169.8772735595703 106.85369873046875 199.2324981689453 136.10589599609375
bird 0.28386575 28.135860443115234 188.82437133789062 54.2563591003418 214.92477416992188
frog 0.2444484 155.08529663085938 157.0377960205078 173.96231079101562 175.9825897216797
deer 0.24013102 155.08529663085938 157.0377960205078 173.96231079101562 175.9825897216797
frog 0.22767282 28.0194091796875 188.7435760498047 54.23217010498047 215.0264129638672
dog 0.21868876 0.14055156707763672 17.919471740722656 28.987960815429688 46.855926513671875
truck 0.21300092 100.07341766357422 184.0359649658203 119.04096221923828 203.0384063720703
deer 0.2054694 21.026195526123047 72.09064483642578 36.98807144165039 87.98368072509766
