ship 0.9968325 146.95263671875 149.0425262451172 172.87408447265625 175.10389709472656
ship 0.98864865 83.12149047851562 15.981304168701172 118.10299682617188 51.10502243041992
dog 0.98863494 157.27622985839844 178.15280151367188 175.86219787597656 197.1341552734375
dog 0.96761227 119.9642333984375 171.78282165527344 135.9287109375 187.98963928222656
deer 0.95912373 197.77325439453125 8.886192321777344 232.95291137695312 44.10858917236328
ship 0.9560138 204.0480499267578 64.1123046875 232.86705017089844 93.08163452148438
airplane 0.93645465 28.082826614379883 19.08424186706543 66.09507751464844 56.85906219482422
cat 0.9049337 110.0589828491211 53.151145935058594 142.14468383789062 84.89716339111328
cat 0.8261267 41.13624572753906 182.10768127441406 69.9503173828125 211.05613708496094
truck 0.7529789 144.94448852539062 91.15043640136719 164.046142578125 110.04631042480469
automobile 0.7345351 144.996826171875 91.14098358154297 163.99746704101562 110.05689239501953
airplane 0.65617526 103.9480209350586 129.94720458984375 141.95895385742188 167.89828491210938
airplane 0.5973046 46.99587631225586 66.09354400634766 66.03620910644531 85.0615463256836
frog 0.5960394 211.95120239257812 196.02130126953125 240.96539306640625 225.19113159179688
bird 0.5858419 192.0859375 171.017822265625 210.95718383789062 189.91702270507812
bird 0.57255626 110.16035461425781 53.19760513305664 142.08840942382812 84.96029663085938
ship 0.5599443 104.04777526855469 129.9755096435547 141.94679260253906 167.9116973876953
truck 0.5574683 211.95120239257812 196.02130126953125 240.96539306640625 225.19113159179688
airplane 0.50812304 204.01028442382812 64.0756607055664 233.025146484375 93.06969451904297
airplane 0.5072548 22.1048526763916 130.04934692382812 38.03861999511719 146.03939819335938
frog 0.4806528 120.0229263305664 171.70266723632812 135.82183837890625 187.96774291992188
bird 0.44428644 104.05718231201172 130.094970703125 141.94613647460938 167.83706665039062
airplane 0.43417546 192.13023376464844 171.05152893066406 210.9360809326172 189.90806579589844
truck 0.33708447 120.0229263305664 171.70266723632812 135.82183837890625 187.96774291992188
deer 0.3274091 192.14073181152344 170.99757385253906 210.9299774169922 189.98484802246094
truck 0.3080384 84.017333984375 52.90473937988281 103.07537841796875 72.05127716064453
deer 0.2712979 211.95120239257812 196.02130126953125 240.96539306640625 225.19113159179688
deer 0.25300598 103.9480209350586 129.94720458984375 141.95895385742188 167.89828491210938
automobile 0.25061572 211.95120239257812 196.02130126953125 240.96539306640625 225.19113159179688
cat 0.24678513 119.93766784667969 171.74806213378906 135.94305419921875 187.9957733154297
ship 0.22437838 27.962060928344727 19.549320220947266 65.99762725830078 56.8385124206543
deer 0.22353327 120.0229263305664 171.70266723632812 135.82183837890625 187.96774291992188
automobile 0.21644256 119.9642333984375 171.78282165527344 135.9287109375 187.98963928222656
automobile 0.21625355 83.90203857421875 52.83344268798828 103.0543212890625 72.06969451904297
