automobile 0.99896204 50.06160354614258 206.93923950195312 78.9881591796875 235.96905517578125
automobile 0.9977333 120.9135971069336 58.058815002441406 143.07862854003906 79.97037506103516
frog 0.99463814 104.03421020507812 6.930828094482422 141.9726104736328 45.023990631103516
truck 0.9938809 128.1077117919922 95.16676330566406 147.0150604248047 114.04121398925781
deer 0.99135995 161.1029510498047 7.134607315063477 196.0190887451172 42.27214813232422
truck 0.9857619 50.07269287109375 84.99270629882812 82.01445007324219 117.26475524902344
bird 0.980755 13.007827758789062 182.137939453125 42.116851806640625 211.16986083984375
dog 0.9777936 146.95645141601562 212.09280395507812 172.87835693359375 238.106689453125
truck 0.9773677 52.97775650024414 7.050920486450195 69.01195526123047 23.06487464904785
frog 0.97561955 14.053974151611328 22.07625389099121 49.19993591308594 56.951324462890625
airplane 0.97121507 189.04000854492188 107.08171081542969 207.93051147460938 126.01104736328125
dog 0.96983254 64.13850402832031 161.1273956298828 83.13052368164062 179.93955993652344
automobile 0.96434206 91.19514465332031 66.93416595458984 116.87089538574219 93.20381927490234
frog 0.9593442 193.03506469726562 61.13231658935547 212.01580810546875 79.9076919555664
deer 0.9468614 26.05181312561035 215.02737426757812 42.037689208984375 230.93865966796875
deer 0.9406613 169.97520446777344 176.87306213378906 196.1358184814453 203.0154571533203
cat 0.9345144 14.017952919006348 73.10400390625 42.9913330078125 101.912841796875
frog 0.9090512 103.06915283203125 209.09744262695312 132.11805725097656 238.25479125976562
ship 0.70676166 91.19514465332031 66.93416595458984 116.87089538574219 93.20381927490234
automobile 0.3061676 169.97520446777344 176.87306213378906 196.1358184814453 203.0154571533203
ship 0.28415236 52.97775650024414 7.050920486450195 69.01195526123047 23.06487464904785
bird 0.27534884 169.97520446777344 176.87306213378906 196.1358184814453 203.0154571533203
deer 0.20969608 189.04571533203125 107.03616333007812 208.00222778320312 126.00419616699219
