truck 0.9990003 51.170265197753906 119.08389282226562 80.0066146850586 147.99722290039062
frog 0.99879515 185.9299774169922 48.07856750488281 214.98545837402344 77.03260803222656
bird 0.9983907 92.01915740966797 73.82328033447266 124.12207794189453 106.1228256225586
truck 0.99805826 15.920419692993164 48.032936096191406 54.10704803466797 85.8420181274414
bird 0.9960234 203.08084106445312 173.00665283203125 235.05154418945312 204.76602172851562
bird 0.9956102 136.09744262695312 132.98529052734375 168.01431274414062 165.06350708007812
deer 0.98405087 93.1189193725586 159.1397247314453 127.87393951416016 193.95921325683594
airplane 0.98089164 12.192912101745605 133.1105499267578 38.099021911621094 159.00025939941406
bird 0.9758781 191.96871948242188 6.007516860961914 229.9566650390625 44.227386474609375
frog 0.96950734 94.00283813476562 38.885135650634766 120.192626953125 65.10360717773438
frog 0.93639237 183.9364013671875 104.03556823730469 213.00326538085938 132.92840576171875
ship 0.9069022 109.03274536132812 4.209881782531738 134.8874053955078 29.995983123779297
deer 0.88920236 128.08499145507812 46.22655487060547 165.98529052734375 83.98673248291016
deer 0.8445829 158.1016387939453 189.921630859375 186.8975067138672 218.81829833984375
automobile 0.8383463 67.03430938720703 198.08413696289062 96.02173614501953 227.08480834960938
frog 0.8127874 77.87844848632812 12.210439682006836 104.01756286621094 37.84996032714844
truck 0.74090445 67.02264404296875 198.04550170898438 96.0662841796875 227.0765380859375
truck 0.6374314 64.16608428955078 61.97905349731445 89.9079360961914 87.82857513427734
airplane 0.35435832 64.1579360961914 62.134429931640625 89.86409759521484 87.90188598632812
truck 0.2530666 77.85304260253906 12.077001571655273 103.90126037597656 38.02406311035156
deer 0.23102605 183.9958953857422 103.89276885986328 212.9060821533203 132.91966247558594
bird 0.20757642 184.01170349121094 104.04721069335938 212.96214294433594 133.09983825683594
bird 0.20013529 109.04438018798828 4.2082319259643555 134.96546936035156 30.023818969726562
