frog 0.9988033 98.92364501953125 201.0875701904297 127.9775390625 229.74085998535156
automobile 0.99729335 36.99174880981445 87.15863037109375 72.00816345214844 122.04548645019531
frog 0.99695945 188.90773010253906 119.83731079101562 214.95811462402344 145.94918823242188
automobile 0.9969446 48.90854263305664 28.9281005859375 84.00765991210938 63.97264099121094
bird 0.99568903 193.13514709472656 176.10943603515625 219.1901397705078 202.08270263671875
automobile 0.9943617 168.0868682861328 32.17802047729492 202.94227600097656 67.16926574707031
truck 0.9939946 132.964599609375 214.01107788085938 168.005615234375 249.0128173828125
truck 0.984095 144.1302490234375 134.1068572998047 166.05389404296875 156.0547637939453
truck 0.9836738 60.04328155517578 140.01219177246094 86.0042953491211 166.04844665527344
frog 0.9750227 168.13992309570312 117.95185852050781 187.26007080078125 137.03619384765625
deer 0.9515561 92.93524169921875 5.928300857543945 128.1895751953125 41.16356658935547
frog 0.91687596 83.97151184082031 64.93115997314453 110.07192993164062 91.0315933227539
airplane 0.87509 34.974037170410156 208.95265197753906 51.15702819824219 225.02708435058594
deer 0.7089589 54.99287033081055 184.0086212158203 74.14674377441406 202.9584197998047
ship 0.6732991 205.08396911621094 211.21849060058594 231.0879364013672 237.18052673339844
bird 0.63759786 215.1209716796875 58.99272537231445 243.98007202148438 87.90071868896484
truck 0.63358253 7.081869602203369 126.09058380126953 22.921457290649414 141.96055603027344
deer 0.6205229 94.00590515136719 92.05084991455078 131.92324829101562 130.09320068359375
truck 0.5452169 93.049560546875 6.06280517578125 128.12356567382812 41.17987060546875
cat 0.46548772 215.1209716796875 58.99272537231445 243.98007202148438 87.90071868896484
cat 0.40529552 9.125824928283691 144.72918701171875 37.89884567260742 174.25384521484375
airplane 0.3864578 205.08396911621094 211.21849060058594 231.0879364013672 237.18052673339844
bird 0.37554768 94.00590515136719 92.05084991455078 131.92324829101562 130.09320068359375
ship 0.32640958 54.99287033081055 184.0086212158203 74.14674377441406 202.9584197998047
truck 0.29866397 54.99287033081055 184.0086212158203 74.14674377441406 202.9584197998047
frog 0.27383423 93.74880981445312 92.52635955810547 132.51686096191406 129.88136291503906
cat 0.26375115 7.068681240081787 126.06140899658203 22.903339385986328 141.90411376953125
airplane 0.259732 7.081869602203369 126.09058380126953 22.921457290649414 141.96055603027344
cat 0.2589384 54.99287033081055 184.0086212158203 74.14674377441406 202.9584197998047
automobile 0.24123922 144.1597137451172 134.1006317138672 166.07676696777344 156.07203674316406
dog 0.24028036 55.08171844482422 184.21511840820312 73.83843231201172 202.96527099609375
dog 0.22433233 93.94525146484375 92.04395294189453 131.87020874023438 130.14109802246094
ship 0.20933375 7.068681240081787 126.06140899658203 22.903339385986328 141.90411376953125
dog 0.20639348 8.856803894042969 144.93910217285156 38.00657272338867 174.3072967529297
