frog 0.99919856 110.82666015625 28.29485321044922 140.07388305664062 57.08696746826172
automobile 0.9984944 180.06101989746094 94.00079345703125 206.0470733642578 119.86634826660156
truck 0.9982027 107.0215835571289 169.9359130859375 135.93936157226562 198.9678955078125
ship 0.9972233 41.97557830810547 77.08475494384766 80.05064392089844 115.0885238647461
frog 0.994585 59.165199279785156 146.09812927246094 81.0881118774414 168.1002960205078
truck 0.9941535 101.05949401855469 133.08314514160156 136.0760498046875 168.2227325439453
dog 0.9907489 116.96870422363281 215.94656372070312 155.05714416503906 254.21942138671875
deer 0.98469865 32.9205322265625 147.9676055908203 54.946388244628906 170.0767059326172
deer 0.9749957 57.02650833129883 12.014156341552734 95.10855102539062 49.90957260131836
automobile 0.95834136 61.06320571899414 185.81082153320312 87.09062957763672 211.96746826171875
frog 0.9490552 170.10252380371094 166.04116821289062 191.9910125732422 188.13119506835938
frog 0.94576293 215.0301055908203 135.0033721923828 247.0094757080078 166.88133239746094
cat 0.9206643 144.87586975097656 21.98493194580078 174.0089874267578 51.135093688964844
bird 0.88271797 176.97816467285156 130.9964599609375 206.0222930908203 160.0213623046875
cat 0.7897053 2.1403942108154297 175.142578125 20.96272850036621 193.92962646484375
bird 0.7562136 0.0 19.10274887084961 38.01445770263672 56.976619720458984
deer 0.65634716 215.0301055908203 135.0033721923828 247.0094757080078 166.88133239746094
bird 0.57044816 204.10598754882812 33.10346603393555 232.93301391601562 62.035648345947266
dog 0.56417197 0.19440650939941406 19.569473266601562 37.939109802246094 57.02482604980469
deer 0.52831477 115.08943939208984 58.98277282714844 137.2141876220703 80.97279357910156
frog 0.48583934 173.9821319580078 191.1286163330078 195.95664978027344 213.1616973876953
truck 0.46861786 115.08943939208984 58.98277282714844 137.2141876220703 80.97279357910156
airplane 0.44923395 115.00721740722656 59.06349182128906 137.00531005859375 81.05792236328125
deer 0.40212476 170.10252380371094 166.04116821289062 191.9910125732422 188.13119506835938
frog 0.37909698 177.0489959716797 130.94403076171875 205.9226837158203 159.97119140625
automobile 0.32689175 115.08943939208984 58.98277282714844 137.2141876220703 80.97279357910156
frog 0.29946512 115.08943939208984 58.98277282714844 137.2141876220703 80.97279357910156
bird 0.2934494 173.9821319580078 191.1286163330078 195.95664978027344 213.1616973876953
deer 0.27491128 177.0489959716797 130.94403076171875 205.9226837158203 159.97119140625
frog 0.26529184 145.05455017089844 22.019573211669922 173.97312927246094 51.1642951965332
ship 0.26182437 2.0901851654052734 175.1925811767578 21.011743545532227 193.95362854003906
airplane 0.24789545 203.96121215820312 33.03253936767578 233.08291625976562 61.989898681640625
truck 0.22167435 2.0901851654052734 175.1925811767578 21.011743545532227 193.95362854003906
