airplane 0.99864775 183.02471923828125 82.06623840332031 215.02218627929688 114.18121337890625
truck 0.99690855 143.9266357421875 154.93154907226562 175.95272827148438 187.0006103515625
frog 0.9958153 155.02099609375 9.112601280212402 177.11187744140625 30.993576049804688
dog 0.9939989 33.18486785888672 27.059389114379883 49.090667724609375 43.01179504394531
deer 0.9937232 61.13954162597656 61.99241256713867 89.90437316894531 90.98548889160156
frog 0.9889002 109.17732238769531 5.075063705444336 135.13414001464844 31.13690757751465
frog 0.9879189 80.95279693603516 208.95529174804688 119.04303741455078 246.92526245117188
deer 0.97151995 215.09161376953125 40.006568908691406 240.88262939453125 66.18317413330078
airplane 0.95066196 4.925119400024414 146.9750518798828 20.974599838256836 162.99351501464844
deer 0.9478073 74.07750701904297 97.93138885498047 103.0468978881836 126.89159393310547
bird 0.9405944 29.982213973999023 125.13894653320312 49.03929901123047 143.98446655273438
airplane 0.9121102 98.9733657836914 36.03870391845703 118.07987213134766 54.949012756347656
cat 0.89034295 35.09645080566406 168.1219940185547 50.97034454345703 184.0383758544922
frog 0.6651013 213.93231201171875 196.15139770507812 252.31826782226562 233.693359375
ship 0.6067709 4.984950065612793 146.924560546875 20.913333892822266 163.04827880859375
truck 0.5184702 38.07862091064453 201.07521057128906 59.93522644042969 222.99427795410156
cat 0.49588034 194.0258331298828 158.0880126953125 212.8642120361328 176.99496459960938
frog 0.46148258 111.13965606689453 168.17051696777344 137.00653076171875 193.9893341064453
automobile 0.45338628 38.06709289550781 200.9238739013672 59.75212860107422 223.0032196044922
frog 0.44871005 38.06709289550781 200.9238739013672 59.75212860107422 223.0032196044922
deer 0.44287062 35.09645080566406 168.1219940185547 50.97034454345703 184.0383758544922
cat 0.42761764 213.94549560546875 196.0997314453125 252.1341552734375 234.056640625
truck 0.4209122 111.13965606689453 168.17051696777344 137.00653076171875 193.9893341064453
airplane 0.39550167 30.02924919128418 125.01305389404297 48.958580017089844 143.97303771972656
bird 0.37136835 193.9966583251953 158.09645080566406 212.92408752441406 176.9682159423828
bird 0.3159722 213.94549560546875 196.0997314453125 252.1341552734375 234.056640625
truck 0.31415278 33.19821548461914 27.041946411132812 49.1319465637207 43.00629425048828
deer 0.3139994 213.93231201171875 196.15139770507812 252.31826782226562 233.693359375
bird 0.28307086 215.09161376953125 40.006568908691406 240.88262939453125 66.18317413330078
truck 0.26948786 35.13235855102539 168.1097412109375 51.0090217590332 184.02377319335938
ship 0.26876885 213.94549560546875 196.0997314453125 252.1341552734375 234.056640625
cat 0.2648579 111.14463806152344 168.061279296875 137.0113067626953 193.95263671875
cat 0.2522828 38.06709289550781 200.9238739013672 59.75212860107422 223.0032196044922
ship 0.2474297 98.90538787841797 35.871238708496094 118.0456314086914 54.95213317871094
dog 0.2385979 35.09645080566406 168.1219940185547 50.97034454345703 184.0383758544922
airplane 0.22891006 193.9966583251953 158.09645080566406 212.92408752441406 176.9682159423828
dog 0.20295024 38.06709289550781 200.9238739013672 59.75212860107422 223.0032196044922
deer 0.20281184 98.9733657836914 36.03870391845703 118.07987213134766 54.949012756347656
