frog 0.9976182 200.0736541748047 197.08590698242188 232.1105499267578 228.96783447265625
frog 0.9972582 104.95301818847656 102.20281982421875 131.14723205566406 128.02935791015625
bird 0.99714595 146.9732666015625 158.1121063232422 181.94735717773438 193.05113220214844
frog 0.99687433 42.01060485839844 205.9099884033203 57.87774658203125 221.90858459472656
automobile 0.99616975 31.835466384887695 76.97134399414062 67.20925903320312 112.05462646484375
truck 0.9934826 98.02327728271484 140.15541076660156 130.01034545898438 172.00364685058594
frog 0.9933032 175.9337615966797 23.00788116455078 194.99461364746094 41.953636169433594
automobile 0.99125135 60.31385803222656 203.00973510742188 98.06278991699219 240.88687133789062
truck 0.99038255 178.03196716308594 208.8362274169922 194.03111267089844 225.0779266357422
dog 0.98061466 21.915225982666016 124.05523681640625 41.0200080871582 143.093994140625
frog 0.976993 158.14352416992188 31.132373809814453 174.12258911132812 47.01455307006836
frog 0.94590855 51.01155090332031 139.02401733398438 69.968994140625 157.98388671875
dog 0.9113037 215.00936889648438 135.06234741210938 234.02606201171875 154.04678344726562
bird 0.8691025 73.05686950683594 92.98464965820312 99.43222045898438 119.22154235839844
automobile 0.84227455 1.0932083129882812 116.25440979003906 20.079055786132812 135.01487731933594
frog 0.8197788 198.77517700195312 11.96279525756836 231.04458618164062 44.09785079956055
bird 0.7907895 198.84320068359375 12.043221473693848 231.01007080078125 43.95308303833008
cat 0.6967495 8.096439361572266 93.0360336303711 30.025997161865234 115.05261993408203
automobile 0.62802607 5.243280410766602 196.9683074951172 31.123960494995117 223.0385284423828
truck 0.6110425 8.096439361572266 93.0360336303711 30.025997161865234 115.05261993408203
truck 0.6039169 5.193556785583496 196.9815673828125 31.14684295654297 222.95974731445312
frog 0.5485604 1.0932083129882812 116.25440979003906 20.079055786132812 135.01487731933594
cat 0.5193748 73.05686950683594 92.98464965820312 99.43222045898438 119.22154235839844
truck 0.5020324 1.0932083129882812 116.25440979003906 20.079055786132812 135.01487731933594
airplane 0.48029193 73.10552978515625 92.9189453125 99.125244140625 119.27508544921875
truck 0.45493305 158.13970947265625 31.033714294433594 174.04879760742188 47.02739715576172
automobile 0.42664748 158.13204956054688 31.06706428527832 174.12619018554688 47.028846740722656
automobile 0.3877936 51.083282470703125 139.03677368164062 69.98098754882812 158.10491943359375
deer 0.37042022 73.24116516113281 92.8630599975586 99.28038024902344 119.0593490600586
ship 0.34994906 7.995597839355469 93.00666809082031 30.051315307617188 114.99801635742188
cat 0.32555264 215.00936889648438 135.06234741210938 234.02606201171875 154.04678344726562
frog 0.3240719 178.03196716308594 208.8362274169922 194.03111267089844 225.0779266357422
deer 0.29693037 158.14352416992188 31.132373809814453 174.12258911132812 47.01455307006836
ship 0.2666276 73.24116516113281 92.8630599975586 99.28038024902344 119.0593490600586
frog 0.24206194 73.24116516113281 92.8630599975586 99.28038024902344 119.0593490600586
automobile 0.2283549 8.148957252502441 93.06996154785156 30.222000122070312 114.77783203125
cat 0.20467508 178.06988525390625 208.8979949951172 194.05404663085938 225.0292510986328
