truck 0.99870104 188.0830535888672 214.01416015625 210.1233367919922 236.09963989257812
dog 0.9972646 210.89181518554688 97.03225708007812 239.96755981445312 126.09489440917969
deer 0.9970014 196.12295532226562 150.1946258544922 233.93902587890625 187.89524841308594
automobile 0.99633336 168.12033081054688 58.035133361816406 190.03280639648438 79.8696517944336
airplane 0.9939005 205.89781188964844 50.161956787109375 235.05076599121094 79.13938903808594
bird 0.99288595 120.05951690673828 72.07604217529297 155.00123596191406 106.87796783447266
frog 0.98965883 24.009946823120117 109.08168029785156 59.10377502441406 144.02024841308594
automobile 0.9828756 126.07914733886719 176.01414489746094 142.07054138183594 192.0307159423828
frog 0.978333 79.97523498535156 113.05372619628906 115.14326477050781 147.98204040527344
airplane 0.9704553 12.919601440429688 58.03327178955078 48.05801010131836 93.15364837646484
frog 0.9410537 57.142398834228516 4.999309539794922 79.17494201660156 26.986434936523438
truck 0.9144942 12.050483703613281 175.96849060058594 47.17585754394531 211.10279846191406
airplane 0.86119246 130.98599243164062 200.09780883789062 146.9859619140625 216.08663940429688
automobile 0.8065661 76.15619659423828 80.10102844238281 101.85419464111328 105.5128173828125
automobile 0.6709806 148.14466857910156 149.06002807617188 174.06153869628906 175.21697998046875
cat 0.62908435 84.05765533447266 21.054107666015625 115.97016143798828 53.01240539550781
frog 0.535533 148.14466857910156 149.06002807617188 174.06153869628906 175.21697998046875
automobile 0.42604673 8.915145874023438 216.06541442871094 31.017227172851562 238.1336212158203
automobile 0.42362824 130.98599243164062 200.09780883789062 146.9859619140625 216.08663940429688
dog 0.40609547 83.9343490600586 20.97406768798828 115.95441436767578 53.11962890625
dog 0.37757552 73.18653869628906 170.01023864746094 99.284912109375 196.0913848876953
frog 0.32582864 83.90528106689453 20.990371704101562 116.1321792602539 52.959266662597656
truck 0.29927766 131.00238037109375 200.13330078125 146.98040771484375 216.06320190429688
bird 0.27726158 83.90528106689453 20.990371704101562 116.1321792602539 52.959266662597656
truck 0.2664791 8.880802154541016 215.95826721191406 31.019786834716797 238.12867736816406
bird 0.24569088 8.984429359436035 216.1256103515625 30.899600982666016 238.0509033203125
truck 0.24226937 126.07914733886719 176.01414489746094 142.07054138183594 192.0307159423828
automobile 0.24041468 57.252166748046875 4.861536979675293 79.24266052246094 27.12643051147461
deer 0.21350333 131.00238037109375 200.13330078125 146.98040771484375 216.06320190429688
deer 0.20345992 8.945135116577148 216.00271606445312 31.000329971313477 238.12738037109375
