truck 0.9988712 103.9290771484375 48.08418273925781 133.18865966796875 77.13945007324219
truck 0.9975333 63.351402282714844 48.950889587402344 91.9128189086914 78.06969451904297
ship 0.9973173 128.0542755126953 11.060870170593262 159.9207305908203 42.99992752075195
frog 0.9956545 40.03648376464844 55.865760803222656 56.14939880371094 72.05425262451172
dog 0.99372214 201.9329833984375 84.00365447998047 227.94720458984375 110.03881072998047
frog 0.9904359 88.0271987915039 132.95208740234375 109.97277069091797 154.99374389648438
cat 0.9900427 166.04061889648438 39.040313720703125 191.81231689453125 65.25160217285156
airplane 0.98895216 109.98966979980469 83.18103790283203 138.65011596679688 111.93402862548828
deer 0.98393846 21.003387451171875 27.01667022705078 46.97700500488281 53.088104248046875
frog 0.9795172 145.05226135253906 186.00709533691406 183.06163024902344 224.0168914794922
automobile 0.95842636 213.80703735351562 180.05905151367188 252.09576416015625 217.98257446289062
automobile 0.93701696 3.0560522079467773 73.18588256835938 19.08636474609375 88.99423217773438
cat 0.92995 140.55401611328125 81.1541748046875 174.82293701171875 115.92704772949219
deer 0.9166353 17.16191291809082 148.94366455078125 52.08782196044922 183.97634887695312
frog 0.8972287 144.1963348388672 132.0496368408203 178.9915313720703 167.0606231689453
frog 0.870768 57.01496124267578 24.01360321044922 75.98738861083984 43.055747985839844
ship 0.81410897 125.90471649169922 135.89990234375 141.9545440673828 152.01528930664062
truck 0.73725015 126.01636505126953 135.90309143066406 141.97439575195312 152.00889587402344
automobile 0.66349375 106.0368423461914 160.0199432373047 127.92157745361328 182.07969665527344
bird 0.6265412 57.98843765258789 92.14641571044922 89.99833679199219 124.03910064697266
cat 0.5711484 144.1963348388672 132.0496368408203 178.9915313720703 167.0606231689453
truck 0.55337 105.98966979980469 160.02076721191406 127.97625732421875 182.07362365722656
cat 0.5428482 125.90471649169922 135.89990234375 141.9545440673828 152.01528930664062
truck 0.3655737 3.026137351989746 73.18335723876953 19.008750915527344 88.97940826416016
frog 0.29928887 213.92459106445312 180.0233154296875 252.16317749023438 218.02127075195312
deer 0.2931373 40.03648376464844 55.865760803222656 56.14939880371094 72.05425262451172
automobile 0.2881288 57.05157470703125 24.002967834472656 76.01469421386719 43.02488708496094
bird 0.27638063 215.00137329101562 52.06034851074219 234.12677001953125 70.98967742919922
deer 0.27042288 57.99353790283203 91.94200134277344 90.08292388916016 124.04013061523438
frog 0.2704113 3.0548181533813477 73.18428039550781 19.128314971923828 89.03439331054688
bird 0.24728474 40.03648376464844 55.865760803222656 56.14939880371094 72.05425262451172
deer 0.23602813 125.90471649169922 135.89990234375 141.9545440673828 152.01528930664062
dog 0.2232436 125.90471649169922 135.89990234375 141.9545440673828 152.01528930664062
dog 0.22204602 214.94158935546875 51.91639709472656 234.01925659179688 71.15463256835938
automobile 0.21770406 40.03648376464844 55.865760803222656 56.14939880371094 72.05425262451172
dog 0.2061528 144.1963348388672 132.0496368408203 178.9915313720703 167.0606231689453
