frog 0.99742997 119.14476013183594 34.35912322998047 145.2334442138672 60.01128387451172
automobile 0.99680156 182.93331909179688 30.007246017456055 220.941162109375 67.80857849121094
automobile 0.99504817 121.91334533691406 0.9914226531982422 154.0829620361328 33.006988525390625
frog 0.9918926 53.052833557128906 187.17176818847656 71.94557189941406 206.0917510986328
bird 0.98462 28.095542907714844 214.1485137939453 59.94941711425781 245.99598693847656
dog 0.98460877 75.74136352539062 176.00738525390625 114.08216857910156 214.0185546875
truck 0.9824859 11.092756271362305 117.1523208618164 46.024810791015625 151.9086151123047
dog 0.96492153 24.079790115356445 75.20023345947266 49.886207580566406 100.96723175048828
bird 0.95899415 138.98944091796875 103.11785888671875 174.15484619140625 138.20301818847656
cat 0.9345634 214.0666046142578 215.01849365234375 251.9532928466797 252.84158325195312
frog 0.9105927 108.0555419921875 61.11138153076172 145.9326934814453 98.99665069580078
automobile 0.88334155 128.251708984375 198.05865478515625 154.15362548828125 224.04721069335938
deer 0.8732346 139.06332397460938 147.137939453125 177.1246337890625 184.9732666015625
airplane 0.80689913 215.13839721679688 123.01986694335938 240.92999267578125 148.96713256835938
deer 0.7966212 183.0856475830078 90.96145629882812 212.0353546142578 119.95721435546875
cat 0.77528083 178.8638458251953 194.12753295898438 207.9470977783203 223.087158203125
airplane 0.7705557 85.15193939208984 118.04643249511719 113.90827178955078 146.9863739013672
bird 0.76908195 57.11288833618164 37.92572784423828 94.86351013183594 76.0945053100586
truck 0.7202661 215.13839721679688 123.01986694335938 240.92999267578125 148.96713256835938
truck 0.64858985 12.99557113647461 44.083106994628906 31.889007568359375 62.987220764160156
frog 0.62103087 178.8638458251953 194.12753295898438 207.9470977783203 223.087158203125
frog 0.5861857 57.187477111816406 37.91032409667969 94.80504608154297 75.98645782470703
frog 0.454414 28.14708709716797 214.10890197753906 59.97693634033203 245.97181701660156
bird 0.43265286 108.0555419921875 61.11138153076172 145.9326934814453 98.99665069580078
airplane 0.36206 139.0454864501953 147.1941375732422 177.0047149658203 184.9330596923828
frog 0.35355735 85.15193939208984 118.04643249511719 113.90827178955078 146.9863739013672
deer 0.34505343 128.17758178710938 198.1273193359375 154.12411499023438 223.98812866210938
bird 0.3128266 85.15193939208984 118.04643249511719 113.90827178955078 146.9863739013672
deer 0.29252195 159.09649658203125 54.090267181396484 177.96038818359375 73.02594757080078
frog 0.2547556 138.98944091796875 103.11785888671875 174.15484619140625 138.20301818847656
frog 0.24387884 159.05923461914062 54.243431091308594 177.98577880859375 73.0582504272461
frog 0.23228604 183.11428833007812 91.10362243652344 211.93072509765625 119.97224426269531
ship 0.23194277 138.98681640625 147.21237182617188 177.19146728515625 184.94802856445312
automobile 0.22908846 215.13839721679688 123.01986694335938 240.92999267578125 148.96713256835938
deer 0.20674855 85.15193939208984 118.04643249511719 113.90827178955078 146.9863739013672
bird 0.2057577 178.8638458251953 194.12753295898438 207.9470977783203 223.087158203125
deer 0.20057479 178.8638458251953 194.12753295898438 207.9470977783203 223.087158203125
