frog 0.99942863 163.05380249023438 121.09635925292969 192.02633666992188 149.83717346191406
frog 0.9984945 203.9805908203125 115.0599365234375 232.95462036132812 144.0792236328125
ship 0.9976728 123.12138366699219 91.0655746459961 145.0169219970703 113.0008773803711
automobile 0.9976622 213.02444458007812 161.956298828125 231.84005737304688 181.19570922851562
truck 0.9971907 152.0198516845703 204.16087341308594 174.0264129638672 226.03199768066406
dog 0.9971081 122.98109436035156 176.20538330078125 145.04981994628906 197.92630004882812
bird 0.9961276 204.0228729248047 49.09639358520508 226.07740783691406 71.0893783569336
truck 0.9956905 39.0419921875 38.07014465332031 58.066551208496094 56.98797607421875
frog 0.9952333 99.11361694335938 211.2190704345703 121.00634765625 233.1133575439453
dog 0.9921833 21.93059539794922 72.14105987548828 47.93726348876953 98.04656219482422
airplane 0.9910387 7.012262344360352 201.10543823242188 42.186729431152344 235.89334106445312
deer 0.9905803 123.06522369384766 25.871200561523438 158.0644073486328 60.94132995605469
truck 0.97987914 176.07997131347656 157.9423828125 208.0115203857422 190.09075927734375
frog 0.9327873 160.8147735595703 66.10448455810547 192.99012756347656 98.12113189697266
automobile 0.918407 51.04854202270508 184.02952575683594 76.97279357910156 210.13380432128906
truck 0.8736628 187.07180786132812 212.27377319335938 225.16128540039062 250.15762329101562
frog 0.86730206 52.10948181152344 125.06401824951172 71.06747436523438 143.9724884033203
truck 0.7023534 87.09040832519531 166.2429656982422 112.93031311035156 192.1769256591797
automobile 0.3789817 87.17884826660156 166.23829650878906 113.02326965332031 192.1583709716797
automobile 0.33773965 186.95950317382812 212.4346160888672 225.0455322265625 250.14439392089844
cat 0.32913107 52.039512634277344 125.10335540771484 71.08879089355469 143.95347595214844
truck 0.20175394 51.09949493408203 184.24107360839844 76.99176788330078 210.0356903076172
