frog 0.99902153 102.8602523803711 125.05452728271484 132.00730895996094 153.874755859375
truck 0.99849963 42.98856735229492 196.80645751953125 78.00079345703125 231.83798217773438
automobile 0.9973924 111.91081237792969 64.06201171875 150.0424346923828 102.1044921875
deer 0.9945779 36.99151611328125 132.93954467773438 75.0152359008789 170.93545532226562
automobile 0.9936695 98.8944091796875 16.808523178100586 137.03289794921875 54.919700622558594
airplane 0.9859847 2.1695947647094727 182.16384887695312 34.13632583618164 214.18154907226562
ship 0.9848163 190.13880920410156 81.05780029296875 215.9928741455078 107.39114379882812
deer 0.9843757 6.018024444580078 0.8145084381103516 38.050655364990234 32.920166015625
airplane 0.98433447 91.08533477783203 211.2156524658203 129.065185546875 249.0159454345703
automobile 0.980924 76.84768676757812 144.10133361816406 99.03042602539062 165.91600036621094
dog 0.9791025 187.18057250976562 160.18792724609375 216.12448120117188 188.91970825195312
airplane 0.96218807 56.92353057861328 46.074913024902344 95.0018081665039 84.0949935913086
airplane 0.8978309 159.15435791015625 207.27529907226562 177.9837646484375 225.8350830078125
dog 0.7922642 183.85121154785156 35.987770080566406 206.09629821777344 57.83522033691406
automobile 0.7306862 209.09115600585938 124.26765441894531 244.02713012695312 158.8699188232422
ship 0.6162477 13.011322975158691 101.9919204711914 35.21031188964844 124.21112823486328
deer 0.54446256 13.011322975158691 101.9919204711914 35.21031188964844 124.21112823486328
truck 0.49158558 2.1695947647094727 182.16384887695312 34.13632583618164 214.18154907226562
airplane 0.4218096 13.011322975158691 101.9919204711914 35.21031188964844 124.21112823486328
automobile 0.31442744 159.14788818359375 207.2573699951172 177.95574951171875 225.8627166748047
bird 0.31284332 13.011322975158691 101.9919204711914 35.21031188964844 124.21112823486328
automobile 0.21884525 13.011322975158691 101.9919204711914 35.21031188964844 124.21112823486328
truck 0.21549165 159.14788818359375 207.2573699951172 177.95574951171875 225.8627166748047
