automobile 0.9987402 51.06913757324219 86.2081069946289 73.09229278564453 108.1164779663086
airplane 0.99817735 116.93885803222656 66.17864227294922 149.17283630371094 97.9643783569336
dog 0.99493146 31.243629455566406 216.06871032714844 57.0162353515625 242.0808868408203
dog 0.9934524 121.27003479003906 191.0220947265625 156.0239715576172 226.08267211914062
dog 0.99231076 80.9529037475586 193.94711303710938 118.31314849853516 232.13253784179688
frog 0.99037105 15.104097366333008 3.3442115783691406 53.00505828857422 41.00777053833008
frog 0.98878384 25.071754455566406 123.12169647216797 62.97265625 160.9538116455078
frog 0.9876433 134.17822265625 145.1251983642578 171.92034912109375 182.9971160888672
bird 0.9844086 180.91517639160156 171.93002319335938 210.13209533691406 200.97525024414062
frog 0.981583 0.0626983642578125 47.958702087402344 37.891876220703125 85.88553619384766
airplane 0.97980195 171.10958862304688 48.002689361572266 206.01812744140625 82.87548828125
bird 0.96620464 209.2402801513672 117.94152069091797 244.03929138183594 153.067626953125
cat 0.9527297 208.99884033203125 209.19566345214844 244.0106201171875 244.0597686767578
frog 0.8512841 163.05255126953125 213.02474975585938 185.029296875 235.0887451171875
cat 0.8437282 55.021968841552734 46.165618896484375 89.93928527832031 81.01495361328125
bird 0.779636 164.12664794921875 122.00424194335938 183.12106323242188 140.94699096679688
frog 0.68590486 24.107322692871094 173.26365661621094 56.05909729003906 205.1005401611328
deer 0.40334043 54.97813415527344 46.17369079589844 90.0330810546875 81.03125762939453
frog 0.28981316 55.19444274902344 46.15167236328125 90.09591674804688 81.03158569335938
frog 0.28604287 164.12664794921875 122.00424194335938 183.12106323242188 140.94699096679688
automobile 0.27425927 127.06209564208984 16.05425262451172 162.05404663085938 50.95287322998047
bird 0.25304097 24.107322692871094 173.26365661621094 56.05909729003906 205.1005401611328
bird 0.2479896 163.04013061523438 212.97451782226562 184.96731567382812 234.8907470703125
truck 0.23878238 208.99884033203125 209.19566345214844 244.0106201171875 244.0597686767578
deer 0.21096742 209.2402801513672 117.94152069091797 244.03929138183594 153.067626953125
