truck 0.99868405 208.07371520996094 204.07586669921875 229.9796600341797 226.0230712890625
bird 0.996879 144.0311279296875 29.002063751220703 176.04559326171875 61.083553314208984
bird 0.9961829 176.12510681152344 105.08881378173828 202.1482391357422 131.08824157714844
automobile 0.99420255 199.0529022216797 70.22227478027344 227.97352600097656 98.99334716796875
airplane 0.98910224 210.98739624023438 124.10565185546875 242.96795654296875 156.02182006835938
ship 0.9846596 113.10968017578125 72.04917907714844 148.10455322265625 106.99305725097656
airplane 0.97702247 97.103759765625 163.99720764160156 131.878173828125 199.13414001464844
truck 0.9764464 185.92459106445312 179.8382568359375 208.0194091796875 202.03106689453125
ship 0.965024 80.95829772949219 101.18194580078125 99.99790954589844 119.921142578125
deer 0.93895197 125.12063598632812 116.99742126464844 163.10098266601562 155.06980895996094
frog 0.93629897 151.9640350341797 192.0819549560547 177.95042419433594 218.1173553466797
bird 0.9179865 50.01640319824219 209.02706909179688 85.14141845703125 244.08590698242188
truck 0.90722895 22.071834564208984 137.10801696777344 50.9460563659668 166.03163146972656
frog 0.8603056 36.96764373779297 36.111175537109375 63.05186462402344 62.126861572265625
airplane 0.7771528 22.08200454711914 137.18515014648438 50.89363479614258 165.99282836914062
truck 0.69894856 105.1461410522461 202.8436279296875 123.94698333740234 222.14654541015625
dog 0.65606755 105.1461410522461 202.8436279296875 123.94698333740234 222.14654541015625
deer 0.65336204 83.08807373046875 14.058757781982422 121.07723999023438 52.030025482177734
frog 0.6480797 179.03575134277344 23.968524932861328 198.1303253173828 43.04867935180664
automobile 0.5655727 60.969932556152344 115.21639251708984 77.08643341064453 130.8472442626953
automobile 0.5428563 179.1105499267578 24.080032348632812 198.0229949951172 43.015892028808594
frog 0.45901313 50.01640319824219 209.02706909179688 85.14141845703125 244.08590698242188
deer 0.39447486 36.96764373779297 36.111175537109375 63.05186462402344 62.126861572265625
bird 0.3929013 179.1105499267578 24.080032348632812 198.0229949951172 43.015892028808594
automobile 0.36792454 80.95829772949219 101.18194580078125 99.99790954589844 119.921142578125
automobile 0.3663442 105.1441650390625 202.59658813476562 123.90225219726562 222.16326904296875
cat 0.35109347 83.17060089111328 13.61800765991211 120.6493911743164 52.03725051879883
deer 0.32711607 179.06898498535156 24.00627326965332 198.06044006347656 42.991065979003906
airplane 0.30782014 60.969932556152344 115.21639251708984 77.08643341064453 130.8472442626953
cat 0.28804094 105.1461410522461 202.8436279296875 123.94698333740234 222.14654541015625
frog 0.2628104 105.1461410522461 202.8436279296875 123.94698333740234 222.14654541015625
airplane 0.2555575 83.17060089111328 13.61800765991211 120.6493911743164 52.03725051879883
frog 0.2502206 83.17060089111328 13.61800765991211 120.6493911743164 52.03725051879883
deer 0.23046744 105.1461410522461 202.8436279296875 123.94698333740234 222.14654541015625
ship 0.22239003 105.1441650390625 202.59658813476562 123.90225219726562 222.16326904296875
truck 0.21228623 60.969932556152344 115.21639251708984 77.08643341064453 130.8472442626953
ship 0.20527005 83.298095703125 13.936725616455078 120.74542236328125 52.2463493347168
ship 0.20219052 60.969932556152344 115.21639251708984 77.08643341064453 130.8472442626953
