bird 0.9980471 43.26127243041992 5.660130500793457 75.07840728759766 37.07111740112305
automobile 0.9980031 33.9284553527832 137.04974365234375 62.8656120300293 166.09628295898438
truck 0.99774957 37.031105041503906 43.077369689941406 53.01786804199219 58.979766845703125
ship 0.99710894 196.9301300048828 99.061279296875 226.01649475097656 127.91488647460938
truck 0.99620134 205.0479278564453 32.11113357543945 237.0909881591797 63.954219818115234
airplane 0.9941882 208.12779235839844 192.94337463378906 234.01768493652344 218.91603088378906
frog 0.99037004 163.93157958984375 205.1260528564453 202.15280151367188 243.15357971191406
frog 0.98762727 160.0931854248047 51.27412033081055 186.0565643310547 77.09474182128906
ship 0.9859842 4.094594955444336 208.13973999023438 42.16059112548828 246.2147216796875
airplane 0.966712 183.08778381347656 164.00460815429688 202.1395721435547 183.06442260742188
deer 0.94396484 88.93408966064453 24.01130485534668 127.0978012084961 61.989959716796875
deer 0.890519 145.09779357910156 130.07032775878906 174.01414489746094 159.0004425048828
frog 0.8426689 211.26914978027344 158.0237579345703 237.0255889892578 184.10865783691406
deer 0.8382287 81.09718322753906 145.93594360351562 118.92886352539062 183.90380859375
frog 0.83686507 107.00801086425781 66.0363540649414 144.9475555419922 104.0179672241211
bird 0.6017731 107.03926086425781 65.99539184570312 145.11045837402344 104.07241821289062
deer 0.51803464 47.14094924926758 72.02699279785156 81.86221313476562 107.07981872558594
frog 0.45396858 0.06012535095214844 68.99718475341797 37.89628601074219 107.00708770751953
airplane 0.43009126 0.0 69.1033935546875 38.02223205566406 106.89268493652344
deer 0.4061761 0.0 68.95285034179688 37.87251663208008 106.96267700195312
truck 0.40197515 47.16743469238281 72.09532165527344 81.94468688964844 106.85125732421875
ship 0.35692275 0.04153633117675781 68.99817657470703 37.88324737548828 106.88289642333984
frog 0.29261255 81.0818862915039 145.9473114013672 118.98804473876953 183.5569305419922
airplane 0.28711993 47.080047607421875 72.08073425292969 81.97224426269531 106.9100341796875
deer 0.26019925 139.00746154785156 18.005390167236328 171.18690490722656 50.00465774536133
ship 0.20884794 81.17113494873047 145.98876953125 119.04199981689453 183.95599365234375
bird 0.20770827 0.0 69.1033935546875 38.02223205566406 106.89268493652344
