truck 0.99754846 37.02184295654297 179.12261962890625 58.99652862548828 201.01779174804688
frog 0.9974117 210.1458740234375 211.9282989501953 238.97213745117188 241.0867462158203
bird 0.9972321 32.03818893432617 56.986854553222656 63.89387893676758 88.86223602294922
ship 0.99620605 120.98836517333984 158.11883544921875 143.09153747558594 180.05453491210938
airplane 0.9933729 3.10024356842041 84.99525451660156 29.24048614501953 111.03726196289062
airplane 0.9918158 96.09723663330078 54.958229064941406 122.06363677978516 80.8276596069336
automobile 0.9911369 170.08370971679688 31.075862884521484 188.90679931640625 49.96365737915039
frog 0.99001133 33.110260009765625 104.11138153076172 61.870697021484375 132.95370483398438
frog 0.9879824 206.0799102783203 46.99201202392578 240.91722106933594 81.90755462646484
bird 0.9862348 199.9387969970703 165.1013641357422 228.99119567871094 194.0955352783203
frog 0.9854089 121.91134643554688 128.88304138183594 137.97113037109375 145.0326385498047
airplane 0.9809098 133.05221557617188 88.05648803710938 159.14895629882812 113.99954223632812
deer 0.97542524 77.92408752441406 215.1916046142578 112.99223327636719 250.05982971191406
ship 0.9713824 64.01913452148438 172.27142333984375 90.06294250488281 197.9908447265625
truck 0.9431218 161.04730224609375 101.11547088623047 199.04925537109375 139.06529235839844
frog 0.86441875 103.01624298095703 29.131526947021484 124.9126968383789 51.085750579833984
ship 0.7687347 87.08150482177734 108.00928497314453 116.01493072509766 137.07965087890625
frog 0.7545055 152.12060546875 150.03224182128906 177.99273681640625 175.95909118652344
deer 0.49271813 103.0577163696289 29.09869384765625 124.90499114990234 51.11388397216797
frog 0.3666356 161.04730224609375 101.11547088623047 199.04925537109375 139.06529235839844
cat 0.3275353 87.08150482177734 108.00928497314453 116.01493072509766 137.07965087890625
truck 0.32332408 87.08150482177734 108.00928497314453 116.01493072509766 137.07965087890625
airplane 0.2305603 87.03893280029297 108.0539321899414 116.04541778564453 137.2071990966797
automobile 0.22109401 152.12060546875 150.03224182128906 177.99273681640625 175.95909118652344
frog 0.2204502 77.924560546875 215.163330078125 113.00657653808594 250.10870361328125
bird 0.20238042 102.9881820678711 29.167217254638672 125.01676177978516 51.16243362426758
