airplane 0.9989849 18.026973724365234 49.00504684448242 47.04753494262695 78.0858154296875
frog 0.9986005 24.213010787963867 123.10749816894531 52.98516845703125 151.9436798095703
frog 0.9962107 102.02053833007812 66.06512451171875 133.9407501220703 97.99563598632812
deer 0.9894576 172.02597045898438 141.01600646972656 210.09896850585938 179.1412811279297
automobile 0.9610449 75.16793823242188 123.2114028930664 94.14669799804688 141.70440673828125
frog 0.9525279 192.12277221679688 75.13794708251953 227.06011962890625 110.18465423583984
frog 0.9457358 133.05751037597656 36.105796813964844 155.0299835205078 58.067222595214844
cat 0.9406253 65.79473876953125 203.19168090820312 104.14224243164062 241.22564697265625
deer 0.8937323 194.02500915527344 11.121037483215332 216.1171417236328 33.015811920166016
deer 0.8896994 158.79124450683594 41.14546203613281 187.91175842285156 70.06527709960938
deer 0.8534393 143.99501037597656 96.207763671875 178.9369659423828 130.98114013671875
airplane 0.84614396 4.122790336608887 96.94883728027344 26.09917449951172 119.30018615722656
frog 0.8190733 40.14599609375 170.0224609375 72.00910949707031 201.9674072265625
cat 0.76424634 29.076658248901367 3.1542930603027344 63.80952453613281 38.069210052490234
airplane 0.7447212 110.03068542480469 210.160400390625 135.87994384765625 235.94366455078125
frog 0.7411639 158.79124450683594 41.14546203613281 187.91175842285156 70.06527709960938
ship 0.73646927 4.122790336608887 96.94883728027344 26.09917449951172 119.30018615722656
truck 0.70778877 11.997210502624512 215.9709930419922 31.056861877441406 235.10032653808594
bird 0.6273182 40.14599609375 170.0224609375 72.00910949707031 201.9674072265625
truck 0.52232724 80.09892272949219 143.14669799804688 115.01707458496094 178.04507446289062
dog 0.4622469 29.11614227294922 3.2168407440185547 63.84436798095703 38.190650939941406
dog 0.40382996 40.14599609375 170.0224609375 72.00910949707031 201.9674072265625
frog 0.3895377 65.80928802490234 203.21463012695312 103.71202850341797 241.08319091796875
deer 0.37810752 192.11097717285156 75.15208435058594 226.98399353027344 110.00144958496094
bird 0.36635947 194.1527862548828 11.123429298400879 215.82286071777344 33.124813079833984
frog 0.34903097 109.985107421875 210.24314880371094 135.90440368652344 235.97377014160156
deer 0.3435126 80.09892272949219 143.14669799804688 115.01707458496094 178.04507446289062
dog 0.29565004 80.0133056640625 143.18240356445312 114.90028381347656 178.07394409179688
ship 0.2836312 29.11614227294922 3.2168407440185547 63.84436798095703 38.190650939941406
truck 0.24968141 109.80972290039062 210.13209533691406 135.81724548339844 236.01353454589844
deer 0.2255798 40.14599609375 170.0224609375 72.00910949707031 201.9674072265625
automobile 0.20782062 40.14599609375 170.0224609375 72.00910949707031 201.9674072265625
