ship 0.99895245 16.06057357788086 137.20266723632812 48.005374908447266 169.15628051757812
truck 0.9981997 85.99229431152344 77.09942626953125 115.10609436035156 106.083740234375
dog 0.99642897 55.05857849121094 27.009838104248047 84.08538818359375 56.05259323120117
dog 0.9952397 9.038381576538086 81.03548431396484 43.92603302001953 116.09232330322266
ship 0.9950154 57.99943161010742 90.99703979492188 74.01052856445312 107.07806396484375
airplane 0.9921775 59.99824523925781 115.97409057617188 89.07589721679688 144.88943481445312
frog 0.99121886 83.96554565429688 183.01304626464844 105.99249267578125 205.00379943847656
cat 0.9881549 180.1356658935547 62.98170471191406 211.9268035888672 95.01763916015625
frog 0.9549501 134.23471069335938 55.952537536621094 172.01934814453125 94.0359878540039
frog 0.9351107 116.98792266845703 204.9337921142578 148.9536590576172 236.95289611816406
bird 0.9088688 185.05079650878906 6.024003982543945 211.0304718017578 32.03547668457031
frog 0.8847046 167.0540771484375 101.02368927001953 199.17153930664062 133.0658416748047
cat 0.7855897 110.08226013183594 181.2003936767578 129.01290893554688 199.96180725097656
bird 0.76851547 16.988000869750977 178.0740509033203 39.022483825683594 199.9871063232422
truck 0.627226 130.91799926757812 151.02235412597656 168.95465087890625 189.1311798095703
automobile 0.54510766 130.80357360839844 150.9716033935547 168.9666290283203 189.0774688720703
frog 0.404124 17.020240783691406 178.07972717285156 38.90848922729492 200.0975799560547
truck 0.40408117 110.08226013183594 181.2003936767578 129.01290893554688 199.96180725097656
airplane 0.39594215 12.177623748779297 34.10870361328125 30.91961669921875 52.999183654785156
airplane 0.38032776 95.01637268066406 17.051559448242188 121.0257568359375 43.19634246826172
dog 0.35035822 117.01319122314453 204.81695556640625 148.94100952148438 237.08758544921875
dog 0.2975875 110.0802993774414 181.12940979003906 128.95811462402344 199.9094696044922
deer 0.26833487 95.087646484375 17.013113021850586 121.09524536132812 43.139892578125
bird 0.24175018 12.198681831359863 34.094032287597656 30.923282623291016 52.92963409423828
deer 0.24173072 12.198681831359863 34.094032287597656 30.923282623291016 52.92963409423828
deer 0.23768437 185.05079650878906 6.024003982543945 211.0304718017578 32.03547668457031
dog 0.23381138 134.10906982421875 33.117103576660156 153.08230590820312 52.40174865722656
bird 0.21442735 134.0234375 55.99679946899414 171.96865844726562 94.05091857910156
automobile 0.20503476 134.01097106933594 55.882225036621094 171.85621643066406 93.9509048461914
