frog 0.9962933 20.102266311645508 9.09583854675293 51.947364807128906 40.97303009033203
ship 0.9956317 149.1245574951172 175.3041534423828 167.85252380371094 193.94871520996094
frog 0.99563026 122.92249298095703 128.07887268066406 149.02833557128906 154.07093811035156
airplane 0.9953648 162.11485290527344 131.04483032226562 183.96205139160156 152.9932861328125
airplane 0.9943884 31.17326545715332 63.1509895324707 56.94872283935547 89.17395782470703
bird 0.99303055 160.08804321289062 13.951478958129883 188.99081420898438 42.85467529296875
frog 0.98354423 195.1275177001953 65.02598571777344 233.04222106933594 103.05194091796875
bird 0.9830575 68.98945617675781 77.12273406982422 104.03060913085938 111.98140716552734
dog 0.98299384 190.90834045410156 9.009750366210938 228.8574981689453 46.82331848144531
airplane 0.9816774 181.111328125 210.1015625 199.9805908203125 229.04196166992188
frog 0.9611633 145.22972106933594 208.11630249023438 179.9921417236328 243.13027954101562
frog 0.93348074 128.11981201171875 97.04380798339844 157.09808349609375 126.0394287109375
cat 0.9188968 81.14378356933594 133.12081909179688 107.00253295898438 159.03659057617188
bird 0.9161271 109.95460510253906 162.97776794433594 128.969970703125 181.93443298339844
dog 0.88647354 108.05088806152344 63.10066604614258 140.00563049316406 95.09568786621094
deer 0.7985045 42.06226348876953 203.0720977783203 79.90755462646484 241.05445861816406
automobile 0.7062478 15.084248542785645 177.06370544433594 34.032875061035156 196.0138397216797
airplane 0.686018 184.12545776367188 154.02162170410156 210.31857299804688 180.0290069580078
airplane 0.43733263 109.95460510253906 162.97776794433594 128.969970703125 181.93443298339844
deer 0.40419072 109.95460510253906 162.97776794433594 128.969970703125 181.93443298339844
airplane 0.40371242 15.056129455566406 177.1175994873047 34.0341682434082 196.06776428222656
bird 0.35565943 195.1275177001953 65.02598571777344 233.04222106933594 103.05194091796875
bird 0.3445397 41.95791244506836 203.14373779296875 79.95062255859375 240.95547485351562
frog 0.33176005 81.14378356933594 133.12081909179688 107.00253295898438 159.03659057617188
truck 0.32260948 184.12545776367188 154.02162170410156 210.31857299804688 180.0290069580078
airplane 0.2696154 41.95791244506836 203.14373779296875 79.95062255859375 240.95547485351562
frog 0.261091 42.05116271972656 203.23806762695312 79.99983215332031 240.99703979492188
deer 0.25967872 15.084248542785645 177.06370544433594 34.032875061035156 196.0138397216797
frog 0.2558524 191.0176544189453 9.197538375854492 228.91819763183594 46.95826721191406
deer 0.24195436 128.09967041015625 97.13377380371094 157.10079956054688 126.12586975097656
dog 0.23368189 15.084248542785645 177.06370544433594 34.032875061035156 196.0138397216797
ship 0.20975146 184.12545776367188 154.02162170410156 210.31857299804688 180.0290069580078
frog 0.20360199 15.084248542785645 177.06370544433594 34.032875061035156 196.0138397216797
frog 0.20351717 108.05088806152344 63.10066604614258 140.00563049316406 95.09568786621094
