automobile 0.9990999 1.9601631164550781 177.14849853515625 23.990833282470703 199.03048706054688
ship 0.9982127 53.97251892089844 53.13250732421875 79.87870788574219 79.00613403320312
automobile 0.9979889 199.99427795410156 214.1184844970703 222.09303283691406 235.9582061767578
automobile 0.99683535 34.024932861328125 166.09027099609375 53.05132293701172 185.09512329101562
airplane 0.9967501 22.072782516479492 94.95943450927734 48.113037109375 121.00350189208984
frog 0.992646 115.18266296386719 55.92818069458008 152.94789123535156 94.01792907714844
frog 0.99059844 94.01995849609375 143.0819091796875 129.157958984375 178.09194946289062
bird 0.977553 163.0228729248047 15.942205429077148 194.97935485839844 48.104278564453125
bird 0.97548485 193.04054260253906 66.34334564208984 230.8405303955078 103.9004898071289
automobile 0.95529485 147.1154327392578 96.28465270996094 176.10313415527344 124.97370910644531
cat 0.9420514 85.03599548339844 76.1741943359375 103.99893188476562 94.8468017578125
airplane 0.89722365 87.18925476074219 100.07543182373047 102.98153686523438 115.99004364013672
deer 0.8803262 53.937374114990234 147.03729248046875 76.11708068847656 169.04547119140625
truck 0.8489305 190.0400390625 105.16947937011719 208.99130249023438 123.9951171875
deer 0.8373207 121.89939880371094 8.061460494995117 141.04808044433594 27.087263107299805
cat 0.81533885 12.99742317199707 16.9700927734375 35.07007598876953 38.96129608154297
frog 0.80735695 12.984550476074219 17.002859115600586 35.05960464477539 38.99207305908203
deer 0.7958503 213.07997131347656 7.067136764526367 247.8717803955078 41.897132873535156
automobile 0.68688744 53.67595672607422 147.0464630126953 76.12291717529297 169.08445739746094
frog 0.6810732 132.96768188476562 164.86392211914062 162.07025146484375 194.10455322265625
frog 0.64289623 136.12637329101562 135.12660217285156 162.08074951171875 161.39671325683594
frog 0.60626674 193.1244354248047 186.094482421875 214.99290466308594 208.07034301757812
truck 0.56960905 147.10836791992188 96.21150970458984 176.07098388671875 124.93024444580078
airplane 0.5345533 163.0228729248047 15.942205429077148 194.97935485839844 48.104278564453125
bird 0.5068411 213.08502197265625 7.161108016967773 247.90121459960938 41.86565399169922
frog 0.41037306 121.89939880371094 8.061460494995117 141.04808044433594 27.087263107299805
cat 0.36674854 121.89939880371094 8.061460494995117 141.04808044433594 27.087263107299805
cat 0.36515686 87.18761444091797 99.98062133789062 102.99370574951172 116.00912475585938
deer 0.34421808 163.0309600830078 15.951919555664062 194.9872283935547 48.14110565185547
automobile 0.33151332 190.0400390625 105.16947937011719 208.99130249023438 123.9951171875
truck 0.32739747 132.96768188476562 164.86392211914062 162.07025146484375 194.10455322265625
truck 0.30167603 136.12637329101562 135.12660217285156 162.08074951171875 161.39671325683594
deer 0.2924454 190.010009765625 105.24729919433594 208.91400146484375 124.00119018554688
automobile 0.2877894 136.12637329101562 135.12660217285156 162.08074951171875 161.39671325683594
ship 0.2820074 121.89939880371094 8.061460494995117 141.04808044433594 27.087263107299805
frog 0.27976623 189.98092651367188 105.192138671875 209.06378173828125 124.03251647949219
ship 0.2633193 87.1895523071289 100.0313491821289 103.00371551513672 115.97803497314453
automobile 0.25269067 87.18925476074219 100.07543182373047 102.98153686523438 115.99004364013672
ship 0.2135998 162.97079467773438 15.908365249633789 194.98898315429688 48.07597351074219
