ship 0.9993856 155.1514892578125 94.07431030273438 176.95648193359375 116.01509094238281
automobile 0.99883497 184.0048065185547 79.17234802246094 216.0123748779297 111.22077941894531
ship 0.9976206 6.770299911499023 48.089019775390625 42.039581298828125 82.92694091796875
bird 0.9971712 67.10362243652344 199.0028533935547 98.9083251953125 230.9994659423828
frog 0.9953182 4.121100425720215 98.98204040527344 26.030170440673828 120.9964599609375
airplane 0.9950163 53.127445220947266 2.00531005859375 74.90864562988281 24.146268844604492
bird 0.9915861 142.99859619140625 195.2008819580078 172.06710815429688 224.0265655517578
deer 0.9912387 208.058837890625 16.94987678527832 224.06732177734375 32.96678161621094
cat 0.98676544 51.99477767944336 132.1170654296875 74.07302856445312 153.95779418945312
frog 0.98660934 102.0 59.14036560058594 130.85916137695312 87.94877624511719
ship 0.98465663 189.08155822753906 116.79092407226562 215.0107879638672 142.9544677734375
bird 0.96837324 152.9317626953125 149.01483154296875 179.077392578125 175.07376098632812
automobile 0.954365 181.95831298828125 189.82113647460938 207.95541381835938 216.02230834960938
cat 0.91265404 147.9587860107422 14.1630277633667 177.0045928955078 42.92341232299805
frog 0.8465725 1.8495330810546875 186.12078857421875 40.15323257446289 224.02737426757812
truck 0.79924446 81.21102142333984 23.01498031616211 109.98839569091797 51.899295806884766
frog 0.7043674 181.95831298828125 189.82113647460938 207.95541381835938 216.02230834960938
cat 0.62753177 1.9153804779052734 186.0728302001953 40.13006591796875 224.0299835205078
frog 0.6071491 147.9587860107422 14.1630277633667 177.0045928955078 42.92341232299805
ship 0.52825654 191.19517517089844 155.98487854003906 212.9486846923828 178.01792907714844
cat 0.51341486 191.2998809814453 155.90821838378906 212.9484405517578 177.7760467529297
dog 0.5027212 81.3062973022461 23.006420135498047 109.98580169677734 51.85647964477539
automobile 0.47197124 189.08155822753906 116.79092407226562 215.0107879638672 142.9544677734375
frog 0.4514082 94.00947570800781 126.1790542602539 132.0494842529297 163.97633361816406
dog 0.44644654 191.19517517089844 155.98487854003906 212.9486846923828 178.01792907714844
automobile 0.4105143 94.11028289794922 125.9076156616211 131.42880249023438 163.8042755126953
truck 0.3764485 191.2998809814453 155.90821838378906 212.9484405517578 177.7760467529297
bird 0.31670898 93.93695831298828 126.11901092529297 131.9486846923828 163.87008666992188
deer 0.28457206 94.00947570800781 126.1790542602539 132.0494842529297 163.97633361816406
airplane 0.2750865 94.11028289794922 125.9076156616211 131.42880249023438 163.8042755126953
automobile 0.25024682 191.2998809814453 155.90821838378906 212.9484405517578 177.7760467529297
truck 0.24730024 93.9598388671875 126.0849609375 131.88650512695312 163.8692626953125
