automobile 0.9987608 175.06849670410156 71.92863464355469 197.0622100830078 94.07266235351562
automobile 0.99759454 208.92938232421875 170.02130126953125 231.02456665039062 191.98898315429688
automobile 0.9970176 175.09402465820312 113.0373764038086 207.03689575195312 144.94061279296875
truck 0.99692595 110.9716567993164 167.9665069580078 136.985107421875 194.01564025878906
deer 0.9960607 122.99562072753906 58.15961456298828 161.0602264404297 95.90253448486328
deer 0.9958896 169.97166442871094 37.094600677490234 196.16102600097656 63.068485260009766
bird 0.9944116 135.01785278320312 97.34797668457031 167.11666870117188 129.07379150390625
deer 0.98309064 193.01414489746094 12.063496589660645 208.96946716308594 28.031997680664062
bird 0.9815612 94.18266296386719 10.022405624389648 132.06382751464844 48.08412170410156
automobile 0.96753794 42.061851501464844 84.03223419189453 60.966651916503906 103.0220718383789
airplane 0.95218307 158.94882202148438 173.12124633789062 194.067626953125 208.12420654296875
deer 0.9506276 55.25288391113281 162.1633758544922 90.03919982910156 197.1640167236328
automobile 0.8160776 213.03903198242188 129.01271057128906 250.9178466796875 167.01649475097656
airplane 0.8021238 91.03790283203125 89.19790649414062 116.86659240722656 115.08023071289062
airplane 0.74569046 33.09248352050781 4.893947601318359 64.98600006103516 37.143611907958984
frog 0.73052144 33.09248352050781 4.893947601318359 64.98600006103516 37.143611907958984
automobile 0.6660893 95.05868530273438 211.20928955078125 121.00819396972656 237.14093017578125
dog 0.49987936 95.13057708740234 211.06790161132812 121.01802825927734 237.11422729492188
bird 0.4831896 158.940185546875 173.13795471191406 194.00592041015625 208.04368591308594
cat 0.45641014 214.1416015625 5.866039276123047 240.0787353515625 32.17850875854492
bird 0.3497231 55.25288391113281 162.1633758544922 90.03919982910156 197.1640167236328
frog 0.29807425 94.16876983642578 10.075773239135742 131.99295043945312 48.003326416015625
deer 0.24809438 214.1416015625 5.866039276123047 240.0787353515625 32.17850875854492
bird 0.21595418 33.117881774902344 4.894781112670898 64.95436096191406 37.136436462402344
airplane 0.21464437 42.061851501464844 84.03223419189453 60.966651916503906 103.0220718383789
truck 0.20605001 91.11125946044922 89.19408416748047 116.7955551147461 115.1699447631836
truck 0.20172194 213.13229370117188 129.17481994628906 251.03240966796875 166.9506378173828
