airplane 0.9985272 107.02947998046875 148.9436798095703 138.97616577148438 181.00233459472656
truck 0.99772245 5.072909355163574 174.1413116455078 34.114253997802734 203.1380157470703
frog 0.99611545 55.055938720703125 103.9290771484375 92.84461975097656 142.05740356445312
truck 0.99547696 154.98715209960938 19.022724151611328 173.9459228515625 38.20893859863281
dog 0.99526286 141.85191345214844 88.98517608642578 167.96913146972656 115.03241729736328
airplane 0.9947034 83.87870788574219 160.94900512695312 105.85809326171875 182.94000244140625
bird 0.99434257 208.101806640625 111.04676818847656 229.94097900390625 133.1325225830078
automobile 0.9919951 121.05239868164062 31.128684997558594 147.00302124023438 56.81578826904297
ship 0.99028563 11.032461166381836 87.06379699707031 39.97124481201172 115.86720275878906
frog 0.97541857 11.102254867553711 216.0653533935547 48.86273193359375 253.78224182128906
deer 0.9747911 176.9703369140625 135.96482849121094 212.00640869140625 171.1047821044922
ship 0.96897066 157.01724243164062 42.98676681518555 188.98446655273438 75.1209716796875
frog 0.9659138 41.111297607421875 162.09054565429688 73.08832550048828 194.0343017578125
bird 0.9591366 61.08348083496094 13.075295448303223 82.93133544921875 35.00291061401367
frog 0.8926412 119.04867553710938 106.04151153564453 138.11376953125 124.86763763427734
deer 0.86875606 57.91730499267578 39.930572509765625 93.04790496826172 75.05672454833984
deer 0.8552175 170.98385620117188 178.02467346191406 189.953369140625 197.10765075683594
dog 0.70302796 50.015403747558594 77.12542724609375 68.95668029785156 96.17765808105469
dog 0.6448662 41.04866027832031 162.00820922851562 72.96884155273438 194.06976318359375
ship 0.5174443 114.03595733642578 207.1667022705078 133.0303497314453 225.9948272705078
automobile 0.5064945 11.102254867553711 216.0653533935547 48.86273193359375 253.78224182128906
bird 0.47839034 119.03472137451172 105.98342895507812 138.11102294921875 124.95249938964844
dog 0.40478578 114.04357147216797 207.14312744140625 133.01327514648438 225.90225219726562
frog 0.36583385 58.0042839050293 39.97197723388672 93.12603759765625 75.25607299804688
ship 0.30370158 170.98385620117188 178.02467346191406 189.953369140625 197.10765075683594
truck 0.29744852 171.0397491455078 178.074951171875 189.88536071777344 197.1356201171875
cat 0.29697832 41.04866027832031 162.00820922851562 72.96884155273438 194.06976318359375
truck 0.25563842 41.18621826171875 162.09820556640625 73.07495880126953 194.05905151367188
cat 0.2432363 114.03595733642578 207.1667022705078 133.0303497314453 225.9948272705078
truck 0.22743246 157.01901245117188 42.964454650878906 189.05596923828125 75.20259094238281
cat 0.20688134 157.00877380371094 43.02104187011719 189.00257873535156 75.0032958984375
