frog 0.99897814 0.0 204.084228515625 29.001314163208008 233.0550537109375
truck 0.9987492 214.98837280273438 61.16288757324219 253.08255004882812 98.91961669921875
ship 0.99684584 37.06673812866211 80.95751190185547 55.998905181884766 100.01490020751953
ship 0.9966823 136.01956176757812 68.04950714111328 161.9720458984375 94.08611297607422
frog 0.99642503 57.076847076416016 140.26170349121094 89.17474365234375 171.9536590576172
automobile 0.9951556 29.966703414916992 116.09857177734375 55.98876953125 142.09426879882812
dog 0.9945287 155.1059112548828 187.3450927734375 192.92283630371094 224.87411499023438
truck 0.99440366 215.19529724121094 172.96505737304688 247.16465759277344 204.97982788085938
dog 0.98910356 113.17250061035156 9.10909366607666 132.0706329345703 28.008285522460938
dog 0.9863792 75.1358642578125 83.86848449707031 106.97622680664062 115.97822570800781
ship 0.98293287 21.08062744140625 33.260719299316406 58.989845275878906 70.99674224853516
airplane 0.97121954 37.035125732421875 201.12513732910156 75.05297088623047 239.08241271972656
cat 0.8795742 205.22462463378906 114.07283020019531 243.13047790527344 151.93113708496094
deer 0.8736364 101.05757904052734 167.9603729248047 138.97418212890625 206.08009338378906
deer 0.705768 169.95120239257812 63.08473205566406 207.95510864257812 101.14408874511719
deer 0.6800866 128.9788055419922 29.98619842529297 147.9811248779297 48.93383026123047
deer 0.6355195 148.051025390625 148.16143798828125 185.90948486328125 185.56060791015625
frog 0.60663617 147.96282958984375 148.21755981445312 186.03781127929688 185.72970581054688
truck 0.587103 66.12034606933594 23.08506202697754 87.88969421386719 44.88433837890625
automobile 0.48068115 8.031876564025879 166.1184844970703 30.08858871459961 188.0309295654297
frog 0.36911952 170.2871856689453 63.64115905761719 208.3677215576172 101.12324523925781
airplane 0.25721896 129.0318603515625 30.00054168701172 148.02752685546875 48.92485046386719
airplane 0.2562041 66.12034606933594 23.08506202697754 87.88969421386719 44.88433837890625
ship 0.23365316 37.01350402832031 201.05850219726562 75.07953643798828 238.91537475585938
cat 0.2213211 128.9788055419922 29.98619842529297 147.9811248779297 48.93383026123047
cat 0.21693829 169.94573974609375 63.206085205078125 207.9637451171875 101.14117431640625
