frog 0.9987611 91.1256332397461 157.35169982910156 120.11882781982422 185.87086486816406
automobile 0.9965998 43.01056671142578 187.9378662109375 61.98429870605469 206.9737548828125
frog 0.99623454 48.054603576660156 92.19158172607422 79.95244598388672 124.1056900024414
ship 0.99492276 165.0508270263672 111.21037292480469 190.97227478027344 136.87974548339844
automobile 0.99481535 26.13569450378418 139.99876403808594 63.96923828125 177.97438049316406
frog 0.9924816 160.1209259033203 12.141960144042969 181.9378204345703 34.08391189575195
frog 0.9884223 69.9329833984375 213.9844512939453 108.02890014648438 251.92225646972656
airplane 0.9872885 125.05419921875 2.1929407119750977 154.03314208984375 31.0782470703125
ship 0.96685237 18.013835906982422 47.123741149902344 36.99665451049805 66.21171569824219
frog 0.94207907 105.02595520019531 137.16542053222656 124.06172180175781 155.76063537597656
frog 0.93446374 107.0814208984375 50.05780029296875 129.07101440429688 72.0301284790039
frog 0.90889597 122.86888122558594 211.816162109375 149.1682586669922 238.42218017578125
bird 0.89897543 135.99588012695312 155.2057342529297 168.16690063476562 186.97520446777344
frog 0.86925375 202.07423400878906 212.0970916748047 221.1020965576172 231.03456115722656
truck 0.773362 150.17559814453125 211.67698669433594 166.06069946289062 228.0070343017578
cat 0.6540319 1.0482711791992188 68.22013854980469 36.078128814697266 103.10075378417969
deer 0.5829075 80.88787078857422 128.05592346191406 102.94676971435547 149.9418487548828
cat 0.52855134 107.04331970214844 49.9359016418457 128.84564208984375 72.07559204101562
automobile 0.5186283 150.17559814453125 211.67698669433594 166.06069946289062 228.0070343017578
truck 0.50571465 75.02378845214844 23.963260650634766 93.81216430664062 42.96669387817383
deer 0.4880731 0.9739913940429688 68.22737884521484 36.2537841796875 103.11490631103516
dog 0.48041523 0.9739913940429688 68.22737884521484 36.2537841796875 103.11490631103516
truck 0.4423811 105.01680755615234 137.18124389648438 124.06609344482422 155.80596923828125
frog 0.41571876 135.9862060546875 155.1237030029297 168.1500244140625 187.1270294189453
frog 0.40250564 0.9739913940429688 68.22737884521484 36.2537841796875 103.11490631103516
frog 0.33825815 80.91663360595703 127.90132904052734 102.93968963623047 150.142333984375
frog 0.33325398 172.05296325683594 170.1064910888672 197.9202423095703 195.9390411376953
truck 0.3148936 202.1316375732422 211.9979248046875 221.05311584472656 231.05911254882812
airplane 0.31133515 80.88787078857422 128.05592346191406 102.94676971435547 149.9418487548828
ship 0.26881966 150.17559814453125 211.67698669433594 166.06069946289062 228.0070343017578
automobile 0.23364517 105.01680755615234 137.18124389648438 124.06609344482422 155.80596923828125
truck 0.23059183 0.9739913940429688 68.22737884521484 36.2537841796875 103.11490631103516
automobile 0.2210398 202.07423400878906 212.0970916748047 221.1020965576172 231.03456115722656
truck 0.21845749 172.25088500976562 170.0946044921875 198.01739501953125 195.9822998046875
cat 0.21723375 123.05146026611328 211.7218017578125 149.17697143554688 238.22470092773438
deer 0.20522854 202.07423400878906 212.0970916748047 221.1020965576172 231.03456115722656
bird 0.20274156 0.9739913940429688 68.22737884521484 36.2537841796875 103.11490631103516
bird 0.20218292 69.94122314453125 214.09767150878906 108.08796691894531 251.86976623535156
