truck 0.9979018 40.926231384277344 29.81816291809082 73.35287475585938 62.26490783691406
frog 0.99730253 80.15540313720703 30.050716400146484 101.9621810913086 52.060611724853516
truck 0.9971431 166.02024841308594 8.951427459716797 201.07688903808594 44.08106231689453
automobile 0.997121 62.124549865722656 2.1644954681396484 80.9479751586914 20.998685836791992
cat 0.99607635 15.021306991577148 30.009044647216797 37.04039001464844 51.9815559387207
truck 0.99596393 212.0625 53.1295051574707 228.02777099609375 69.0789794921875
frog 0.9948001 25.185550689697266 126.00794219970703 60.06583786010742 160.96859741210938
frog 0.9944515 177.14614868164062 128.96250915527344 209.06674194335938 160.9058380126953
airplane 0.9891897 47.10023498535156 201.10084533691406 66.00931549072266 220.07313537597656
deer 0.9889231 196.05613708496094 179.9391632080078 225.0818634033203 209.1796417236328
airplane 0.9841457 8.059070587158203 211.98080444335938 46.13884353637695 250.21774291992188
automobile 0.975737 51.09334182739258 173.09129333496094 70.04478454589844 192.02027893066406
truck 0.97546196 76.04544830322266 210.02809143066406 108.06371307373047 241.91249084472656
truck 0.96671104 195.07846069335938 215.19493103027344 217.04495239257812 237.11659240722656
bird 0.9326565 153.02264404296875 79.13270568847656 191.04672241210938 117.14970397949219
deer 0.9274219 107.79544830322266 17.989948272705078 140.0625762939453 49.94350814819336
ship 0.8846571 133.05419921875 204.84304809570312 149.01614379882812 220.89828491210938
frog 0.7170688 75.08159637451172 180.0110626220703 96.97684478759766 201.98655700683594
automobile 0.68770576 133.05419921875 204.84304809570312 149.01614379882812 220.89828491210938
cat 0.5292167 75.13618469238281 180.0729522705078 97.00753784179688 201.95289611816406
airplane 0.52507 84.97734832763672 89.0584716796875 103.89281463623047 108.04440307617188
frog 0.52089214 153.07540893554688 79.04610443115234 191.0704345703125 117.07489776611328
deer 0.44556335 92.09790802001953 65.07461547851562 111.0279312133789 84.06425476074219
automobile 0.44499528 92.09407806396484 65.0413589477539 111.0631332397461 84.05597686767578
bird 0.30611914 92.09790802001953 65.07461547851562 111.0279312133789 84.06425476074219
automobile 0.29083914 84.95674896240234 89.04461669921875 103.92195892333984 108.03817749023438
frog 0.28746057 84.97734832763672 89.0584716796875 103.89281463623047 108.04440307617188
ship 0.25976783 92.09407806396484 65.0413589477539 111.0631332397461 84.05597686767578
