frog 0.997893 138.94842529296875 67.97221374511719 168.044677734375 96.97491455078125
ship 0.9977701 89.01070404052734 89.2051010131836 117.98955535888672 118.23998260498047
automobile 0.9963014 21.990293502807617 132.8184356689453 48.0345458984375 159.11598205566406
deer 0.9958613 9.110050201416016 74.00128173828125 47.13264846801758 112.01985168457031
airplane 0.9929119 75.14910125732422 121.14857482910156 110.03728485107422 155.96299743652344
frog 0.9914575 118.95096588134766 189.97518920898438 157.00143432617188 227.94992065429688
airplane 0.9831703 2.009547233581543 166.07760620117188 23.97781753540039 187.97344970703125
frog 0.9828547 173.065185546875 151.93115234375 210.90652465820312 190.17288208007812
deer 0.9805107 126.05196380615234 143.14315795898438 155.048095703125 172.10177612304688
deer 0.9599634 184.08612060546875 195.97593688964844 222.0577392578125 234.00022888183594
automobile 0.8975655 214.17015075683594 158.02427673339844 239.90928649902344 184.1462860107422
dog 0.89027125 178.94384765625 13.166805267333984 214.0283203125 48.153831481933594
airplane 0.88609964 214.17015075683594 158.02427673339844 239.90928649902344 184.1462860107422
dog 0.87806463 21.022066116333008 26.10550308227539 42.93309020996094 47.96799087524414
frog 0.8759174 150.024658203125 106.12969970703125 184.89495849609375 141.07736206054688
frog 0.85983 144.11856079101562 11.260841369628906 172.97573852539062 39.94296646118164
airplane 0.7957084 205.96517944335938 98.0575942993164 235.06759643554688 127.01660919189453
ship 0.76292694 205.9115753173828 98.04487609863281 235.1566619873047 127.02088928222656
bird 0.7459597 76.8788070678711 13.061173439025879 103.0486831665039 39.02388000488281
cat 0.6874665 144.11856079101562 11.260841369628906 172.97573852539062 39.94296646118164
dog 0.6475867 58.04475784301758 187.1007843017578 90.03147888183594 218.9563751220703
cat 0.511055 173.9895477294922 53.00586700439453 199.8609161376953 79.16065216064453
cat 0.49292314 76.8788070678711 13.061173439025879 103.0486831665039 39.02388000488281
bird 0.48930416 58.04197692871094 187.1455841064453 90.09237670898438 218.98130798339844
bird 0.35148236 173.98391723632812 53.07217025756836 199.93270874023438 79.35786437988281
frog 0.266887 184.06898498535156 196.0893096923828 222.0630645751953 234.0288848876953
cat 0.26270357 178.81668090820312 13.14926528930664 213.97958374023438 48.27635192871094
dog 0.24782819 173.98391723632812 53.07217025756836 199.93270874023438 79.35786437988281
deer 0.2371498 178.81668090820312 13.14926528930664 213.97958374023438 48.27635192871094
cat 0.21018717 58.04197692871094 187.1455841064453 90.09237670898438 218.98130798339844
bird 0.20712289 119.08812713623047 190.0584716796875 156.97137451171875 227.9915771484375
frog 0.20040864 21.01998519897461 26.09421157836914 43.00051498413086 47.9166145324707
