airplane 0.998399 213.95828247070312 113.05858612060547 242.99240112304688 142.00717163085938
dog 0.998042 94.04810333251953 95.07804107666016 129.02777099609375 130.10089111328125
frog 0.9973369 119.05604553222656 50.170494079589844 147.99815368652344 79.13837432861328
truck 0.996652 112.04202270507812 155.04115295410156 150.0091552734375 193.0854949951172
automobile 0.9966243 38.002716064453125 129.95147705078125 70.04900360107422 162.00967407226562
truck 0.9964036 72.0095443725586 8.079926490783691 104.12647247314453 39.923377990722656
truck 0.99627817 28.880617141723633 1.0547847747802734 67.02332305908203 38.99095916748047
truck 0.99579275 40.108184814453125 57.02177810668945 71.99893188476562 88.87483978271484
frog 0.9935914 185.03192138671875 41.1414909362793 220.05343627929688 76.08523559570312
cat 0.97843647 13.993410110473633 193.98251342773438 52.01062774658203 232.025634765625
frog 0.9651511 0.07796764373779297 90.12810516357422 29.071861267089844 119.03423309326172
truck 0.9525362 188.16033935546875 117.25982666015625 210.09906005859375 138.91363525390625
cat 0.92425984 60.09702682495117 196.95579528808594 94.97756958007812 232.0167999267578
truck 0.8749063 143.1124725341797 5.957221984863281 172.0091094970703 35.00893783569336
truck 0.8233423 61.97279739379883 103.1339340209961 81.00286865234375 122.06444549560547
truck 0.62887 164.11802673339844 172.0247039794922 179.9944610595703 187.94374084472656
frog 0.6244172 59.98723602294922 197.01751708984375 95.05655670166016 232.1497802734375
airplane 0.5679021 61.97279739379883 103.1339340209961 81.00286865234375 122.06444549560547
frog 0.5058465 164.11802673339844 172.0247039794922 179.9944610595703 187.94374084472656
cat 0.4411845 102.06263732910156 51.031192779541016 117.99101257324219 67.16481018066406
automobile 0.38197193 188.0354461669922 117.19475555419922 210.3065643310547 138.71200561523438
cat 0.35122597 0.11564254760742188 89.9891586303711 29.008819580078125 119.05501556396484
frog 0.30315784 143.099609375 5.994686126708984 171.98519897460938 35.070186614990234
truck 0.2402528 59.98723602294922 197.01751708984375 95.05655670166016 232.1497802734375
frog 0.23693842 188.0044708251953 22.869943618774414 204.05015563964844 39.295806884765625
