dog 0.99705756 56.045310974121094 31.166906356811523 85.00499725341797 59.848487854003906
airplane 0.9949206 84.97046661376953 193.177001953125 123.25957489013672 230.97744750976562
bird 0.99109924 46.07008361816406 212.09548950195312 84.12811279296875 250.058349609375
airplane 0.984538 186.23167419433594 84.09693908691406 212.0623321533203 109.91542053222656
automobile 0.98406225 108.09187316894531 172.03956604003906 126.89971923828125 190.8719940185547
deer 0.97464913 8.109031677246094 23.088356018066406 24.029891967773438 39.02605056762695
ship 0.96636206 124.06259155273438 105.03327941894531 143.09210205078125 123.95072937011719
ship 0.96172017 94.05026245117188 15.094772338867188 109.99412536621094 30.985546112060547
automobile 0.9485235 33.96253204345703 137.01925659179688 53.028717041015625 156.22457885742188
deer 0.94812375 84.99296569824219 70.09413146972656 117.00639343261719 102.09963989257812
deer 0.9250576 135.01661682128906 62.93540954589844 167.1201934814453 95.0137939453125
dog 0.92031753 202.97804260253906 208.1536865234375 224.98023986816406 230.0010986328125
cat 0.9142071 152.19447326660156 185.1415557861328 180.90074157714844 214.1145782470703
frog 0.9068912 193.00982666015625 45.25532913208008 222.04769897460938 73.98713684082031
ship 0.8139878 153.00833129882812 124.79955291748047 169.10208129882812 141.04714965820312
dog 0.72573674 3.987210273742676 118.10901641845703 23.09103012084961 136.8453826904297
cat 0.7039643 200.20350646972656 181.09182739257812 222.1208038330078 203.05267333984375
frog 0.6888246 135.0340576171875 8.053285598754883 169.98892211914062 42.947967529296875
bird 0.6584233 135.06512451171875 8.052984237670898 169.99639892578125 42.92803955078125
truck 0.6431296 159.1581268310547 97.1385726928711 178.0139923095703 116.00585174560547
airplane 0.5917432 153.00833129882812 124.79955291748047 169.10208129882812 141.04714965820312
frog 0.5541761 200.0819854736328 181.0384979248047 222.0661163330078 203.0387725830078
cat 0.5164328 204.15525817871094 139.11688232421875 232.8850860595703 168.039794921875
dog 0.49197897 8.066173553466797 23.11060333251953 24.04781723022461 39.02473068237305
truck 0.43313095 94.02703857421875 15.052521705627441 109.965087890625 30.98312759399414
ship 0.4155176 152.08883666992188 185.13197326660156 180.93057250976562 213.97901916503906
frog 0.3954359 159.01693725585938 97.08029174804688 178.05252075195312 115.96240234375
airplane 0.33165133 94.05026245117188 15.094772338867188 109.99412536621094 30.985546112060547
cat 0.3253435 3.9160757064819336 118.08651733398438 23.189830780029297 136.88619995117188
truck 0.3140567 203.05712890625 208.16969299316406 224.97994995117188 230.04478454589844
frog 0.3122512 8.066173553466797 23.11060333251953 24.04781723022461 39.02473068237305
ship 0.28967398 33.96253204345703 137.01925659179688 53.028717041015625 156.22457885742188
truck 0.2754102 3.9160757064819336 118.08651733398438 23.189830780029297 136.88619995117188
frog 0.2730239 3.987210273742676 118.10901641845703 23.09103012084961 136.8453826904297
frog 0.27060032 134.9716339111328 62.9645881652832 167.1615753173828 95.00724792480469
dog 0.2704031 204.22230529785156 139.108154296875 232.89625549316406 167.9901123046875
frog 0.24788192 84.96736907958984 70.10678100585938 117.0149154663086 102.19548034667969
deer 0.21231174 94.02703857421875 15.052521705627441 109.965087890625 30.98312759399414
