ship 0.99809873 215.05194091796875 102.23960876464844 244.02545166015625 130.95533752441406
automobile 0.9975985 128.04190063476562 74.09175872802734 160.05630493164062 106.08463287353516
frog 0.9971172 80.97874450683594 205.10586547851562 113.02931213378906 236.96499633789062
frog 0.9966967 200.04637145996094 148.1746368408203 232.0443878173828 179.88731384277344
ship 0.99477196 98.04615020751953 138.08380126953125 132.91061401367188 172.97833251953125
deer 0.994246 142.2843780517578 185.9130401611328 180.0137176513672 223.9649200439453
deer 0.99347234 30.042993545532227 11.180301666259766 67.93157196044922 48.873619079589844
frog 0.9929698 117.13201904296875 9.037879943847656 154.98599243164062 47.0850715637207
deer 0.99111426 199.03750610351562 3.8950376510620117 215.12930297851562 19.984420776367188
truck 0.98583305 178.03585815429688 28.123472213745117 197.01895141601562 46.96986389160156
frog 0.96983117 67.13137817382812 123.99251556396484 89.00547790527344 146.04608154296875
cat 0.9644525 92.14562225341797 3.281081199645996 114.0114517211914 25.106307983398438
truck 0.9490582 210.99862670898438 46.11905288696289 239.81271362304688 74.98927307128906
truck 0.9478595 36.13230895996094 56.166770935058594 68.13182830810547 88.0687484741211
deer 0.9137608 34.18495178222656 171.14178466796875 69.10064697265625 205.93441772460938
bird 0.9096594 1.879831314086914 187.05125427246094 30.996610641479492 215.9061737060547
bird 0.7678497 136.15476989746094 149.19186401367188 168.08201599121094 181.29281616210938
frog 0.63299537 180.8818817138672 92.05829620361328 203.0812530517578 113.88533782958984
deer 0.5568722 180.8818817138672 92.05829620361328 203.0812530517578 113.88533782958984
deer 0.48525476 1.879831314086914 187.05125427246094 30.996610641479492 215.9061737060547
deer 0.47933647 136.05914306640625 149.20526123046875 168.03231811523438 181.23681640625
frog 0.42916113 34.24174118041992 171.1198272705078 69.11927795410156 205.93531799316406
frog 0.38986158 136.15476989746094 149.19186401367188 168.08201599121094 181.29281616210938
ship 0.31842417 92.03433227539062 3.3903656005859375 113.90060424804688 24.80306625366211
automobile 0.28873792 67.09674835205078 123.95314025878906 89.11539459228516 145.96656799316406
dog 0.27130172 202.2369384765625 189.00979614257812 237.13372802734375 224.03656005859375
ship 0.25570112 178.03585815429688 28.123472213745117 197.01895141601562 46.96986389160156
deer 0.24954283 92.03433227539062 3.3903656005859375 113.90060424804688 24.80306625366211
automobile 0.24576047 136.05914306640625 149.20526123046875 168.03231811523438 181.23681640625
cat 0.24162236 202.2369384765625 189.00979614257812 237.13372802734375 224.03656005859375
