automobile 0.9923302 25.906402587890625 6.006208419799805 58.06294250488281 38.19196319580078
truck 0.990723 182.0727081298828 159.1636962890625 203.9779510498047 181.12747192382812
airplane 0.9897289 171.09585571289062 104.93779754638672 190.00955200195312 124.01171112060547
airplane 0.9782226 207.9974822998047 109.00639343261719 246.00755310058594 147.0818328857422
bird 0.97821516 33.939422607421875 82.18405151367188 66.05884552001953 113.94873046875
deer 0.9701197 183.07505798339844 47.1099967956543 204.9094696044922 69.00833892822266
automobile 0.9519782 9.064262390136719 159.0095977783203 43.90519332885742 194.0647430419922
automobile 0.9374136 87.08136749267578 108.96073150634766 109.1045913696289 130.90042114257812
truck 0.9197937 181.15419006347656 186.93289184570312 213.00120544433594 219.13473510742188
ship 0.91623473 73.03032684326172 12.960147857666016 104.96370697021484 45.19773483276367
frog 0.8864492 173.13739013671875 27.08991050720215 189.00747680664062 43.12737274169922
truck 0.8712081 146.0204620361328 51.918914794921875 162.11231994628906 68.1125717163086
cat 0.86175704 146.05575561523438 51.90018844604492 162.22879028320312 68.11493682861328
deer 0.7345903 173.1103515625 27.08538055419922 189.01495361328125 43.096466064453125
airplane 0.7292732 13.036392211914062 45.07086944580078 42.095611572265625 74.01000213623047
automobile 0.6822576 13.022926330566406 45.0356559753418 41.987892150878906 74.11894989013672
deer 0.5988561 89.96094512939453 209.1619110107422 119.04796600341797 238.1637420654297
bird 0.50971836 138.67129516601562 157.06607055664062 176.71273803710938 194.90469360351562
truck 0.47809562 73.0531997680664 13.02357292175293 104.99214935302734 45.137733459472656
deer 0.45706335 138.5589141845703 157.44651794433594 176.5685577392578 194.7342987060547
airplane 0.43294024 151.10919189453125 107.04533386230469 167.00509643554688 123.02297973632812
dog 0.43195176 116.10648345947266 181.0583038330078 138.1167755126953 203.0878143310547
frog 0.39627886 182.04795837402344 159.04397583007812 203.8203582763672 181.17068481445312
truck 0.3586824 87.04475402832031 108.97804260253906 109.08552551269531 131.02374267578125
airplane 0.339975 183.11117553710938 47.066410064697266 204.97238159179688 68.99266052246094
airplane 0.3388397 9.064262390136719 159.0095977783203 43.90519332885742 194.0647430419922
truck 0.3353876 13.036392211914062 45.07086944580078 42.095611572265625 74.01000213623047
truck 0.3257836 138.83712768554688 157.17982482910156 176.91845703125 194.98838806152344
deer 0.29041335 208.0467071533203 109.0577392578125 246.07765197753906 147.0267333984375
bird 0.25921166 89.93964385986328 209.0800018310547 119.00174713134766 238.13380432128906
cat 0.2503783 89.9508285522461 209.1977081298828 118.99433135986328 237.93324279785156
frog 0.23770297 138.83712768554688 157.17982482910156 176.91845703125 194.98838806152344
bird 0.23222774 183.11117553710938 47.066410064697266 204.97238159179688 68.99266052246094
cat 0.21143377 138.5589141845703 157.44651794433594 176.5685577392578 194.7342987060547
dog 0.20232484 151.1175537109375 107.09828186035156 166.98382568359375 123.02607727050781
