ship 0.9989721 186.07928466796875 117.05838775634766 207.8848876953125 138.9755859375
truck 0.9983292 15.016376495361328 129.07199096679688 47.12089157104492 160.95724487304688
automobile 0.99799335 101.06369018554688 136.127197265625 119.95980834960938 154.82559204101562
automobile 0.99746436 57.090423583984375 105.34339904785156 88.948486328125 137.17318725585938
dog 0.9968382 78.17823028564453 40.16143035888672 103.9972152709961 65.965087890625
frog 0.9968294 193.02899169921875 41.98953628540039 215.02450561523438 63.97775650024414
frog 0.9946337 151.82528686523438 15.069558143615723 183.96517944335938 47.033382415771484
frog 0.9941554 206.0916748046875 181.1016387939453 244.134521484375 219.0853729248047
automobile 0.99345326 179.99118041992188 209.9971160888672 199.08941650390625 228.81773376464844
airplane 0.9863368 103.92987060546875 87.08831787109375 139.06170654296875 122.06085205078125
truck 0.98584074 192.9515838623047 83.16400909423828 225.0895538330078 115.10303497314453
automobile 0.9813864 68.05413818359375 151.007080078125 90.01756286621094 173.05075073242188
dog 0.96916705 70.07856750488281 214.0770721435547 92.05378723144531 236.0282745361328
frog 0.96706533 146.07748413085938 143.14566040039062 184.035400390625 180.99755859375
airplane 0.9664879 209.9809112548828 8.047120094299316 231.9844512939453 29.86298370361328
airplane 0.96364677 127.04849243164062 20.023311614990234 146.02230834960938 38.92867660522461
frog 0.9587537 28.082366943359375 53.15509796142578 62.97223663330078 87.83777618408203
bird 0.88615215 124.95191955566406 201.9630889892578 157.0297393798828 234.02586364746094
truck 0.8379926 153.9355926513672 64.02131652832031 180.1344757080078 89.95785522460938
frog 0.8306434 27.984813690185547 183.919921875 66.11796569824219 222.01861572265625
frog 0.80314046 124.95393371582031 202.03675842285156 156.96876525878906 233.9525909423828
deer 0.7514862 27.977569580078125 183.91152954101562 66.16011047363281 222.13015747070312
deer 0.43051675 125.03377532958984 202.04092407226562 156.9691925048828 233.958984375
truck 0.29821646 68.05413818359375 151.007080078125 90.01756286621094 173.05075073242188
frog 0.29589942 153.83645629882812 64.07664489746094 180.17132568359375 90.01545715332031
bird 0.27528417 146.0690460205078 143.1865692138672 184.0738983154297 181.10972595214844
cat 0.273997 70.02059173583984 214.0728759765625 92.0373764038086 235.98843383789062
cat 0.24603364 124.8775405883789 201.9698028564453 157.0187225341797 233.9639129638672
cat 0.202582 127.16815185546875 19.955644607543945 146.11703491210938 38.908447265625
