ship 0.9981862 143.97531127929688 69.91488647460938 176.00482177734375 102.11415100097656
automobile 0.99617195 22.051372528076172 185.1307830810547 60.109127044677734 222.98097229003906
deer 0.98620427 142.03025817871094 173.03866577148438 176.8728790283203 208.0531005859375
truck 0.9827161 53.98966979980469 137.02813720703125 88.89527893066406 171.86203002929688
cat 0.9805081 199.10821533203125 156.0973663330078 221.09506225585938 178.01683044433594
truck 0.9790083 67.03296661376953 105.94515228271484 83.08478546142578 122.0030288696289
automobile 0.97807324 184.05538940429688 87.14022827148438 203.01205444335938 105.78628540039062
cat 0.96861947 102.15776062011719 51.071800231933594 134.0428466796875 83.10253143310547
truck 0.95875585 85.0735855102539 182.0467987060547 106.94210052490234 204.07456970214844
dog 0.94583243 103.14462280273438 138.1844024658203 128.99671936035156 164.05577087402344
automobile 0.9458281 19.965473175048828 108.03115844726562 39.044898986816406 126.97760009765625
ship 0.9290048 83.21243286132812 22.14516830444336 108.94319152832031 48.02621841430664
deer 0.8766778 206.02554321289062 191.0889892578125 238.04669189453125 222.99871826171875
airplane 0.83013177 17.00780487060547 40.92993927001953 54.96382141113281 79.20915222167969
frog 0.7390795 200.0358123779297 39.05474090576172 219.04478454589844 57.942413330078125
deer 0.73105824 17.187515258789062 41.05027770996094 54.97828674316406 78.75530242919922
deer 0.71855736 200.06423950195312 39.11474609375 219.07608032226562 57.913360595703125
bird 0.7141285 89.09852600097656 206.17596435546875 127.18414306640625 244.14181518554688
frog 0.7027242 143.94473266601562 25.15250015258789 173.07302856445312 54.02204513549805
deer 0.7006889 89.09852600097656 206.17596435546875 127.18414306640625 244.14181518554688
airplane 0.4427724 143.9397735595703 25.235774993896484 173.14698791503906 54.13286209106445
bird 0.43333736 200.04592895507812 114.02217102050781 228.85140991210938 142.9299774169922
frog 0.40028042 200.04592895507812 114.02217102050781 228.85140991210938 142.9299774169922
automobile 0.3242653 84.93864440917969 182.25282287597656 106.94583129882812 204.00291442871094
deer 0.28948045 20.001514434814453 108.04235076904297 39.027854919433594 127.04058074951172
frog 0.26789773 84.93864440917969 182.25282287597656 106.94583129882812 204.00291442871094
truck 0.2644456 20.036569595336914 108.03084564208984 38.95356750488281 127.03736114501953
truck 0.26302093 184.05538940429688 87.14022827148438 203.01205444335938 105.78628540039062
frog 0.22706497 19.965473175048828 108.03115844726562 39.044898986816406 126.97760009765625
cat 0.20380554 103.14462280273438 138.1844024658203 128.99671936035156 164.05577087402344
bird 0.20349762 143.9657440185547 25.22002601623535 173.0930938720703 54.096527099609375
