automobile 0.9977548 78.0478515625 77.06262969970703 99.98008728027344 98.97321319580078
truck 0.99757123 36.15208435058594 213.0294189453125 71.04838562011719 248.00436401367188
frog 0.99645144 194.0308837890625 51.25861740112305 215.97000122070312 73.03421783447266
deer 0.99473965 141.15098571777344 13.152705192565918 172.97386169433594 44.87721252441406
truck 0.99395216 63.12736511230469 28.99811553955078 94.9923095703125 60.976234436035156
dog 0.9895949 74.9279556274414 213.96905517578125 107.02800750732422 246.04815673828125
truck 0.9840202 179.0341796875 210.0738067626953 213.99600219726562 245.00279235839844
frog 0.97498786 181.953369140625 8.158517837524414 219.9945068359375 46.166053771972656
airplane 0.9538553 209.01333618164062 156.94793701171875 241.07177734375 189.26754760742188
deer 0.9538176 16.922487258911133 81.34001159667969 55.094520568847656 119.04902648925781
cat 0.7678039 109.09664916992188 143.0907440185547 138.21461486816406 172.11131286621094
airplane 0.74199736 13.23213005065918 132.08102416992188 48.22711181640625 167.16690063476562
ship 0.73299634 208.88150024414062 156.94467163085938 241.11459350585938 189.19235229492188
bird 0.6894982 109.09664916992188 143.0907440185547 138.21461486816406 172.11131286621094
bird 0.6680976 80.99359130859375 127.10643768310547 99.92184448242188 145.96923828125
deer 0.6160365 16.827360153198242 45.19606018066406 52.06372833251953 79.96149444580078
cat 0.59730995 75.02867889404297 213.95089721679688 107.07254791259766 246.04086303710938
deer 0.5169163 109.09664916992188 143.0907440185547 138.21461486816406 172.11131286621094
cat 0.51568747 179.10040283203125 89.95885467529297 211.21319580078125 121.9612808227539
bird 0.50651693 13.23213005065918 132.08102416992188 48.22711181640625 167.16690063476562
cat 0.50432277 16.997119903564453 45.22576904296875 52.14188766479492 79.95069122314453
deer 0.45478427 13.041244506835938 132.1498260498047 48.158504486083984 167.1613311767578
deer 0.43345457 69.99369812011719 174.11251831054688 89.00682067871094 193.01571655273438
airplane 0.39842165 80.99359130859375 127.10643768310547 99.92184448242188 145.96923828125
frog 0.39157623 179.10040283203125 89.95885467529297 211.21319580078125 121.9612808227539
dog 0.36869234 179.10040283203125 89.95885467529297 211.21319580078125 121.9612808227539
dog 0.36096892 126.05525207519531 95.16009521484375 147.87538146972656 116.99673461914062
airplane 0.3525467 79.1391372680664 101.34223937988281 97.94820404052734 119.92979431152344
frog 0.33935398 16.886167526245117 81.34464263916016 54.898170471191406 119.00226593017578
automobile 0.3097338 182.18832397460938 8.067811965942383 220.01678466796875 46.09474182128906
bird 0.29845202 16.827360153198242 45.19606018066406 52.06372833251953 79.96149444580078
truck 0.21263766 208.95555114746094 156.96168518066406 241.01454162597656 189.25157165527344
cat 0.20796871 126.04686737060547 95.16520690917969 147.97235107421875 117.18598937988281
cat 0.20568952 80.99359130859375 127.10643768310547 99.92184448242188 145.96923828125
