automobile 0.9978516 203.9536590576172 30.102415084838867 236.01197814941406 62.335838317871094
cat 0.995347 32.13290023803711 208.92845153808594 61.29445266723633 237.9326934814453
frog 0.99138176 104.07821655273438 27.08218765258789 126.04716491699219 49.01876449584961
airplane 0.9904491 53.049652099609375 28.140560150146484 79.19401550292969 54.03061294555664
truck 0.9858899 128.95175170898438 75.89632415771484 158.00888061523438 104.9256362915039
automobile 0.9835807 195.09051513671875 164.01150512695312 233.006591796875 201.95584106445312
truck 0.97804064 159.06900024414062 152.03707885742188 194.097412109375 186.78179931640625
deer 0.97194344 168.04310607910156 212.0147705078125 202.9653778076172 247.0458984375
ship 0.9605545 84.03040313720703 40.05183410644531 100.0462417602539 55.958038330078125
bird 0.9522651 6.922475814819336 161.0459442138672 42.10136413574219 196.1730499267578
deer 0.94878876 26.0238037109375 73.9229736328125 61.13941955566406 109.08628845214844
ship 0.9390745 63.93084716796875 191.22308349609375 96.0479736328125 223.11666870117188
ship 0.926129 14.014482498168945 123.10983276367188 42.97747802734375 152.3345947265625
cat 0.9059125 195.8199462890625 104.08349609375 221.99935913085938 130.09886169433594
automobile 0.847258 16.11859893798828 21.02759552001953 48.004425048828125 53.050758361816406
airplane 0.82833135 82.19247436523438 85.07404327392578 101.02655029296875 103.9446029663086
ship 0.6786126 71.07855987548828 152.15155029296875 103.0175552368164 184.0235595703125
frog 0.657525 16.11859893798828 21.02759552001953 48.004425048828125 53.050758361816406
truck 0.5368198 16.11859893798828 21.02759552001953 48.004425048828125 53.050758361816406
airplane 0.39566448 71.00499725341797 152.08775329589844 102.98108673095703 184.1632843017578
airplane 0.3654547 84.03040313720703 40.05183410644531 100.0462417602539 55.958038330078125
automobile 0.34447932 84.02769470214844 40.02815246582031 100.08753967285156 56.01031494140625
airplane 0.3308418 63.93764114379883 191.32945251464844 95.93777465820312 223.2401580810547
frog 0.32576188 7.0240631103515625 161.03858947753906 42.034358978271484 196.1039276123047
frog 0.30302936 25.9940128326416 74.0074691772461 61.04034423828125 109.02497100830078
frog 0.28434125 141.1315460205078 43.06742858886719 166.8705291748047 69.10182189941406
truck 0.278063 84.02769470214844 40.02815246582031 100.08753967285156 56.01031494140625
deer 0.26219198 71.19889068603516 152.18150329589844 102.8895492553711 184.11631774902344
automobile 0.23427585 82.09982299804688 85.04182434082031 101.02104187011719 103.90118408203125
deer 0.22780457 83.99665069580078 40.026611328125 100.05736541748047 55.96099853515625
bird 0.21528518 71.15480041503906 152.16616821289062 102.96089172363281 184.10238647460938
cat 0.20322701 71.07855987548828 152.15155029296875 103.0175552368164 184.0235595703125
