airplane 0.99884236 180.0047607421875 185.09120178222656 209.06863403320312 214.10533142089844
frog 0.9985153 93.06143188476562 105.02406311035156 118.91958618164062 131.3380584716797
automobile 0.9984576 39.15830993652344 43.057098388671875 60.9720458984375 65.02099609375
truck 0.99669236 195.97164916992188 22.993927001953125 231.09686279296875 57.781005859375
frog 0.99529314 37.0571403503418 169.87216186523438 71.99461364746094 204.88601684570312
airplane 0.9947309 114.84597778320312 19.302040100097656 147.05130004882812 51.271507263183594
frog 0.9935398 167.15858459472656 95.15525817871094 189.04722595214844 117.03878784179688
truck 0.98138046 70.1253662109375 127.95730590820312 92.08523559570312 150.01803588867188
frog 0.9803021 102.03675842285156 135.09329223632812 140.0706329345703 172.97994995117188
airplane 0.9564699 73.0380630493164 58.0061149597168 95.0414810180664 79.96834564208984
frog 0.9354693 112.05826568603516 181.94029235839844 150.06326293945312 219.93736267089844
deer 0.93487513 36.080989837646484 213.94793701171875 74.00773620605469 251.84588623046875
ship 0.90960246 127.00019836425781 90.28395080566406 159.0470428466797 122.08258056640625
cat 0.83209383 168.07421875 34.04020690917969 187.0184326171875 53.051605224609375
deer 0.8074086 89.97185516357422 190.07183837890625 106.02286529541016 206.1588134765625
truck 0.7645992 53.09715270996094 13.036079406738281 79.02336120605469 39.10757064819336
cat 0.70428944 5.100411415100098 69.08940124511719 27.036911010742188 91.04502868652344
automobile 0.60919976 53.09715270996094 13.036079406738281 79.02336120605469 39.10757064819336
frog 0.55020154 5.124464988708496 69.0257339477539 26.847034454345703 90.9007797241211
frog 0.45648727 168.08071899414062 34.04149627685547 187.02783203125 53.00127410888672
deer 0.385203 113.03729248046875 56.98243713378906 145.07293701171875 89.06353759765625
frog 0.35369653 89.97185516357422 190.07183837890625 106.02286529541016 206.1588134765625
cat 0.30961967 31.08659553527832 101.07858276367188 68.97532653808594 139.0587921142578
ship 0.30215484 73.0380630493164 58.0061149597168 95.0414810180664 79.96834564208984
cat 0.25859493 89.92401885986328 190.12892150878906 106.08100128173828 206.1604766845703
