frog 0.99927294 87.04684448242188 71.44578552246094 115.76390075683594 99.88250732421875
bird 0.99672914 212.12672424316406 101.07307434082031 244.0943145751953 133.03909301757812
ship 0.99649835 38.14939880371094 156.00827026367188 60.178680419921875 178.17864990234375
truck 0.9912571 191.19979858398438 42.928646087646484 222.94638061523438 75.20657348632812
deer 0.9904187 72.92182922363281 102.13441467285156 108.03834533691406 137.01426696777344
ship 0.99007535 120.93427276611328 14.086416244506836 153.03330993652344 46.18456268310547
frog 0.97969306 191.06539916992188 5.024805068969727 223.02725219726562 37.14659881591797
truck 0.97427434 183.0607147216797 200.0330352783203 199.0140838623047 216.13099670410156
frog 0.97200376 68.06117248535156 171.09710693359375 105.97453308105469 208.64324951171875
frog 0.9693378 106.10118865966797 50.96473693847656 125.06098175048828 69.75890350341797
airplane 0.95156896 139.15931701660156 92.0718994140625 174.1508026123047 126.9710693359375
truck 0.9416012 18.111026763916016 179.9886474609375 34.12828063964844 195.939697265625
automobile 0.9371651 72.08899688720703 211.4088134765625 104.09786224365234 243.22808837890625
bird 0.8108899 46.10797119140625 29.047786712646484 72.15029907226562 55.10482406616211
ship 0.75649834 201.03199768066406 82.99118041992188 217.05894470214844 99.13497924804688
airplane 0.58964723 18.111026763916016 179.9886474609375 34.12828063964844 195.939697265625
ship 0.5439858 46.10797119140625 29.047786712646484 72.15029907226562 55.10482406616211
airplane 0.519714 32.056121826171875 201.169677734375 51.04388427734375 220.09454345703125
ship 0.5113334 166.20578002929688 177.21640014648438 184.96835327148438 195.91494750976562
bird 0.50449216 168.79241943359375 23.019376754760742 188.01290893554688 42.205841064453125
dog 0.46632448 1.0573806762695312 24.09662628173828 36.187259674072266 59.0963134765625
deer 0.46238983 166.232666015625 177.20152282714844 184.94964599609375 195.9133758544922
truck 0.41969442 72.2084732055664 211.58428955078125 104.18180084228516 243.15252685546875
automobile 0.3646736 18.06328010559082 180.03402709960938 34.028324127197266 195.95086669921875
airplane 0.3511255 166.20578002929688 177.21640014648438 184.96835327148438 195.91494750976562
dog 0.33434367 32.092777252197266 201.15328979492188 51.0200309753418 220.06048583984375
ship 0.32374796 32.05528259277344 201.0672149658203 50.90312957763672 220.1040802001953
automobile 0.3015257 46.10797119140625 29.047786712646484 72.15029907226562 55.10482406616211
bird 0.28729928 139.18698120117188 91.9443359375 174.09475708007812 126.92474365234375
airplane 0.2828759 183.0607147216797 200.0330352783203 199.0140838623047 216.13099670410156
deer 0.26879296 1.0573806762695312 24.09662628173828 36.187259674072266 59.0963134765625
cat 0.2661635 201.04098510742188 82.95360565185547 217.01763916015625 99.01390838623047
bird 0.2607655 201.03199768066406 82.99118041992188 217.05894470214844 99.13497924804688
automobile 0.25318673 166.20578002929688 177.21640014648438 184.96835327148438 195.91494750976562
deer 0.2009686 168.8983154296875 23.038204193115234 188.12686157226562 42.1255989074707
