frog 0.9973209 91.07440185546875 192.00543212890625 120.01947021484375 221.05990600585938
deer 0.9965154 174.07485961914062 208.90733337402344 205.9337158203125 241.01951599121094
frog 0.9932742 105.86890411376953 122.10025787353516 141.23452758789062 156.92161560058594
truck 0.99014056 125.11903381347656 162.15957641601562 147.1171417236328 184.0147705078125
deer 0.98944366 102.06367492675781 9.027116775512695 124.11485290527344 30.967222213745117
frog 0.9860828 211.179931640625 63.164791107177734 236.99688720703125 89.19508361816406
bird 0.9807558 211.3236541748047 196.21873474121094 248.9844512939453 233.9650115966797
airplane 0.9802724 39.03202438354492 211.04061889648438 58.038509368896484 230.03973388671875
automobile 0.97735393 147.1160888671875 4.99738883972168 184.97116088867188 43.11835479736328
truck 0.97515655 113.20159912109375 104.23212432861328 128.97274780273438 120.29303741455078
airplane 0.97031647 207.9308319091797 112.1221923828125 239.81468200683594 144.1329345703125
bird 0.95819587 51.94586944580078 88.19236755371094 81.2323989868164 117.06846618652344
frog 0.94594693 154.07266235351562 199.17503356933594 172.887451171875 218.03208923339844
cat 0.93864083 165.10606384277344 62.08784484863281 197.0256805419922 94.03572082519531
bird 0.91855896 183.02684020996094 174.72476196289062 209.01966857910156 201.12875366210938
frog 0.8917887 46.99317169189453 126.03240966796875 84.96932220458984 164.03594970703125
truck 0.87587154 52.079917907714844 42.999271392822266 87.0943374633789 77.94290161132812
frog 0.7534682 207.9560089111328 112.10411834716797 239.7943572998047 144.15188598632812
cat 0.72977793 12.08687686920166 137.03428649902344 38.07545471191406 163.0509796142578
frog 0.6172625 165.02349853515625 139.1013641357422 196.92013549804688 170.97315979003906
dog 0.5864553 165.09927368164062 62.031341552734375 196.96139526367188 93.93980407714844
automobile 0.5647443 52.079917907714844 42.999271392822266 87.0943374633789 77.94290161132812
truck 0.5006894 207.90464782714844 112.02639770507812 239.8192901611328 144.17666625976562
cat 0.47198552 165.02349853515625 139.1013641357422 196.92013549804688 170.97315979003906
automobile 0.42315632 207.90464782714844 112.02639770507812 239.8192901611328 144.17666625976562
airplane 0.34723222 47.00108337402344 126.07947540283203 85.02810668945312 163.81439208984375
airplane 0.3156318 113.20159912109375 104.23212432861328 128.97274780273438 120.29303741455078
ship 0.28383422 113.06995391845703 104.1439208984375 128.99713134765625 120.32072448730469
automobile 0.27481988 113.20159912109375 104.23212432861328 128.97274780273438 120.29303741455078
truck 0.25350952 12.16596508026123 137.09475708007812 38.059444427490234 163.04568481445312
ship 0.24919954 182.8205108642578 174.90255737304688 208.9927520751953 201.10214233398438
automobile 0.24656254 101.97123718261719 9.081568717956543 123.97262573242188 30.926807403564453
truck 0.2456694 47.013214111328125 126.12947082519531 85.17550659179688 163.8400115966797
cat 0.22303644 207.7822723388672 112.02193450927734 239.8131866455078 144.15548706054688
dog 0.22235516 52.01405334472656 88.0915298461914 80.99174499511719 117.03385162353516
frog 0.20141909 211.19398498535156 196.05081176757812 248.97132873535156 234.02426147460938
