frog 0.99709815 168.93580627441406 155.0115966796875 197.9700164794922 184.232177734375
automobile 0.9951777 207.977294921875 75.08013153076172 243.16165161132812 110.02982330322266
deer 0.994998 152.87948608398438 186.23899841308594 187.99163818359375 220.8873748779297
frog 0.9938781 125.86781311035156 22.230728149414062 154.94041442871094 51.157928466796875
truck 0.98876584 196.099853515625 51.132652282714844 218.06011962890625 73.07523345947266
automobile 0.98709846 112.87785339355469 212.8929901123047 145.1432647705078 245.09031677246094
frog 0.98582757 207.8281707763672 125.13510131835938 236.96397399902344 154.07147216796875
automobile 0.9754864 74.00401306152344 124.86605834960938 112.03578186035156 162.96697998046875
truck 0.9469769 25.973955154418945 48.94565200805664 52.075416564941406 75.36566925048828
deer 0.92212623 170.93771362304688 5.861972808837891 206.15750122070312 40.99343490600586
frog 0.8788221 82.06782531738281 95.14601135253906 98.01809692382812 111.06962585449219
ship 0.858029 33.07135772705078 2.2527008056640625 59.06122589111328 28.07549476623535
truck 0.83798313 47.084877014160156 91.01573181152344 62.96553039550781 107.13687133789062
frog 0.7966576 64.97785949707031 16.972679138183594 94.01315307617188 45.9964485168457
frog 0.7912012 32.99216079711914 164.1247100830078 71.05934143066406 202.0160675048828
ship 0.7802744 47.08819580078125 91.04248046875 62.99427032470703 107.16769409179688
deer 0.6911602 47.084877014160156 91.01573181152344 62.96553039550781 107.13687133789062
deer 0.6815329 82.14852905273438 95.11708068847656 98.0469970703125 111.07350158691406
deer 0.6541001 68.04756927490234 216.10040283203125 84.0517349243164 232.02743530273438
deer 0.6246329 64.97785949707031 16.972679138183594 94.01315307617188 45.9964485168457
truck 0.56998086 68.04302978515625 216.06813049316406 84.05743408203125 232.11045837402344
deer 0.53809613 133.12782287597656 61.927764892578125 168.0781707763672 96.90409851074219
dog 0.53407395 213.97378540039062 0.9715604782104492 242.99917602539062 30.08489990234375
frog 0.51901066 213.97378540039062 0.9715604782104492 242.99917602539062 30.08489990234375
bird 0.4994725 82.14852905273438 95.11708068847656 98.0469970703125 111.07350158691406
airplane 0.4861219 68.04302978515625 216.06813049316406 84.05743408203125 232.11045837402344
automobile 0.45156538 82.14852905273438 95.11708068847656 98.0469970703125 111.07350158691406
ship 0.41739765 68.04756927490234 216.10040283203125 84.0517349243164 232.02743530273438
cat 0.36575562 213.97378540039062 0.9715604782104492 242.99917602539062 30.08489990234375
automobile 0.3595853 33.07135772705078 2.2527008056640625 59.06122589111328 28.07549476623535
truck 0.3434664 213.98379516601562 0.9744911193847656 243.00848388671875 30.192033767700195
cat 0.2742665 47.03266143798828 91.05359649658203 62.95204162597656 107.10567474365234
frog 0.25143808 133.07542419433594 62.02237319946289 168.0515594482422 97.10433959960938
frog 0.23160252 196.07962036132812 51.090904235839844 218.063720703125 73.19657135009766
truck 0.21433204 74.02230072021484 124.92053985595703 112.02014923095703 163.07789611816406
