dog 0.99688065 211.94558715820312 185.0564727783203 234.03305053710938 206.94239807128906
bird 0.99258214 174.01243591308594 2.0676679611206055 199.97364807128906 28.115005493164062
deer 0.9924493 68.0639877319336 22.032917022705078 87.08927154541016 41.01591110229492
truck 0.9784689 0.0514373779296875 42.09506607055664 26.16729164123535 67.95147705078125
ship 0.9746498 68.94239807128906 118.03765106201172 84.90675354003906 134.09930419921875
frog 0.95402986 155.08241271972656 91.95026397705078 184.1073760986328 121.1180191040039
ship 0.94321823 0.8154354095458984 205.03619384765625 38.84589385986328 243.0489501953125
bird 0.94022584 17.023921966552734 147.18338012695312 48.97830581665039 179.08200073242188
deer 0.9289678 26.988990783691406 11.06852912902832 43.13939666748047 26.954221725463867
dog 0.92099893 52.06049728393555 62.08500671386719 87.00410461425781 97.14793395996094
cat 0.90424633 191.14027404785156 81.08465576171875 219.9569854736328 109.98579406738281
deer 0.90181965 159.11109924316406 131.05458068847656 177.96702575683594 149.98219299316406
airplane 0.8987719 126.02497100830078 27.069801330566406 141.98280334472656 43.175270080566406
bird 0.8928138 71.99703216552734 169.01959228515625 91.03336334228516 187.93780517578125
truck 0.88790965 55.02117156982422 215.1608428955078 92.9770278930664 253.20701599121094
frog 0.81315994 16.91375732421875 119.14593505859375 43.05841064453125 145.21987915039062
deer 0.7856089 16.91375732421875 119.14593505859375 43.05841064453125 145.21987915039062
cat 0.76563877 71.99703216552734 169.01959228515625 91.03336334228516 187.93780517578125
deer 0.75870377 2.243435859680176 20.120460510253906 20.95635986328125 38.974552154541016
airplane 0.75690687 121.98014831542969 163.10923767089844 154.01206970214844 195.1694793701172
ship 0.75395817 122.01200866699219 163.0296630859375 154.00758361816406 195.0709228515625
deer 0.75043714 125.96061706542969 27.059864044189453 142.0211944580078 43.1395378112793
frog 0.7186451 26.910112380981445 10.986364364624023 43.11658477783203 26.92519187927246
automobile 0.7116373 126.04206085205078 27.080005645751953 142.03097534179688 43.1551399230957
frog 0.6149046 2.1208858489990234 20.100296020507812 20.940317153930664 39.07295227050781
ship 0.5511128 191.16647338867188 81.14186096191406 219.89590454101562 110.0098876953125
cat 0.5441451 26.910112380981445 10.986364364624023 43.11658477783203 26.92519187927246
ship 0.5109405 54.950897216796875 215.05084228515625 92.99905395507812 252.9605712890625
truck 0.460747 121.98014831542969 163.10923767089844 154.01206970214844 195.1694793701172
bird 0.43189737 159.0803680419922 131.1038818359375 178.01344299316406 150.0089111328125
frog 0.42083144 164.1480255126953 185.0406036376953 199.09483337402344 219.94187927246094
frog 0.39638394 159.0803680419922 131.1038818359375 178.01344299316406 150.0089111328125
ship 0.366404 26.910112380981445 10.986364364624023 43.11658477783203 26.92519187927246
ship 0.31126544 125.96061706542969 27.059864044189453 142.0211944580078 43.1395378112793
cat 0.2656044 164.15643310546875 184.984375 199.04010009765625 219.82540893554688
airplane 0.26403818 26.937084197998047 11.024889945983887 43.11447525024414 26.965007781982422
dog 0.26152235 164.1480255126953 185.0406036376953 199.09483337402344 219.94187927246094
bird 0.2447567 155.08241271972656 91.95026397705078 184.1073760986328 121.1180191040039
deer 0.23690128 16.96419906616211 147.2153778076172 48.86018753051758 179.06520080566406
truck 0.22873062 26.937084197998047 11.024889945983887 43.11447525024414 26.965007781982422
bird 0.22472012 52.025821685791016 62.17933654785156 86.98271179199219 97.12237548828125
deer 0.22384527 155.08241271972656 91.95026397705078 184.1073760986328 121.1180191040039
cat 0.22198883 51.913936614990234 62.121742248535156 87.03822326660156 97.14046478271484
truck 0.2060895 125.96061706542969 27.059864044189453 142.0211944580078 43.1395378112793
cat 0.20101318 2.243435859680176 20.120460510253906 20.95635986328125 38.974552154541016
