dog 0.9961534 47.0186882019043 196.95602416992188 78.93013000488281 228.99591064453125
truck 0.9959247 1.0335140228271484 26.136098861694336 36.18605041503906 61.22474670410156
dog 0.99548745 215.14952087402344 51.00248718261719 249.98509216308594 86.07977294921875
automobile 0.994522 161.12098693847656 142.2813720703125 195.9595489501953 177.03024291992188
bird 0.99319106 107.9495620727539 201.00277709960938 145.99520874023438 239.11932373046875
deer 0.99139965 74.07939147949219 95.09892272949219 95.84165954589844 117.02053833007812
deer 0.9892014 127.97982025146484 21.118053436279297 156.93014526367188 50.10287857055664
frog 0.9888353 24.01643180847168 85.97067260742188 61.89625549316406 124.00303649902344
cat 0.98341936 182.1250457763672 190.04647827148438 213.97520446777344 222.19113159179688
frog 0.9673724 155.03382873535156 183.97671508789062 177.1251983642578 206.12515258789062
truck 0.96494347 143.0006866455078 91.00749206542969 158.9949493408203 107.08175659179688
cat 0.94402444 99.08802795410156 90.00873565673828 118.09597778320312 108.92668914794922
truck 0.9403398 202.10598754882812 87.11746215820312 224.08163452148438 108.99069213867188
dog 0.9097792 205.06512451171875 138.91404724121094 239.947509765625 174.0585174560547
frog 0.9063715 37.12574005126953 153.00587463378906 59.105499267578125 175.09690856933594
airplane 0.9026923 70.03563690185547 127.07540893554688 105.00489044189453 161.97900390625
airplane 0.8484065 140.07537841796875 135.12765502929688 158.86782836914062 153.9949951171875
deer 0.6975059 80.33943176269531 25.156417846679688 117.74990844726562 63.16930389404297
ship 0.62619025 70.01840209960938 127.05183410644531 104.98741149902344 161.9772186279297
truck 0.5845095 140.08956909179688 135.0445098876953 158.82833862304688 153.9276580810547
automobile 0.49022263 143.0006866455078 91.00749206542969 158.9949493408203 107.08175659179688
automobile 0.47987738 202.07455444335938 87.13079833984375 223.99569702148438 109.05082702636719
cat 0.46313065 205.06512451171875 138.91404724121094 239.947509765625 174.0585174560547
frog 0.3861789 182.17288208007812 189.9845733642578 214.02798461914062 222.1800079345703
cat 0.35278267 122.05517578125 74.04393005371094 140.97811889648438 92.97996520996094
deer 0.32834572 37.071006774902344 153.05999755859375 59.02386474609375 175.06192016601562
ship 0.30421 98.99583435058594 89.88831329345703 118.34808349609375 109.09716033935547
frog 0.2606867 205.06512451171875 138.91404724121094 239.947509765625 174.0585174560547
