automobile 0.99846935 70.04004669189453 87.16006469726562 91.91455841064453 109.02020263671875
frog 0.9981122 25.033527374267578 93.09088134765625 54.10445785522461 122.00596618652344
frog 0.9977243 215.03501892089844 157.95053100585938 236.96726989746094 180.09967041015625
frog 0.99704325 177.12789916992188 131.93988037109375 212.20596313476562 166.9395751953125
ship 0.9966336 187.1379852294922 56.1119384765625 219.1425323486328 88.01960754394531
bird 0.99660635 213.8627166748047 111.84197235107422 252.06578063964844 149.81539916992188
automobile 0.99613273 164.17938232421875 28.070587158203125 190.1212158203125 53.99445343017578
deer 0.994216 80.74639129638672 124.16077423095703 118.95116424560547 162.04656982421875
airplane 0.9907286 11.143445014953613 23.116931915283203 43.11378860473633 55.1368522644043
frog 0.9876332 110.06722259521484 76.06180572509766 148.0030059814453 114.00550079345703
ship 0.9789549 17.071121215820312 185.0739288330078 42.978694915771484 211.09718322753906
bird 0.8176129 56.0479850769043 30.053268432617188 84.85694885253906 59.13719177246094
deer 0.77675843 134.0496063232422 39.99843215942383 155.96202087402344 62.010562896728516
frog 0.7522466 133.01901245117188 200.87399291992188 148.95919799804688 216.98052978515625
deer 0.73195577 163.9840545654297 173.94190979003906 199.1833953857422 209.0503692626953
ship 0.71703035 208.10552978515625 216.0233612060547 236.86196899414062 245.00038146972656
truck 0.6808874 208.10552978515625 216.0233612060547 236.86196899414062 245.00038146972656
deer 0.68080455 93.97523498535156 21.41941261291504 132.11001586914062 59.726478576660156
deer 0.6120589 129.94650268554688 167.03219604492188 162.19866943359375 198.69906616210938
dog 0.61050767 73.87875366210938 165.9620361328125 96.0911865234375 188.07711791992188
truck 0.6040445 133.0544891357422 200.8101806640625 149.00193786621094 217.04779052734375
cat 0.5762291 163.96682739257812 174.04251098632812 199.14324951171875 209.12759399414062
bird 0.56081355 130.06396484375 166.93740844726562 162.17373657226562 198.87472534179688
deer 0.5240342 133.0544891357422 200.8101806640625 149.00193786621094 217.04779052734375
frog 0.5177741 163.96682739257812 174.04251098632812 199.14324951171875 209.12759399414062
frog 0.48663375 73.87875366210938 165.9620361328125 96.0911865234375 188.07711791992188
cat 0.4835853 56.0479850769043 30.053268432617188 84.85694885253906 59.13719177246094
bird 0.4083954 133.94407653808594 39.97129821777344 155.9191131591797 62.17439270019531
truck 0.39571577 94.03397369384766 21.017751693725586 132.0037841796875 59.23207092285156
frog 0.38785642 93.97523498535156 21.41941261291504 132.11001586914062 59.726478576660156
frog 0.38393867 130.00439453125 167.0052032470703 162.21389770507812 198.7266082763672
airplane 0.36114424 93.94420623779297 21.129667282104492 131.9725341796875 59.124961853027344
frog 0.35597196 11.031951904296875 23.023990631103516 43.111717224121094 55.04697036743164
bird 0.3176778 73.87875366210938 165.9620361328125 96.0911865234375 188.07711791992188
frog 0.25866443 56.0341796875 29.972768783569336 84.86709594726562 59.112892150878906
cat 0.24876958 133.94407653808594 39.97129821777344 155.9191131591797 62.17439270019531
automobile 0.23228791 208.07505798339844 216.12936401367188 236.8813018798828 245.06503295898438
bird 0.21863687 11.054594039916992 23.047414779663086 43.05681610107422 55.135704040527344
