frog 0.999043 120.00007629394531 115.29022216796875 148.8539276123047 144.04083251953125
deer 0.995944 130.98150634765625 3.8221893310546875 165.95217895507812 39.16075134277344
deer 0.995736 76.96414184570312 151.08412170410156 112.00222778320312 186.0357208251953
frog 0.9955034 202.99916076660156 80.21385192871094 229.0169219970703 105.96260070800781
deer 0.99173707 57.84905242919922 94.0616455078125 92.91307830810547 129.10565185546875
frog 0.990844 194.99349975585938 197.83465576171875 232.90145874023438 235.8970947265625
dog 0.9908129 106.3177490234375 194.0000457763672 124.96511840820312 213.0250701904297
dog 0.99019444 18.027454376220703 214.81590270996094 49.98574447631836 246.88587951660156
deer 0.9836941 143.0584259033203 150.02537536621094 171.87254333496094 179.0826873779297
deer 0.98224986 116.09387969970703 70.06805419921875 153.9983367919922 108.19313049316406
frog 0.9792928 189.05776977539062 135.01199340820312 217.95538330078125 164.14358520507812
cat 0.9630954 54.99138259887695 55.97123718261719 76.90020751953125 78.17535400390625
frog 0.9557998 92.07827758789062 25.14996337890625 127.24050903320312 60.053009033203125
deer 0.9511057 154.03829956054688 216.16200256347656 179.88262939453125 242.0938262939453
bird 0.9487312 196.06590270996094 174.08937072753906 214.99037170410156 193.17417907714844
airplane 0.932571 15.045205116271973 69.20761108398438 43.97731399536133 98.13151550292969
automobile 0.84451973 29.045766830444336 164.134765625 64.04920959472656 198.87539672851562
frog 0.80562055 193.9852752685547 33.05138397216797 229.0070343017578 67.9218978881836
bird 0.6697309 193.9852752685547 33.05138397216797 229.0070343017578 67.9218978881836
airplane 0.6110918 29.16288185119629 164.22921752929688 63.974334716796875 198.955810546875
cat 0.591491 95.91188049316406 118.1144790649414 115.00128173828125 136.95733642578125
ship 0.5048943 15.05536937713623 69.08377838134766 44.01771926879883 98.08196258544922
frog 0.46530917 95.96742248535156 118.1110610961914 114.97503662109375 137.1254119873047
dog 0.34385395 95.91188049316406 118.1144790649414 115.00128173828125 136.95733642578125
dog 0.33227473 54.88904571533203 55.8982048034668 76.8825912475586 78.23397827148438
frog 0.27312163 196.06590270996094 174.08937072753906 214.99037170410156 193.17417907714844
dog 0.2683811 196.06590270996094 174.08937072753906 214.99037170410156 193.17417907714844
automobile 0.20566988 92.033935546875 25.017202377319336 127.22511291503906 60.111900329589844
deer 0.20243853 189.10659790039062 135.05978393554688 218.01834106445312 164.07894897460938
