airplane 0.9992032 155.1423797607422 87.04801940917969 187.15159606933594 119.12812805175781
ship 0.99853253 78.96189880371094 42.77054977416992 101.07395935058594 65.33981323242188
frog 0.99307287 144.77969360351562 154.03515625 177.02462768554688 186.06320190429688
dog 0.9901897 41.96038055419922 170.0765380859375 76.94276428222656 205.0450439453125
automobile 0.988847 174.0761260986328 195.1206512451172 192.9212188720703 213.86048889160156
frog 0.98880374 206.08853149414062 142.07928466796875 240.91384887695312 176.9383544921875
frog 0.97953475 107.96058654785156 19.98328399658203 126.95001220703125 39.04871368408203
automobile 0.978283 147.8269500732422 38.92082977294922 182.9401397705078 74.02923583984375
deer 0.96718645 82.90533447265625 67.91455078125 118.09963989257812 102.91532897949219
automobile 0.9547746 110.14440155029297 167.0401153564453 135.9874725341797 193.2135772705078
frog 0.9432825 34.03885269165039 91.00830078125 56.02518844604492 113.03529357910156
deer 0.9266795 179.0824737548828 13.121834754943848 198.02732849121094 31.983810424804688
ship 0.8995402 6.032520294189453 126.118896484375 41.075965881347656 161.0277099609375
frog 0.8341142 202.03347778320312 195.03599548339844 240.13461303710938 233.0843963623047
dog 0.68761635 214.18003845214844 32.0845947265625 248.9434051513672 66.87474060058594
frog 0.6828531 188.86338806152344 76.13267517089844 214.9051971435547 102.15066528320312
bird 0.6456218 188.86338806152344 76.13267517089844 214.9051971435547 102.15066528320312
frog 0.48567545 38.061405181884766 43.1329231262207 70.01805877685547 74.94808197021484
bird 0.4827713 214.18003845214844 32.0845947265625 248.9434051513672 66.87474060058594
bird 0.4220084 80.94000244140625 17.996370315551758 103.08531188964844 39.894935607910156
airplane 0.39182732 6.032520294189453 126.118896484375 41.075965881347656 161.0277099609375
frog 0.34349257 214.14309692382812 32.20155334472656 249.14700317382812 66.89974975585938
deer 0.32602462 202.0638427734375 194.96755981445312 240.26153564453125 233.12359619140625
bird 0.27577436 34.053165435791016 91.1152114868164 55.922847747802734 113.0171890258789
bird 0.27065653 202.17410278320312 194.97567749023438 240.06210327148438 233.12469482421875
frog 0.2534416 81.03589630126953 18.090904235839844 102.98235321044922 40.06517028808594
deer 0.21145302 214.14309692382812 32.20155334472656 249.14700317382812 66.89974975585938
bird 0.20648813 82.88995361328125 67.96937561035156 118.17262268066406 102.95794677734375
