airplane 0.9964564 11.12402057647705 166.1765899658203 39.9182014465332 194.9959259033203
dog 0.9938625 144.18051147460938 3.1308727264404297 181.95050048828125 41.13591766357422
frog 0.9927962 16.02576446533203 119.8404769897461 50.974647521972656 155.0775146484375
deer 0.99271405 190.09619140625 39.00468826293945 221.99026489257812 70.9632797241211
frog 0.99177235 45.08562469482422 169.11012268066406 67.04242706298828 191.02516174316406
frog 0.9907901 160.9896240234375 56.95446014404297 186.87838745117188 83.14836883544922
airplane 0.97601676 77.03450012207031 215.96726989746094 99.06613159179688 238.0402069091797
truck 0.9707622 113.0320816040039 71.21309661865234 132.0077362060547 90.0280990600586
dog 0.92473936 52.00856018066406 20.14166259765625 86.98329162597656 54.95386505126953
truck 0.9113451 90.97676086425781 76.09998321533203 110.05415344238281 95.00153350830078
truck 0.89132243 132.05078125 180.97035217285156 166.83438110351562 215.9385528564453
dog 0.89079845 197.24403381347656 212.0983123779297 228.83717346191406 243.85780334472656
frog 0.8751663 112.17013549804688 140.8402862548828 150.1988525390625 179.07069396972656
deer 0.84023625 166.95565795898438 89.07459259033203 196.19229125976562 118.02725982666016
airplane 0.820552 117.11245727539062 99.10948181152344 151.925048828125 133.92811584472656
automobile 0.6614767 90.97676086425781 76.09998321533203 110.05415344238281 95.00153350830078
ship 0.64469314 116.97525024414062 99.05941009521484 151.82421875 133.89877319335938
truck 0.56829894 2.0388126373291016 209.95077514648438 30.982248306274414 238.98733520507812
bird 0.545152 15.828425407409668 94.06302642822266 37.81587219238281 116.26151275634766
frog 0.48377106 105.04319763183594 16.062671661376953 127.14616394042969 37.826480865478516
cat 0.40051362 112.02932739257812 140.9368896484375 150.32815551757812 179.110595703125
bird 0.31250057 166.8523712158203 89.1208724975586 196.28916931152344 118.14977264404297
bird 0.2803266 197.2696990966797 212.14996337890625 228.8457794189453 243.93515014648438
deer 0.2606687 132.06222534179688 181.18052673339844 166.77316284179688 216.0438995361328
dog 0.24770263 15.828425407409668 94.06302642822266 37.81587219238281 116.26151275634766
deer 0.24460503 15.828425407409668 94.06302642822266 37.81587219238281 116.26151275634766
cat 0.23723218 166.8523712158203 89.1208724975586 196.28916931152344 118.14977264404297
ship 0.23260766 113.0320816040039 71.21309661865234 132.0077362060547 90.0280990600586
deer 0.2322157 51.9854621887207 20.03551483154297 86.94876098632812 54.94328308105469
deer 0.22590357 197.27708435058594 212.11924743652344 228.82530212402344 243.8412322998047
bird 0.2254759 112.02932739257812 140.9368896484375 150.32815551757812 179.110595703125
