frog 0.99891716 117.239501953125 135.2297821044922 145.98202514648438 164.00120544433594
automobile 0.9972568 204.9335479736328 54.9574089050293 239.9080352783203 89.94496154785156
ship 0.9955563 1.871725082397461 37.024803161621094 27.980621337890625 62.95630645751953
dog 0.9939849 49.891021728515625 38.04400634765625 69.01885223388672 57.03870391845703
truck 0.9933065 132.0602569580078 12.936616897583008 170.04087829589844 51.098663330078125
frog 0.9930592 199.97190856933594 169.9636688232422 215.9154510498047 185.92759704589844
frog 0.9924676 70.99722290039062 84.03096008300781 97.0909423828125 110.10871887207031
airplane 0.9907752 5.03555965423584 85.05294036865234 26.96963882446289 107.01049041748047
bird 0.9866011 164.155029296875 200.09088134765625 199.05966186523438 234.96487426757812
airplane 0.98653626 109.0085678100586 68.01555633544922 144.0474395751953 103.0518569946289
frog 0.9682586 211.81600952148438 117.9639663696289 238.00881958007812 144.11749267578125
dog 0.96300054 115.83589935302734 197.9071502685547 141.95785522460938 224.0717315673828
automobile 0.9594588 24.993459701538086 128.08120727539062 44.045135498046875 146.91494750976562
dog 0.9537534 164.0341033935547 77.19932556152344 185.91075134277344 99.04057312011719
frog 0.9446891 59.98514175415039 175.06619262695312 78.99177551269531 194.02349853515625
dog 0.83434975 1.8969993591308594 195.10745239257812 34.03376007080078 227.13690185546875
ship 0.8115368 28.995704650878906 96.0534896850586 45.12230682373047 111.8479232788086
truck 0.7760962 76.06718444824219 136.84007263183594 110.98269653320312 171.95033264160156
airplane 0.7660591 29.042160034179688 96.00444030761719 44.98573303222656 111.83317565917969
frog 0.75646 85.12777709960938 207.14865112304688 113.80743408203125 235.8218994140625
bird 0.75162506 76.11412811279297 137.06878662109375 110.88545989990234 171.93960571289062
ship 0.57598203 174.010009765625 56.222686767578125 193.01657104492188 75.28890991210938
dog 0.41546547 85.12777709960938 207.14865112304688 113.80743408203125 235.8218994140625
truck 0.40630987 174.10841369628906 56.23773193359375 193.02903747558594 75.26907348632812
cat 0.35513538 84.9989242553711 207.07460021972656 113.64464569091797 235.89625549316406
airplane 0.27882552 174.19647216796875 56.27324676513672 192.92279052734375 75.21773529052734
cat 0.27470577 1.8603267669677734 195.14306640625 33.96564483642578 227.23187255859375
automobile 0.24311945 174.10841369628906 56.23773193359375 193.02903747558594 75.26907348632812
truck 0.224509 60.02040100097656 175.07374572753906 79.143798828125 194.0056610107422
frog 0.20673919 76.11412811279297 137.06878662109375 110.88545989990234 171.93960571289062
