frog 0.99919844 190.11807250976562 155.17869567871094 219.14096069335938 183.93409729003906
frog 0.99455655 15.978933334350586 23.091426849365234 53.885223388671875 60.96256637573242
bird 0.9944131 211.0633087158203 2.3085365295410156 248.99049377441406 39.917728424072266
airplane 0.9923296 43.111942291259766 215.09808349609375 64.98057556152344 236.97119140625
truck 0.9905689 91.16792297363281 63.115516662597656 123.0521240234375 94.9583969116211
automobile 0.98806876 147.9333953857422 162.1315155029297 180.1405487060547 194.1262969970703
truck 0.9836135 66.05044555664062 11.901716232299805 91.91673278808594 37.97576141357422
ship 0.97891134 200.29388427734375 66.06925964355469 226.17919921875 92.10176086425781
frog 0.9778131 22.08171844482422 70.16838836669922 44.029212951660156 92.05493927001953
bird 0.9632897 204.1284942626953 210.13221740722656 232.9750213623047 238.97837829589844
dog 0.7164256 149.00448608398438 45.94087600708008 165.00039672851562 62.04697036743164
frog 0.7065541 74.06221008300781 202.0662841796875 102.92918395996094 231.15994262695312
cat 0.6632135 74.15631103515625 202.0670166015625 102.95858764648438 231.1541748046875
dog 0.62762016 44.04927444458008 163.04042053222656 63.060787200927734 181.9880828857422
ship 0.55504274 4.074865341186523 159.0358428955078 30.02317237854004 184.9133758544922
ship 0.5139522 111.03776550292969 206.0542755126953 146.1457061767578 240.83485412597656
deer 0.47034398 4.074865341186523 159.0358428955078 30.02317237854004 184.9133758544922
cat 0.40855166 44.061683654785156 163.10182189941406 63.10972595214844 181.97499084472656
automobile 0.372254 111.03776550292969 206.0542755126953 146.1457061767578 240.83485412597656
airplane 0.36528975 44.00224685668945 163.1014404296875 63.10441207885742 181.96954345703125
truck 0.28409404 200.29388427734375 66.06925964355469 226.17919921875 92.10176086425781
airplane 0.2769926 204.20635986328125 210.28341674804688 232.9171142578125 238.99774169921875
