ship 0.99704874 42.059288024902344 40.001556396484375 76.98515319824219 75.1070556640625
airplane 0.99538887 155.11415100097656 212.08584594726562 187.0508575439453 243.95846557617188
automobile 0.9908101 178.83631896972656 96.18773651123047 211.08494567871094 127.76172637939453
bird 0.9893555 117.16362762451172 145.0465850830078 135.99574279785156 163.9346160888672
frog 0.98917544 96.16841125488281 38.08528518676758 115.01628112792969 57.01167678833008
frog 0.9827781 195.01332092285156 36.03630447387695 232.9842071533203 73.99151611328125
truck 0.98197925 6.984258651733398 127.158935546875 29.056543350219727 148.9755859375
automobile 0.9819707 141.09576416015625 72.96116638183594 175.99005126953125 107.79661560058594
deer 0.98092675 39.97663116455078 103.13072967529297 78.07886505126953 140.89971923828125
deer 0.95765054 1.9459342956542969 11.054094314575195 18.10492515563965 27.010499954223633
deer 0.9575247 128.04681396484375 21.05778694152832 159.98336791992188 52.9898681640625
truck 0.92452085 180.80123901367188 128.98147583007812 209.94332885742188 157.94369506835938
frog 0.910745 215.02374267578125 157.1962432861328 241.09140014648438 183.19590759277344
bird 0.8413198 117.94380187988281 197.0157928466797 144.04298400878906 223.0880889892578
frog 0.80693287 145.97889709472656 120.00303649902344 168.02073669433594 142.0399627685547
frog 0.7428494 32.16252136230469 204.10955810546875 51.004676818847656 222.93450927734375
dog 0.66345644 45.048526763916016 167.03366088867188 63.99748611450195 186.01962280273438
deer 0.6317208 205.06651306152344 185.99107360839844 243.14805603027344 223.8217010498047
automobile 0.6154803 192.1405487060547 0.9243984222412109 211.0186004638672 19.874216079711914
frog 0.48560303 165.00453186035156 166.28140258789062 194.0486297607422 195.12332153320312
cat 0.47800958 45.021324157714844 167.04067993164062 63.96570587158203 186.0107421875
frog 0.46425527 1.9212779998779297 11.047853469848633 18.151500701904297 27.003278732299805
dog 0.4589081 215.2222137451172 157.15576171875 241.0817413330078 183.09930419921875
cat 0.44924515 215.2222137451172 157.15576171875 241.0817413330078 183.09930419921875
cat 0.44037843 165.00453186035156 166.28140258789062 194.0486297607422 195.12332153320312
frog 0.38108203 192.1153564453125 0.8779802322387695 210.95687866210938 19.95217514038086
cat 0.35095674 180.78614807128906 129.04367065429688 210.0002899169922 157.8709716796875
deer 0.32060397 192.1958770751953 0.9610280990600586 210.95677185058594 19.914398193359375
ship 0.29851043 205.12901306152344 185.9493865966797 243.0443572998047 223.8461151123047
automobile 0.2913417 1.9212779998779297 11.047853469848633 18.151500701904297 27.003278732299805
cat 0.28227025 6.984258651733398 127.158935546875 29.056543350219727 148.9755859375
bird 0.2810933 192.1153564453125 0.8779802322387695 210.95687866210938 19.95217514038086
cat 0.26823217 146.194580078125 120.20341491699219 168.11593627929688 141.94053649902344
cat 0.24412 205.32272338867188 186.54354858398438 243.65945434570312 223.79046630859375
dog 0.23064345 165.0818634033203 166.25746154785156 193.95802307128906 195.1771697998047
deer 0.2302154 45.060272216796875 167.1028289794922 63.95051574707031 186.04405212402344
frog 0.21971673 117.94380187988281 197.0157928466797 144.04298400878906 223.0880889892578
bird 0.21588352 146.194580078125 120.20341491699219 168.11593627929688 141.94053649902344
truck 0.2030203 1.9459342956542969 11.054094314575195 18.10492515563965 27.010499954223633
