automobile 0.9963963 132.13783264160156 211.16070556640625 167.0503387451172 246.03494262695312
airplane 0.9932128 8.021214485168457 200.0460968017578 26.916980743408203 218.98780822753906
dog 0.9928421 124.10771942138672 50.13142776489258 159.0139923095703 84.9527587890625
frog 0.99112654 173.08790588378906 41.12765121459961 195.00038146972656 63.056880950927734
bird 0.9892905 175.99899291992188 95.07019805908203 208.11614990234375 127.13968658447266
deer 0.9886627 194.99099731445312 199.002685546875 233.09173583984375 236.99639892578125
truck 0.9833574 184.91650390625 153.09510803222656 223.16653442382812 191.29063415527344
deer 0.97976923 209.99559020996094 127.23680114746094 231.95643615722656 148.9782257080078
deer 0.8901011 80.83647918701172 3.1550722122192383 106.93700408935547 28.97028350830078
truck 0.8778756 0.9708499908447266 72.97993469238281 30.105728149414062 101.93630981445312
frog 0.86522055 81.91564178466797 52.02322769165039 114.0854721069336 84.15667724609375
bird 0.8015125 124.07937622070312 105.9693374633789 150.04794311523438 132.13040161132812
cat 0.73505396 208.04258728027344 59.79136657714844 237.0208282470703 89.02403259277344
bird 0.7079456 39.27796173095703 65.984375 73.81707000732422 101.08633422851562
deer 0.6663896 124.07937622070312 105.9693374633789 150.04794311523438 132.13040161132812
frog 0.663134 131.0498504638672 147.0742950439453 147.0495147705078 162.99937438964844
truck 0.6269851 66.10482788085938 199.99916076660156 92.03427124023438 226.02284240722656
dog 0.6046311 208.10458374023438 59.77573013305664 237.09420776367188 89.1357421875
automobile 0.59556425 70.04903411865234 118.03128051757812 89.03511810302734 136.9088134765625
automobile 0.58017194 204.9765625 21.275856018066406 242.96893310546875 58.85840606689453
frog 0.5193016 80.83647918701172 3.1550722122192383 106.93700408935547 28.97028350830078
frog 0.4474879 208.04258728027344 59.79136657714844 237.0208282470703 89.02403259277344
deer 0.40742436 131.01007080078125 147.01812744140625 146.99197387695312 162.91714477539062
deer 0.39128327 39.290279388427734 66.06880187988281 73.97138977050781 101.22596740722656
airplane 0.3890754 0.9708499908447266 72.97993469238281 30.105728149414062 101.93630981445312
cat 0.38441756 0.9708499908447266 72.97993469238281 30.105728149414062 101.93630981445312
automobile 0.3783754 124.036865234375 105.97766876220703 150.1651611328125 132.01239013671875
airplane 0.36514083 205.13511657714844 21.229827880859375 242.9869842529297 58.84944152832031
cat 0.35995057 145.21405029296875 185.20010375976562 163.95413208007812 204.4337158203125
bird 0.32052943 131.01007080078125 147.01812744140625 146.99197387695312 162.91714477539062
dog 0.30954045 124.07937622070312 105.9693374633789 150.04794311523438 132.13040161132812
frog 0.25028485 205.13511657714844 21.229827880859375 242.9869842529297 58.84944152832031
deer 0.20646799 205.13511657714844 21.229827880859375 242.9869842529297 58.84944152832031
frog 0.2064332 0.9708499908447266 72.97993469238281 30.105728149414062 101.93630981445312
