frog 0.99904025 118.1860122680664 177.1973114013672 144.13888549804688 202.6818389892578
truck 0.9986361 204.1936798095703 189.97825622558594 238.9621124267578 225.0537872314453
frog 0.9970413 142.1468048095703 135.1874237060547 167.88771057128906 161.07911682128906
ship 0.9961808 139.02911376953125 31.01885986328125 173.94302368164062 66.05914306640625
airplane 0.9936609 65.07049560546875 197.84774780273438 91.04640197753906 224.00738525390625
ship 0.9922248 5.092592239379883 114.06416320800781 40.05890655517578 149.00950622558594
deer 0.9880588 145.07444763183594 195.07748413085938 182.99327087402344 232.90863037109375
deer 0.9808259 143.09030151367188 81.0237045288086 175.00823974609375 112.93248748779297
truck 0.9796902 27.916929244995117 12.993780136108398 63.040367126464844 47.87294006347656
frog 0.9783821 71.11260986328125 18.01433563232422 103.12838745117188 50.146240234375
frog 0.97619164 21.028602600097656 208.17483520507812 55.931312561035156 242.96038818359375
cat 0.956974 186.10609436035156 159.03399658203125 207.90403747558594 181.15036010742188
cat 0.90214276 175.07867431640625 35.04637908935547 210.12948608398438 70.1349868774414
cat 0.89109516 120.13148498535156 156.0542755126953 139.04420471191406 174.90757751464844
cat 0.8496996 212.8699951171875 33.091949462890625 242.04159545898438 62.157562255859375
automobile 0.8174606 18.995197296142578 92.04411315917969 35.02617645263672 108.025390625
automobile 0.7638726 95.13621520996094 54.24452209472656 127.09774780273438 86.10499572753906
frog 0.7283486 187.06187438964844 120.02835083007812 209.0350799560547 141.9208984375
deer 0.54267263 95.13621520996094 54.24452209472656 127.09774780273438 86.10499572753906
truck 0.53750986 120.13148498535156 156.0542755126953 139.04420471191406 174.90757751464844
frog 0.51084536 0.9559488296508789 168.95321655273438 22.95661163330078 191.11865234375
truck 0.43045247 18.959835052490234 91.979736328125 34.962440490722656 107.96343994140625
dog 0.35463354 212.8699951171875 33.091949462890625 242.04159545898438 62.157562255859375
frog 0.3473554 95.13621520996094 54.24452209472656 127.09774780273438 86.10499572753906
airplane 0.3196158 143.09030151367188 81.0237045288086 175.00823974609375 112.93248748779297
truck 0.22748145 95.13621520996094 54.24452209472656 127.09774780273438 86.10499572753906
bird 0.22570771 1.1244983673095703 169.146484375 23.03509521484375 191.03350830078125
