ship 0.99911046 203.02957153320312 202.1335906982422 231.90213012695312 230.99928283691406
frog 0.9989009 134.02468872070312 38.16526794433594 162.87911987304688 66.93701934814453
ship 0.99822414 74.119384765625 15.071282386779785 92.91087341308594 33.96699142456055
dog 0.9980047 165.1055450439453 84.17447662353516 193.95155334472656 113.00589752197266
ship 0.9976059 189.0480499267578 162.11744689941406 211.0501251220703 184.08436584472656
ship 0.9918401 110.00664520263672 142.0601348876953 142.02706909179688 174.05690002441406
truck 0.9873772 208.09036254882812 91.1151123046875 245.94635009765625 129.17494201660156
cat 0.9870236 40.81595993041992 214.14122009277344 69.97504425048828 243.07225036621094
frog 0.9870026 44.06789016723633 9.955564498901367 62.93821334838867 29.030141830444336
frog 0.9765457 214.00228881835938 11.009649276733398 251.95016479492188 48.800018310546875
deer 0.9668466 84.04360961914062 75.91250610351562 121.885009765625 113.82308959960938
ship 0.9588053 63.26472473144531 43.184112548828125 95.14387512207031 75.07987976074219
cat 0.958527 24.02600860595703 51.025299072265625 59.24561309814453 85.98037719726562
frog 0.94147754 0.9881229400634766 133.94235229492188 39.08879852294922 171.97274780273438
airplane 0.93471736 181.00230407714844 31.198551177978516 199.9612579345703 50.05205154418945
dog 0.8821183 119.85994720458984 205.06716918945312 146.0315704345703 231.20184326171875
automobile 0.8686055 71.04417419433594 127.06558227539062 89.95930480957031 146.02691650390625
frog 0.82705736 0.0 208.05841064453125 29.062271118164062 237.02877807617188
deer 0.81171465 126.00682830810547 74.09581756591797 145.08648681640625 93.01383209228516
truck 0.60502696 126.00682830810547 74.09581756591797 145.08648681640625 93.01383209228516
truck 0.37897265 180.97509765625 31.17645263671875 199.9403076171875 49.969139099121094
deer 0.35183668 0.010995864868164062 208.1058807373047 29.011266708374023 237.0026092529297
bird 0.33234817 0.0 208.05841064453125 29.062271118164062 237.02877807617188
airplane 0.26310068 126.00682830810547 74.09581756591797 145.08648681640625 93.01383209228516
deer 0.23876682 71.0429916381836 127.07486724853516 90.01691436767578 146.05810546875
