frog 0.997977 16.909496307373047 62.144065856933594 42.97578048706055 88.0861587524414
truck 0.99750257 47.08302688598633 48.89271926879883 79.01512145996094 81.21481323242188
frog 0.99652934 61.064231872558594 91.11817932128906 93.04161834716797 122.95553588867188
ship 0.99558353 162.99658203125 177.02279663085938 182.08721923828125 196.00604248046875
frog 0.99536324 11.23693561553955 144.24281311035156 37.16373825073242 170.02622985839844
bird 0.9909667 114.059326171875 136.9329833984375 151.88629150390625 175.05770874023438
bird 0.988376 153.15260314941406 89.19365692138672 175.0489044189453 110.99163055419922
ship 0.98830223 23.002408981323242 197.97802734375 41.962318420410156 217.05642700195312
frog 0.98819095 213.17745971679688 102.00808715820312 248.02694702148438 136.87432861328125
dog 0.97800756 208.11904907226562 43.042259216308594 245.97970581054688 81.04608154296875
deer 0.95521826 190.8052978515625 2.220376968383789 220.0130615234375 31.00217628479004
automobile 0.95277786 112.95824432373047 43.13644790649414 131.93331909179688 61.98884201049805
airplane 0.8933296 146.09071350097656 116.10890197753906 162.03956604003906 132.10675048828125
frog 0.8669702 148.9778289794922 215.98277282714844 187.0422821044922 253.82322692871094
airplane 0.84842 209.9845428466797 191.1475830078125 232.1002960205078 213.0716552734375
dog 0.82670623 145.05738830566406 50.04261016845703 180.08277893066406 85.0763168334961
airplane 0.7153616 180.06454467773438 92.07081604003906 196.04299926757812 108.319091796875
truck 0.6154636 23.052326202392578 123.96206665039062 42.10820388793945 142.95751953125
ship 0.6050085 180.02354431152344 92.0919418334961 195.97999572753906 108.22852325439453
truck 0.59333754 77.11051177978516 141.09532165527344 103.12728118896484 167.3497772216797
airplane 0.5692152 23.01038360595703 123.97998809814453 42.05298614501953 142.9011688232422
truck 0.5477231 180.02354431152344 92.0919418334961 195.97999572753906 108.22852325439453
automobile 0.522137 77.09939575195312 141.001708984375 103.10818481445312 167.260986328125
ship 0.48111895 146.09071350097656 116.10890197753906 162.03956604003906 132.10675048828125
deer 0.4569494 146.09071350097656 116.10890197753906 162.03956604003906 132.10675048828125
automobile 0.4551518 23.01038360595703 123.97998809814453 42.05298614501953 142.9011688232422
automobile 0.42981288 209.9947967529297 191.13455200195312 232.05348205566406 213.04669189453125
truck 0.34307158 146.04052734375 116.05786895751953 162.0128173828125 132.08888244628906
truck 0.33190584 112.99029541015625 43.10169219970703 131.93226623535156 61.95106506347656
ship 0.31072804 23.01038360595703 123.97998809814453 42.05298614501953 142.9011688232422
frog 0.2858073 77.15470123291016 141.00213623046875 103.09664154052734 167.37747192382812
frog 0.28094938 145.0436553955078 49.985443115234375 180.1458282470703 85.05551147460938
deer 0.274109 145.05738830566406 50.04261016845703 180.08277893066406 85.0763168334961
dog 0.27007383 148.98794555664062 216.01846313476562 187.07083129882812 253.67404174804688
automobile 0.26210567 180.10655212402344 92.20864868164062 196.0508270263672 108.31808471679688
bird 0.26123166 148.9778289794922 215.98277282714844 187.0422821044922 253.82322692871094
cat 0.25789267 145.05738830566406 50.04261016845703 180.08277893066406 85.0763168334961
cat 0.23672262 148.9778289794922 215.98277282714844 187.0422821044922 253.82322692871094
frog 0.22751266 112.98776245117188 43.13621139526367 131.89466857910156 61.93439865112305
