automobile 0.99890924 179.0994110107422 114.07757568359375 200.8127899169922 136.02407836914062
frog 0.99859715 147.0925750732422 84.98654174804688 176.02613830566406 113.93418884277344
deer 0.9969438 92.92373657226562 54.12232208251953 124.99519348144531 86.00455474853516
ship 0.99684143 27.97290802001953 189.9146728515625 44.03041076660156 206.20330810546875
airplane 0.9942136 117.91036987304688 4.789698600769043 143.83645629882812 30.993186950683594
automobile 0.99224466 76.92179870605469 14.095779418945312 93.04295349121094 30.085067749023438
bird 0.98732805 201.94923400878906 89.0487289428711 240.1707305908203 127.14998626708984
truck 0.98460925 45.13678741455078 161.00086975097656 61.00812530517578 177.02503967285156
frog 0.9843123 20.030656814575195 116.15283966064453 57.956085205078125 154.113525390625
frog 0.9747461 139.10975646972656 201.08255004882812 171.1018829345703 232.90069580078125
truck 0.9489446 47.97292709350586 5.938968658447266 73.87519836425781 32.05812454223633
deer 0.92709434 144.0935821533203 39.04944610595703 182.13917541503906 77.0969009399414
airplane 0.9230981 213.04115295410156 11.115056991577148 247.92445373535156 46.08997344970703
frog 0.78687435 113.0762710571289 172.90475463867188 138.9792938232422 199.20175170898438
bird 0.7641639 102.18306732177734 151.09815979003906 120.97814178466797 169.9636688232422
airplane 0.74337727 166.98069763183594 151.9878692626953 199.1623077392578 184.13145446777344
airplane 0.70950645 39.066383361816406 66.22721099853516 76.89088439941406 104.0655288696289
cat 0.6689129 139.10975646972656 201.08255004882812 171.1018829345703 232.90069580078125
dog 0.592693 103.11894226074219 126.04668426513672 122.08909606933594 145.069580078125
cat 0.5849265 113.0248031616211 172.9393768310547 138.99729919433594 199.04368591308594
bird 0.45357656 211.92529296875 69.99734497070312 228.02651977539062 86.17170715332031
deer 0.4318343 38.98878479003906 66.13091278076172 77.02709197998047 103.99576568603516
bird 0.43080565 143.98538208007812 39.06075668334961 182.10919189453125 76.98304748535156
airplane 0.41125762 85.95018005371094 185.04052734375 108.10868835449219 207.09844970703125
bird 0.40782505 103.07412719726562 126.0074691772461 122.00257873535156 145.07313537597656
cat 0.3661412 103.11894226074219 126.04668426513672 122.08909606933594 145.069580078125
deer 0.3355928 167.03700256347656 151.9171142578125 199.07142639160156 183.9412841796875
frog 0.32003188 39.11626052856445 66.22972869873047 76.87623596191406 104.04549407958984
ship 0.3000785 39.113895416259766 66.18960571289062 76.90388488769531 104.07144165039062
frog 0.29499024 103.11894226074219 126.04668426513672 122.08909606933594 145.069580078125
ship 0.27649182 167.03700256347656 151.9171142578125 199.07142639160156 183.9412841796875
airplane 0.26457494 143.98538208007812 39.06075668334961 182.10919189453125 76.98304748535156
airplane 0.25362447 102.13087463378906 151.1461181640625 120.94996643066406 170.035400390625
bird 0.24548787 39.066383361816406 66.22721099853516 76.89088439941406 104.0655288696289
automobile 0.23778066 47.89733123779297 5.885008811950684 74.05380249023438 32.04334259033203
truck 0.23576438 76.92179870605469 14.095779418945312 93.04295349121094 30.085067749023438
automobile 0.23504561 45.13678741455078 161.00086975097656 61.00812530517578 177.02503967285156
cat 0.23477775 167.049560546875 151.96078491210938 198.966552734375 184.10299682617188
bird 0.21998733 92.93798828125 54.003692626953125 125.01777648925781 86.02333068847656
ship 0.21197417 212.9742431640625 11.070062637329102 248.00244140625 46.05143737792969
deer 0.20916262 103.11894226074219 126.04668426513672 122.08909606933594 145.069580078125
cat 0.2083382 39.066383361816406 66.22721099853516 76.89088439941406 104.0655288696289
ship 0.20682213 103.11894226074219 126.04668426513672 122.08909606933594 145.069580078125
