automobile 0.9986998 28.027935028076172 89.18821716308594 50.113338470458984 111.10101318359375
automobile 0.99649656 12.049406051635742 45.14032745361328 50.03410339355469 82.95760345458984
dog 0.9959208 196.85824584960938 41.03239822387695 226.1795654296875 70.07096862792969
frog 0.995627 10.133598327636719 5.153668403625488 28.919036865234375 23.979354858398438
automobile 0.9951799 189.9928436279297 193.1292724609375 227.98655700683594 230.87713623046875
airplane 0.9923675 203.12088012695312 75.19710540771484 235.00830078125 107.00162506103516
cat 0.99041164 57.029415130615234 214.09573364257812 88.93819427490234 245.9552001953125
automobile 0.9877005 182.02711486816406 6.273285388946533 197.9567413330078 22.074247360229492
automobile 0.9869352 96.07303619384766 199.96417236328125 127.93050384521484 231.99185180664062
airplane 0.9832841 139.94837951660156 73.88802337646484 169.0051727294922 103.02852630615234
automobile 0.9746013 186.0785369873047 172.05560302734375 202.09669494628906 188.09716796875
cat 0.97340643 103.10270690917969 114.01295471191406 140.99546813964844 152.05458068847656
automobile 0.96361136 172.76107788085938 128.95057678222656 205.021240234375 161.0071258544922
frog 0.95637655 140.0396728515625 23.1409912109375 159.005615234375 41.933677673339844
bird 0.94455653 78.95829772949219 85.96048736572266 100.998046875 107.8741226196289
dog 0.9298456 86.97457885742188 25.012073516845703 105.98876953125 43.917049407958984
cat 0.8210377 55.04942321777344 55.86454391479492 81.02207946777344 82.21458435058594
frog 0.7655555 96.86865234375 154.9842987060547 126.027099609375 183.9746856689453
airplane 0.44667137 96.86865234375 154.9842987060547 126.027099609375 183.9746856689453
frog 0.4117695 55.04942321777344 55.86454391479492 81.02207946777344 82.21458435058594
automobile 0.28402352 96.86865234375 154.9842987060547 126.027099609375 183.9746856689453
deer 0.26021397 144.07908630371094 146.12928771972656 170.00025939941406 172.0589141845703
airplane 0.20685324 78.979736328125 85.98614501953125 100.97308349609375 107.97151184082031
