frog 0.9965999 165.11280822753906 104.08430480957031 187.05577087402344 125.98005676269531
truck 0.995556 121.96011352539062 206.11077880859375 141.04119873046875 225.01693725585938
airplane 0.9950031 152.9337158203125 32.12603759765625 184.85476684570312 64.28633880615234
dog 0.9922515 110.08946990966797 161.90538024902344 128.9791259765625 180.96510314941406
dog 0.98784876 80.0037612915039 194.9365234375 105.89746856689453 221.20730590820312
frog 0.9728433 163.02645874023438 184.8702392578125 188.97738647460938 211.1697998046875
truck 0.9713271 197.07098388671875 8.996306419372559 226.19680786132812 38.01863479614258
deer 0.96924746 158.03587341308594 68.77118682861328 186.9916229248047 97.9790267944336
airplane 0.9642236 9.060965538024902 53.99320983886719 41.01795959472656 86.10517883300781
frog 0.9152678 15.992216110229492 105.03761291503906 42.13096618652344 131.1639404296875
ship 0.9114394 191.0659637451172 156.08660888671875 206.9499969482422 172.0712890625
cat 0.90907514 44.06757736206055 158.18560791015625 79.23348999023438 192.65985107421875
airplane 0.9039607 87.00281524658203 52.04678726196289 122.1561508178711 87.09326171875
automobile 0.83006835 202.04273986816406 72.017333984375 218.0314483642578 88.05181884765625
airplane 0.8293513 23.87518310546875 215.97377014160156 59.153831481933594 251.03489685058594
cat 0.8048997 48.159637451171875 83.11985778808594 86.05670166015625 121.06364440917969
dog 0.76804304 214.0610809326172 120.00962829589844 248.8407440185547 155.17271423339844
ship 0.7525469 8.909318923950195 53.96464157104492 40.97161102294922 86.15335083007812
automobile 0.6579546 191.0659637451172 156.08660888671875 206.9499969482422 172.0712890625
dog 0.6250828 32.05812072753906 9.918045043945312 69.99960327148438 48.0684700012207
airplane 0.56021166 109.97891235351562 119.89252471923828 138.98480224609375 149.11306762695312
cat 0.48873484 16.027467727661133 105.02086639404297 42.17542266845703 131.094970703125
cat 0.46830985 31.948280334472656 9.912736892700195 69.94781494140625 48.03016662597656
bird 0.41290048 23.95273780822754 216.0118865966797 59.098663330078125 251.07493591308594
frog 0.3739879 197.07098388671875 8.996306419372559 226.19680786132812 38.01863479614258
frog 0.3488817 214.01454162597656 119.79317474365234 248.7489776611328 155.1048583984375
bird 0.3297019 15.992216110229492 105.03761291503906 42.13096618652344 131.1639404296875
deer 0.32846344 214.01454162597656 119.79317474365234 248.7489776611328 155.1048583984375
deer 0.31290337 15.992216110229492 105.03761291503906 42.13096618652344 131.1639404296875
automobile 0.31229764 109.95877075195312 119.94271087646484 138.94618225097656 149.0248565673828
bird 0.30739406 214.01454162597656 119.79317474365234 248.7489776611328 155.1048583984375
truck 0.2864452 31.948280334472656 9.912736892700195 69.94781494140625 48.03016662597656
deer 0.28227141 23.87518310546875 215.97377014160156 59.153831481933594 251.03489685058594
dog 0.2619515 15.992216110229492 105.03761291503906 42.13096618652344 131.1639404296875
deer 0.2576999 31.969560623168945 9.883453369140625 70.23527526855469 48.171329498291016
bird 0.2520404 158.078369140625 68.9013442993164 186.939697265625 98.10652923583984
airplane 0.24867809 48.12934875488281 83.09767150878906 86.05360412597656 120.97178649902344
truck 0.23812073 191.0659637451172 156.08660888671875 206.9499969482422 172.0712890625
frog 0.23472658 109.97891235351562 119.89252471923828 138.98480224609375 149.11306762695312
automobile 0.22065961 214.01454162597656 119.79317474365234 248.7489776611328 155.1048583984375
deer 0.22056785 48.235679626464844 83.25198364257812 85.85782623291016 121.0252685546875
deer 0.2178171 110.03466796875 119.81194305419922 138.9668731689453 148.9732208251953
cat 0.21198389 87.01548767089844 52.064430236816406 122.14755249023438 87.14920806884766
frog 0.20640874 44.2177848815918 158.1496124267578 79.28564453125 192.6628875732422
