cat 0.9979206 52.98686981201172 137.0376739501953 85.02240753173828 169.17689514160156
truck 0.9971966 173.91635131835938 188.000732421875 206.10946655273438 219.94927978515625
frog 0.9957168 119.22050476074219 185.02919006347656 154.0011749267578 219.8716278076172
automobile 0.99568206 193.8763885498047 98.98355102539062 228.85768127441406 134.0330810546875
automobile 0.99257755 60.01493835449219 112.05696105957031 79.03810119628906 131.0587158203125
bird 0.99175835 181.7327880859375 34.9849967956543 207.90725708007812 61.09382247924805
cat 0.9887299 129.03390502929688 55.13163375854492 154.79461669921875 81.12348937988281
frog 0.9868672 142.0847625732422 102.16398620605469 164.0137481689453 124.10958862304688
truck 0.9683759 12.916924476623535 105.0327377319336 35.080970764160156 126.9186782836914
cat 0.95306003 121.05558013916016 157.2040252685547 143.1189422607422 179.08192443847656
dog 0.871548 69.1089859008789 65.10038757324219 104.02007293701172 99.77983093261719
frog 0.85958636 87.06178283691406 181.06399536132812 103.06985473632812 197.05548095703125
bird 0.7481713 20.01837158203125 70.11654663085938 42.022003173828125 92.01127624511719
truck 0.744019 87.94456481933594 106.43854522705078 126.07200622558594 143.9141845703125
airplane 0.693481 20.041736602783203 70.09010314941406 41.971134185791016 91.83628845214844
airplane 0.6573751 44.038963317871094 204.04415893554688 59.99473571777344 220.05715942382812
automobile 0.572904 87.06178283691406 181.06399536132812 103.06985473632812 197.05548095703125
frog 0.5231459 32.97581100463867 32.1376953125 58.834171295166016 57.97650909423828
ship 0.476497 65.95416259765625 12.974140167236328 81.91891479492188 29.000507354736328
cat 0.4642524 65.95416259765625 12.974140167236328 81.91891479492188 29.000507354736328
truck 0.45037213 65.95416259765625 12.974140167236328 81.91891479492188 29.000507354736328
airplane 0.4379816 65.95416259765625 12.974140167236328 81.91891479492188 29.000507354736328
truck 0.4032911 32.21390151977539 134.11521911621094 51.036067962646484 153.11705017089844
cat 0.40006626 32.96070098876953 32.0638542175293 59.01604461669922 57.98153305053711
frog 0.3807893 65.95416259765625 12.974140167236328 81.91891479492188 29.000507354736328
dog 0.37949696 32.21390151977539 134.11521911621094 51.036067962646484 153.11705017089844
deer 0.36706918 69.03766632080078 65.0771255493164 103.95270538330078 99.92879486083984
truck 0.3446962 87.06178283691406 181.06399536132812 103.06985473632812 197.05548095703125
bird 0.32436085 69.03766632080078 65.0771255493164 103.95270538330078 99.92879486083984
frog 0.31944734 32.21390151977539 134.11521911621094 51.036067962646484 153.11705017089844
cat 0.27073565 32.21390151977539 134.11521911621094 51.036067962646484 153.11705017089844
automobile 0.2513184 87.94456481933594 106.43854522705078 126.07200622558594 143.9141845703125
ship 0.24964684 20.041736602783203 70.09010314941406 41.971134185791016 91.83628845214844
deer 0.24160898 87.06178283691406 181.06399536132812 103.06985473632812 197.05548095703125
deer 0.24045518 65.95416259765625 12.974140167236328 81.91891479492188 29.000507354736328
frog 0.22911996 68.97106170654297 65.11386108398438 103.83785247802734 99.84635925292969
airplane 0.21693096 87.01010131835938 181.0692138671875 103.06344604492188 197.13638305664062
