ship 0.99813145 103.97886657714844 60.04600143432617 133.02841186523438 89.25967407226562
frog 0.99795187 180.11544799804688 149.08380126953125 212.04132080078125 181.00942993164062
automobile 0.9924983 87.95770263671875 200.99078369140625 103.99949645996094 216.8489990234375
bird 0.9863279 103.06706237792969 142.13287353515625 140.77879333496094 180.03286743164062
ship 0.98577476 60.084938049316406 213.14405822753906 86.00199127197266 239.1103057861328
dog 0.98323166 66.12688446044922 35.14747619628906 92.2308578491211 61.03216552734375
ship 0.9645624 87.0550308227539 86.0711441040039 102.9963150024414 102.0506362915039
ship 0.9512361 214.0651397705078 13.069555282592773 243.17356872558594 42.16790008544922
truck 0.92252016 24.066240310668945 123.01264953613281 39.99421691894531 139.25929260253906
dog 0.91029835 148.0768280029297 31.084726333618164 179.9916534423828 63.096649169921875
frog 0.8797636 170.0478973388672 87.93582153320312 191.78733825683594 110.11410522460938
automobile 0.8169123 24.039142608642578 122.99846649169922 40.03726577758789 139.22166442871094
cat 0.780467 109.99395751953125 11.948452949523926 128.97525024414062 31.202091217041016
ship 0.7530613 147.91065979003906 153.07034301757812 167.07676696777344 172.04763793945312
truck 0.692448 198.03761291503906 56.99916458129883 214.0282440185547 72.91979217529297
frog 0.66012573 4.20158576965332 47.96338653564453 38.924285888671875 82.94844818115234
bird 0.6244452 4.028348922729492 47.97704315185547 38.913002014160156 83.20418548583984
cat 0.6192342 193.18072509765625 83.16659545898438 231.00863647460938 121.25419616699219
dog 0.61022085 75.14737701416016 112.1864013671875 93.98143768310547 131.0634307861328
airplane 0.60978955 147.91065979003906 153.07034301757812 167.07676696777344 172.04763793945312
frog 0.58254266 193.12326049804688 83.13404083251953 230.93588256835938 121.15738677978516
bird 0.52320504 148.1114959716797 30.97243881225586 179.89552307128906 63.13173294067383
cat 0.4792641 75.14737701416016 112.1864013671875 93.98143768310547 131.0634307861328
truck 0.44744873 60.207298278808594 212.98252868652344 85.97449493408203 238.9884490966797
deer 0.4223755 214.092041015625 13.152131080627441 243.19277954101562 42.21805953979492
frog 0.3911025 109.98399353027344 12.022135734558105 128.9853973388672 31.166393280029297
ship 0.3476522 23.995121002197266 122.9491195678711 39.99259948730469 139.2210235595703
automobile 0.34453675 198.10108947753906 56.98910903930664 214.05979919433594 73.00235748291016
automobile 0.33515078 66.07774353027344 35.07280349731445 92.15461730957031 61.013484954833984
deer 0.33140585 198.10108947753906 56.98910903930664 214.05979919433594 73.00235748291016
airplane 0.31863296 109.97314453125 12.001445770263672 128.9683380126953 31.16363525390625
cat 0.2690221 198.03079223632812 57.019630432128906 214.00009155273438 72.94744110107422
deer 0.25907826 4.028348922729492 47.97704315185547 38.913002014160156 83.20418548583984
dog 0.24389291 4.028348922729492 47.97704315185547 38.913002014160156 83.20418548583984
deer 0.23706803 109.99395751953125 11.948452949523926 128.97525024414062 31.202091217041016
airplane 0.23294371 24.039142608642578 122.99846649169922 40.03726577758789 139.22166442871094
truck 0.22913554 87.95770263671875 200.99078369140625 103.99949645996094 216.8489990234375
cat 0.2145932 4.028348922729492 47.97704315185547 38.913002014160156 83.20418548583984
frog 0.20857662 198.05300903320312 57.004371643066406 214.08477783203125 73.0590591430664
bird 0.20739615 75.120361328125 112.04547882080078 94.01954650878906 131.09136962890625
