ship 0.9952593 199.82119750976562 21.024917602539062 232.16390991210938 52.962677001953125
bird 0.9949955 163.0548553466797 105.66220092773438 201.0526885986328 143.8743896484375
frog 0.9943849 130.99038696289062 29.075233459472656 165.99249267578125 63.91424560546875
truck 0.9938705 155.94583129882812 211.9376220703125 181.88424682617188 238.05136108398438
frog 0.9843906 190.1147003173828 67.25263214111328 215.8915557861328 92.99158477783203
ship 0.98371875 13.97683334350586 46.09269714355469 48.91114807128906 80.984375
airplane 0.97940433 100.97526550292969 143.14138793945312 130.01165771484375 171.98410034179688
cat 0.9791359 126.05714416503906 94.25160217285156 161.0115203857422 129.11402893066406
airplane 0.97822654 117.14297485351562 5.993291854858398 139.21469116210938 27.8615665435791
automobile 0.970992 71.07292175292969 2.1703357696533203 108.88348388671875 40.10685729980469
cat 0.92755866 75.8358154296875 60.01018524169922 110.91954040527344 94.93816375732422
truck 0.9127054 44.01001739501953 192.04640197753906 63.071205139160156 210.84226989746094
frog 0.8508551 79.99946594238281 110.14811706542969 99.00863647460938 129.0746307373047
airplane 0.84417367 69.03206634521484 183.1025390625 98.07085418701172 211.96490478515625
automobile 0.83741254 68.85591125488281 183.1564483642578 97.98501586914062 211.94752502441406
ship 0.8315389 203.03704833984375 156.0582733154297 222.11587524414062 175.0066375732422
airplane 0.74894303 36.972103118896484 212.32037353515625 55.85586166381836 230.977783203125
frog 0.70927197 37.90542984008789 145.9336395263672 70.11729431152344 178.16416931152344
frog 0.6673755 130.95376586914062 76.88401794433594 147.04827880859375 92.87582397460938
bird 0.57205474 79.95616149902344 110.0786361694336 99.01963806152344 128.93899536132812
cat 0.5339933 202.96664428710938 156.04246520996094 222.11032104492188 175.00379943847656
deer 0.52589625 37.90542984008789 145.9336395263672 70.11729431152344 178.16416931152344
automobile 0.40192094 44.034332275390625 192.04159545898438 63.040428161621094 210.94729614257812
ship 0.39507425 36.972103118896484 212.32037353515625 55.85586166381836 230.977783203125
ship 0.3828412 71.11404418945312 2.0663204193115234 108.9200439453125 40.05686950683594
automobile 0.36534643 36.972103118896484 212.32037353515625 55.85586166381836 230.977783203125
airplane 0.3481673 203.03704833984375 156.0582733154297 222.11587524414062 175.0066375732422
dog 0.30250633 75.8358154296875 60.01018524169922 110.91954040527344 94.93816375732422
deer 0.23961392 188.0167694091797 210.02032470703125 223.0608367919922 245.16555786132812
automobile 0.23815972 79.95616149902344 110.0786361694336 99.01963806152344 128.93899536132812
cat 0.23755443 190.1147003173828 67.25263214111328 215.8915557861328 92.99158477783203
bird 0.22700137 37.90542984008789 145.9336395263672 70.11729431152344 178.16416931152344
truck 0.22044417 100.97526550292969 143.14138793945312 130.01165771484375 171.98410034179688
