ship 0.9991771 193.01441955566406 153.15557861328125 215.0496063232422 175.04678344726562
truck 0.99872875 141.0011444091797 4.986501693725586 170.14674377441406 34.22217559814453
truck 0.9972417 62.94042205810547 128.97584533691406 94.99748992919922 161.1044158935547
automobile 0.99652123 119.97480773925781 37.97271728515625 158.0248260498047 76.16032409667969
automobile 0.9958567 91.1948013305664 202.99371337890625 129.03378295898438 240.8896484375
frog 0.99418575 40.04529571533203 78.00928497314453 77.91780853271484 116.1382064819336
ship 0.989488 65.68749237060547 169.05181884765625 95.18282318115234 197.87384033203125
ship 0.9890294 162.0388946533203 196.97584533691406 177.9663543701172 213.0695343017578
ship 0.9789273 1.9302997589111328 106.13491821289062 37.26624298095703 140.98019409179688
dog 0.9783298 185.07911682128906 52.943382263183594 223.02403259277344 91.0573501586914
cat 0.96652246 47.047115325927734 16.07552146911621 62.97172927856445 31.941652297973633
truck 0.93351203 81.97120666503906 52.97015380859375 114.158447265625 84.99044799804688
cat 0.9294307 177.03713989257812 110.0323715209961 215.0594482421875 148.27818298339844
truck 0.8923906 135.99282836914062 80.07435607910156 158.01730346679688 101.957763671875
airplane 0.8526879 7.88185977935791 196.98388671875 23.94057846069336 213.10665893554688
dog 0.82998425 10.000814437866211 26.995153427124023 42.14744567871094 59.230438232421875
ship 0.8248915 7.959992408752441 197.0684051513672 23.981586456298828 213.0756072998047
automobile 0.7981664 135.82672119140625 80.20947265625 157.88104248046875 101.97734069824219
ship 0.7791074 137.04225158691406 128.6674346923828 169.04197692871094 161.17543029785156
truck 0.6809076 7.959992408752441 197.0684051513672 23.981586456298828 213.0756072998047
truck 0.6564411 177.03713989257812 110.0323715209961 215.0594482421875 148.27818298339844
truck 0.6363298 194.91232299804688 23.346126556396484 216.98605346679688 45.1188850402832
bird 0.6343948 9.096867561340332 61.04426956176758 31.230682373046875 82.85671997070312
frog 0.60025346 9.197216987609863 60.89237976074219 31.08047103881836 83.13668823242188
bird 0.5806274 10.000814437866211 26.995153427124023 42.14744567871094 59.230438232421875
airplane 0.5505426 137.04225158691406 128.6674346923828 169.04197692871094 161.17543029785156
ship 0.5092108 136.04942321777344 80.05986785888672 157.91224670410156 102.0530776977539
airplane 0.49317282 162.0388946533203 196.97584533691406 177.9663543701172 213.0695343017578
frog 0.36297792 10.000814437866211 26.995153427124023 42.14744567871094 59.230438232421875
cat 0.32101652 9.956493377685547 26.894346237182617 42.235008239746094 59.17591094970703
ship 0.30827147 81.92790985107422 53.172279357910156 114.09432220458984 85.0062484741211
airplane 0.28102708 82.05014038085938 52.93347930908203 114.36431884765625 85.14818572998047
deer 0.27219892 9.197216987609863 60.89237976074219 31.08047103881836 83.13668823242188
ship 0.26144305 9.07351016998291 60.9393196105957 31.050384521484375 83.19322204589844
cat 0.25923532 9.096867561340332 61.04426956176758 31.230682373046875 82.85671997070312
automobile 0.2286464 1.9302997589111328 106.13491821289062 37.26624298095703 140.98019409179688
automobile 0.22480556 7.934741020202637 197.05381774902344 23.965328216552734 213.10179138183594
