ship 0.9961977 167.96627807617188 14.034006118774414 203.052490234375 48.92344665527344
truck 0.99483657 138.9586181640625 111.04953002929688 168.19955444335938 140.04290771484375
bird 0.9930639 91.03533935546875 93.82818603515625 119.91488647460938 122.95651245117188
frog 0.9927722 111.29424285888672 157.04603576660156 137.07537841796875 183.1415557861328
frog 0.9911735 114.99430084228516 195.04263305664062 153.04808044433594 232.91299438476562
frog 0.9889946 119.10472106933594 5.006553649902344 145.20069885253906 30.790916442871094
ship 0.9719102 107.97000885009766 38.05293273925781 140.00570678710938 70.19942474365234
airplane 0.9670528 176.00486755371094 195.7863006591797 202.0675506591797 222.12522888183594
frog 0.9441614 143.21368408203125 52.364723205566406 178.00091552734375 86.8694076538086
automobile 0.92097056 208.9703826904297 149.0931854248047 228.0254364013672 167.88145446777344
deer 0.89069414 35.06330871582031 209.28515625 70.07784271240234 244.07431030273438
ship 0.8762088 9.037758827209473 158.0928955078125 27.979270935058594 176.978759765625
frog 0.8590697 71.83828735351562 171.07049560546875 110.14710998535156 209.06808471679688
truck 0.841082 82.15288543701172 68.16319274902344 101.08800506591797 86.79595947265625
airplane 0.83777213 71.99691009521484 171.09803771972656 110.16190338134766 209.04017639160156
airplane 0.81509703 9.037758827209473 158.0928955078125 27.979270935058594 176.978759765625
ship 0.81006587 34.01529312133789 28.966554641723633 59.98000717163086 54.99866485595703
cat 0.7897054 34.01529312133789 28.966554641723633 59.98000717163086 54.99866485595703
automobile 0.74529153 52.00409698486328 56.94036102294922 74.10095977783203 78.91837310791016
airplane 0.55166644 51.952205657958984 57.097572326660156 74.08953094482422 79.03966522216797
automobile 0.47261536 1.0148229598999023 89.06218719482422 20.081382751464844 108.00772857666016
automobile 0.46513158 82.13668823242188 68.11495208740234 101.12466430664062 86.85572052001953
cat 0.4637491 1.0148229598999023 89.06218719482422 20.081382751464844 108.00772857666016
ship 0.37655294 52.01290512084961 57.113494873046875 74.02789306640625 79.02546691894531
frog 0.3673525 1.0148229598999023 89.06218719482422 20.081382751464844 108.00772857666016
truck 0.35007957 208.94320678710938 149.0209197998047 227.94927978515625 167.8754119873047
truck 0.32180417 0.9277725219726562 89.09616088867188 20.024320602416992 107.9571533203125
truck 0.2807709 176.00486755371094 195.7863006591797 202.0675506591797 222.12522888183594
airplane 0.26849163 1.0148229598999023 89.06218719482422 20.081382751464844 108.00772857666016
deer 0.26760995 1.0337896347045898 89.09082794189453 20.084823608398438 108.01590728759766
truck 0.25473446 34.01529312133789 28.966554641723633 59.98000717163086 54.99866485595703
ship 0.24334902 176.00486755371094 195.7863006591797 202.0675506591797 222.12522888183594
truck 0.21387434 108.07556915283203 38.07245635986328 140.09095764160156 70.21715545654297
truck 0.20054024 52.063255310058594 57.09548568725586 74.02632141113281 79.00990295410156
ship 0.20052472 82.13668823242188 68.11495208740234 101.12466430664062 86.85572052001953
