truck 0.9983045 74.86628723144531 53.00413513183594 104.0830078125 81.99041748046875
ship 0.99684316 214.0072479248047 164.99380493164062 239.9628143310547 191.09689331054688
deer 0.9958172 112.03022766113281 83.1452865600586 149.95774841308594 121.0318832397461
automobile 0.9954792 52.05491256713867 32.05979919433594 71.01235961914062 51.158721923828125
frog 0.9942069 32.09059143066406 62.04669952392578 67.0206069946289 97.0821762084961
deer 0.9930359 26.17329978942871 133.9889373779297 48.08113098144531 156.2567901611328
bird 0.98373806 73.18072509765625 110.04627227783203 101.89067077636719 138.97647094726562
cat 0.9829072 196.1943817138672 7.043804168701172 231.0555877685547 42.0140266418457
automobile 0.9755187 12.087823867797852 203.13470458984375 38.00562286376953 228.83120727539062
dog 0.9714538 105.02562713623047 125.0107650756836 130.91012573242188 151.12677001953125
cat 0.95110416 159.0382537841797 43.006202697753906 190.95408630371094 74.9662094116211
automobile 0.9461956 190.03407287597656 192.1967010498047 212.0183563232422 214.10801696777344
frog 0.945663 203.91702270507812 94.07879638671875 241.9468994140625 131.86074829101562
airplane 0.9078509 8.959671020507812 25.099018096923828 24.97189712524414 40.98587417602539
automobile 0.90260774 137.10125732421875 127.04210662841797 175.04949951171875 164.92916870117188
frog 0.810297 189.9998779296875 192.0789794921875 212.07586669921875 214.06307983398438
ship 0.7088197 72.95750427246094 176.98870849609375 111.00518798828125 214.99423217773438
airplane 0.68636245 170.99864196777344 78.97624206542969 190.0021209716797 97.97329711914062
ship 0.59329534 183.01510620117188 153.98910522460938 198.95089721679688 169.8677978515625
frog 0.5421253 137.10125732421875 127.04210662841797 175.04949951171875 164.92916870117188
bird 0.4953232 171.0304718017578 78.94963836669922 190.01609802246094 98.05750274658203
cat 0.4593184 204.04771423339844 94.10157012939453 241.8856658935547 131.95689392089844
bird 0.44792533 72.94905853271484 177.00918579101562 111.10228729248047 214.97537231445312
cat 0.4398471 183.01510620117188 153.98910522460938 198.95089721679688 169.8677978515625
airplane 0.43777996 73.0359878540039 177.01272583007812 111.08026885986328 215.05984497070312
automobile 0.32141867 182.9994659423828 153.7301483154297 198.9510040283203 169.97596740722656
truck 0.31953 182.9994659423828 153.7301483154297 198.9510040283203 169.97596740722656
frog 0.28670785 159.16156005859375 42.87809371948242 191.03567504882812 74.85570526123047
bird 0.25210366 8.93513298034668 25.17434310913086 24.972009658813477 41.03159713745117
airplane 0.25028294 183.01510620117188 153.98910522460938 198.95089721679688 169.8677978515625
cat 0.23333251 105.02562713623047 125.0107650756836 130.91012573242188 151.12677001953125
ship 0.22686628 137.2362518310547 127.07315063476562 175.02137756347656 165.07443237304688
frog 0.21595109 72.94905853271484 177.00918579101562 111.10228729248047 214.97537231445312
truck 0.2092517 190.03407287597656 192.1967010498047 212.0183563232422 214.10801696777344
