automobile 0.99887633 175.89663696289062 9.214478492736816 202.03665161132812 35.144630432128906
frog 0.9987737 80.17765045166016 155.1775360107422 111.97101593017578 186.97914123535156
frog 0.99616754 43.06325912475586 197.966796875 68.93675231933594 224.07766723632812
airplane 0.9956192 156.0077667236328 206.0883331298828 182.0049591064453 231.9759979248047
cat 0.989424 18.06192398071289 184.13833618164062 40.0496711730957 206.05325317382812
frog 0.9800937 97.94998931884766 71.99964904785156 113.8722152709961 88.04731750488281
automobile 0.9539338 5.099551200866699 23.99909210205078 36.93662643432617 55.99604797363281
airplane 0.9496548 1.9284744262695312 81.95436096191406 27.695446014404297 107.73625183105469
frog 0.9469887 23.96393585205078 109.16476440429688 62.13323974609375 146.95498657226562
airplane 0.9441651 89.027587890625 114.02130126953125 107.95770263671875 132.9614715576172
ship 0.90727973 204.0185546875 39.99250411987305 238.92282104492188 74.98081970214844
airplane 0.90438986 199.0345916748047 195.04141235351562 234.04417419433594 230.0830078125
truck 0.82641864 150.9751739501953 25.977352142333984 173.16001892089844 48.02566909790039
airplane 0.7774917 129.07528686523438 125.97945404052734 154.99264526367188 151.9131622314453
dog 0.76274246 171.10963439941406 169.1150360107422 197.00807189941406 194.88575744628906
ship 0.7337198 164.01388549804688 103.00054168701172 179.98165893554688 119.02112579345703
bird 0.703703 164.0290069580078 103.09095764160156 179.9946746826172 119.01425170898438
automobile 0.63383865 150.9751739501953 25.977352142333984 173.16001892089844 48.02566909790039
dog 0.6192531 97.98040771484375 72.0278549194336 113.84638977050781 88.02825164794922
deer 0.52117366 119.08447265625 79.16822814941406 151.09420776367188 111.26176452636719
bird 0.519966 94.00724792480469 208.0621795654297 112.93484497070312 227.07057189941406
deer 0.5038535 62.050071716308594 15.204023361206055 84.02523040771484 37.11054992675781
frog 0.47173607 94.00724792480469 208.0621795654297 112.93484497070312 227.07057189941406
truck 0.46922287 98.01113891601562 72.02009582519531 113.86264038085938 87.95280456542969
cat 0.45171076 62.083251953125 15.188356399536133 83.98365783691406 36.97130584716797
cat 0.44921023 93.96300506591797 208.00686645507812 112.98937225341797 227.07135009765625
frog 0.44051582 68.1080551147461 134.0082244873047 84.01351165771484 149.86314392089844
deer 0.4006115 171.00892639160156 169.08746337890625 197.0546112060547 195.20333862304688
ship 0.3983244 62.083251953125 15.188356399536133 83.98365783691406 36.97130584716797
frog 0.39404476 62.083251953125 15.188356399536133 83.98365783691406 36.97130584716797
truck 0.37364984 62.083251953125 15.188356399536133 83.98365783691406 36.97130584716797
truck 0.33061206 129.15760803222656 125.96940612792969 154.9429473876953 152.02601623535156
truck 0.31909156 68.14000701904297 133.9058074951172 84.02172088623047 149.9578399658203
airplane 0.31775424 204.0185546875 39.99250411987305 238.92282104492188 74.98081970214844
deer 0.3143335 97.98040771484375 72.0278549194336 113.84638977050781 88.02825164794922
deer 0.3142894 94.00569915771484 208.10711669921875 112.97908782958984 227.078125
cat 0.31349325 97.98040771484375 72.0278549194336 113.84638977050781 88.02825164794922
frog 0.30935413 199.0227813720703 195.0177001953125 233.99647521972656 230.1624755859375
dog 0.29596102 68.1080551147461 134.0082244873047 84.01351165771484 149.86314392089844
bird 0.28898698 198.94677734375 195.10366821289062 234.20803833007812 230.07363891601562
frog 0.26695395 119.08447265625 79.16822814941406 151.09420776367188 111.26176452636719
airplane 0.2576018 94.00569915771484 208.10711669921875 112.97908782958984 227.078125
cat 0.25226521 171.10963439941406 169.1150360107422 197.00807189941406 194.88575744628906
airplane 0.2409034 164.0290069580078 103.09095764160156 179.9946746826172 119.01425170898438
deer 0.22624275 164.0290069580078 103.09095764160156 179.9946746826172 119.01425170898438
dog 0.22205868 62.083251953125 15.188356399536133 83.98365783691406 36.97130584716797
bird 0.21768439 118.99775695800781 79.12046813964844 151.1504364013672 111.05520629882812
dog 0.21197835 18.279720306396484 184.12037658691406 39.860496520996094 206.02305603027344
automobile 0.21012661 97.98040771484375 72.0278549194336 113.84638977050781 88.02825164794922
