frog 0.9978534 99.09459686279297 122.11849975585938 131.03518676757812 154.05239868164062
frog 0.98606133 109.10603332519531 200.8126678466797 144.02682495117188 236.0005340576172
dog 0.9846596 37.01463317871094 160.2393035888672 56.07160186767578 179.03468322753906
frog 0.9807193 59.06322479248047 11.06905746459961 94.01013946533203 46.06255340576172
frog 0.9752787 189.10935974121094 71.15558624267578 227.04933166503906 108.88748931884766
frog 0.9738482 209.98765563964844 125.0657958984375 242.00694274902344 156.88192749023438
ship 0.96575034 155.0608673095703 148.93820190429688 171.15049743652344 165.157958984375
bird 0.96129096 95.09370422363281 164.1556396484375 130.08111572265625 199.14102172851562
deer 0.94992554 158.9229736328125 42.9402961730957 185.0931396484375 69.02243041992188
frog 0.949793 164.12261962890625 93.04298400878906 182.933837890625 111.86114501953125
frog 0.9309559 208.08602905273438 13.104220390319824 226.96224975585938 31.937965393066406
frog 0.9147564 61.881202697753906 146.01852416992188 93.8347396850586 178.09237670898438
deer 0.89524275 42.957828521728516 69.97624206542969 78.07644653320312 105.11372375488281
bird 0.85466325 171.01060485839844 119.9732437133789 193.02452087402344 142.02774047851562
cat 0.8399546 158.0743865966797 198.0388641357422 193.07630920410156 232.9800262451172
frog 0.76395464 157.98072814941406 197.95310974121094 192.99632263183594 233.05332946777344
cat 0.7301436 61.881202697753906 146.01852416992188 93.8347396850586 178.09237670898438
ship 0.71762276 85.05597686767578 87.96554565429688 111.0803451538086 114.00833129882812
ship 0.7057152 43.093048095703125 70.07710266113281 78.15476989746094 105.06629943847656
airplane 0.688432 155.0481414794922 148.96142578125 171.1416778564453 165.20901489257812
automobile 0.66963416 149.02188110351562 3.203786849975586 171.00900268554688 25.04658317565918
truck 0.6009152 85.05597686767578 87.96554565429688 111.0803451538086 114.00833129882812
deer 0.55586505 189.05262756347656 71.23101806640625 227.08143615722656 109.0272216796875
truck 0.49693075 149.14077758789062 3.23583984375 171.10919189453125 25.023487091064453
dog 0.42530823 38.202064514160156 215.02828979492188 67.05857849121094 243.9349365234375
frog 0.4197455 38.12987518310547 214.97998046875 67.00076293945312 244.04217529296875
bird 0.36462843 38.202064514160156 215.02828979492188 67.05857849121094 243.9349365234375
airplane 0.31072396 149.02188110351562 3.203786849975586 171.00900268554688 25.04658317565918
deer 0.30597228 210.05374145507812 125.06201934814453 242.06124877929688 156.89996337890625
bird 0.3032599 210.05374145507812 125.06201934814453 242.06124877929688 156.89996337890625
truck 0.27224746 38.202064514160156 215.02828979492188 67.05857849121094 243.9349365234375
deer 0.2598408 95.91436767578125 32.82769775390625 115.09420776367188 51.99432373046875
deer 0.24903467 171.11048889160156 119.87718200683594 193.0576629638672 141.6241912841797
deer 0.2473903 38.202064514160156 215.02828979492188 67.05857849121094 243.9349365234375
automobile 0.21789095 38.12987518310547 214.97998046875 67.00076293945312 244.04217529296875
cat 0.20763552 42.957828521728516 69.97624206542969 78.07644653320312 105.11372375488281
