automobile 0.9983933 167.0009307861328 34.141056060791016 196.0214385986328 63.01803207397461
automobile 0.99755085 183.09408569335938 9.09322738647461 205.11962890625 31.102596282958984
truck 0.9972844 209.9335174560547 4.0452117919921875 242.17140197753906 35.971683502197266
deer 0.9955574 189.90921020507812 201.997802734375 218.84466552734375 231.04669189453125
frog 0.99476564 81.07418823242188 2.947216033935547 113.14686584472656 35.08119583129883
deer 0.99335474 24.973047256469727 196.99061584472656 57.057701110839844 228.95057678222656
frog 0.9931532 50.07176971435547 92.15691375732422 84.9078598022461 126.96700286865234
truck 0.9863697 18.098833084106445 36.967323303222656 53.07228088378906 71.95643615722656
frog 0.9845845 186.3483428955078 131.93743896484375 211.8811798095703 157.88113403320312
cat 0.9826844 77.98465728759766 166.0391845703125 100.03502655029297 188.0069580078125
bird 0.9816103 9.105850219726562 135.33302307128906 47.125633239746094 172.92625427246094
airplane 0.95987105 195.9765625 159.0296630859375 233.81854248046875 196.917724609375
airplane 0.93814707 147.17440795898438 109.15296173095703 185.06594848632812 147.07290649414062
dog 0.9054844 121.99504852294922 36.92412185668945 141.0361785888672 56.046566009521484
deer 0.7954514 128.00717163085938 166.04795837402344 166.05703735351562 203.9499053955078
frog 0.7238904 81.0553970336914 63.20436096191406 107.11956024169922 89.0372314453125
automobile 0.5532908 175.04336547851562 67.06993865966797 191.05072021484375 83.1290054321289
dog 0.45743483 175.08865356445312 67.05101013183594 191.08236694335938 83.09521484375
cat 0.43586028 215.01596069335938 64.0259017944336 234.05728149414062 82.92253875732422
dog 0.42506793 215.01596069335938 64.0259017944336 234.05728149414062 82.92253875732422
deer 0.4109532 81.0553970336914 63.20436096191406 107.11956024169922 89.0372314453125
deer 0.39167234 196.15255737304688 159.00840759277344 233.9893798828125 196.25929260253906
truck 0.3628872 175.10125732421875 66.97595977783203 191.03860473632812 83.1054916381836
truck 0.33161658 106.09115600585938 95.36613464355469 132.16036987304688 121.10333251953125
deer 0.3185736 121.91022491455078 37.05323028564453 140.98110961914062 56.059608459472656
deer 0.29305375 175.04336547851562 67.06993865966797 191.05072021484375 83.1290054321289
dog 0.25164834 128.01126098632812 166.08981323242188 166.15240478515625 203.99386596679688
ship 0.2430965 175.08865356445312 67.05101013183594 191.08236694335938 83.09521484375
cat 0.23577619 80.94864654541016 63.176597595214844 107.0381851196289 89.15459442138672
bird 0.22697428 186.3483428955078 131.93743896484375 211.8811798095703 157.88113403320312
cat 0.22277898 127.45457458496094 166.1407012939453 166.18626403808594 204.1427764892578
frog 0.21284476 146.921142578125 108.99260711669922 185.02523803710938 146.40750122070312
truck 0.20970356 121.99504852294922 36.92412185668945 141.0361785888672 56.046566009521484
cat 0.20678362 175.08865356445312 67.05101013183594 191.08236694335938 83.09521484375
frog 0.20331761 215.12318420410156 64.09400177001953 234.09629821777344 82.92754364013672
