ship 0.99804854 183.0347137451172 77.970703125 214.9828338623047 110.04780578613281
truck 0.9961072 102.06205749511719 64.11319732666016 124.00161743164062 86.00060272216797
frog 0.99480087 147.17904663085938 177.9312286376953 182.13339233398438 213.05079650878906
automobile 0.9937209 173.06243896484375 123.26976013183594 199.01727294921875 149.0596466064453
automobile 0.9863026 15.155139923095703 111.09172058105469 50.0551872253418 146.02317810058594
frog 0.97609735 48.022979736328125 17.98920440673828 73.9874496459961 44.079227447509766
frog 0.9493543 52.81727600097656 125.05589294433594 79.26260375976562 150.83729553222656
frog 0.934453 14.105400085449219 184.14199829101562 36.08039474487305 206.0302734375
deer 0.9279309 83.97712707519531 119.32368469238281 119.21035766601562 153.9606170654297
airplane 0.923477 37.092193603515625 198.15618896484375 56.00080108642578 216.9539794921875
frog 0.91399515 207.07070922851562 42.08674240112305 228.91033935546875 63.9496955871582
frog 0.9097232 195.07275390625 150.12814331054688 232.97677612304688 188.07308959960938
frog 0.8370302 1.1358623504638672 1.1390914916992188 38.85010528564453 39.17268371582031
automobile 0.76189333 37.092193603515625 198.15618896484375 56.00080108642578 216.9539794921875
frog 0.6845213 160.988525390625 90.95282745361328 177.09295654296875 107.0287094116211
dog 0.6438499 160.988525390625 90.95282745361328 177.09295654296875 107.0287094116211
dog 0.56322837 210.99085998535156 211.17596435546875 243.07823181152344 242.90567016601562
cat 0.5000527 52.81727600097656 125.05589294433594 79.26260375976562 150.83729553222656
bird 0.48661384 160.988525390625 90.95282745361328 177.09295654296875 107.0287094116211
cat 0.4450251 160.988525390625 90.95282745361328 177.09295654296875 107.0287094116211
deer 0.4324429 160.988525390625 90.95282745361328 177.09295654296875 107.0287094116211
automobile 0.38845742 14.146090507507324 184.0023193359375 36.169803619384766 205.92404174804688
bird 0.37576175 207.1292266845703 42.2132453918457 228.84413146972656 63.82438278198242
airplane 0.34882802 161.10044860839844 90.95281219482422 177.14820861816406 106.97599029541016
frog 0.34244066 13.987676620483398 153.96224975585938 36.016029357910156 175.97842407226562
cat 0.32077748 1.1358623504638672 1.1390914916992188 38.85010528564453 39.17268371582031
ship 0.27749136 160.988525390625 90.95282745361328 177.09295654296875 107.0287094116211
automobile 0.27183527 160.988525390625 90.95282745361328 177.09295654296875 107.0287094116211
ship 0.2622263 37.092193603515625 198.15618896484375 56.00080108642578 216.9539794921875
truck 0.25314367 160.99508666992188 90.96087646484375 177.11068725585938 106.97470092773438
ship 0.22601524 194.84677124023438 150.07681274414062 232.83419799804688 188.10739135742188
truck 0.21967658 52.81727600097656 125.05589294433594 79.26260375976562 150.83729553222656
