automobile 0.99774003 207.15509033203125 215.8502960205078 238.942138671875 248.0847625732422
truck 0.9973186 200.17916870117188 176.1619873046875 238.21875 214.02182006835938
frog 0.99675107 215.1428680419922 62.07245635986328 243.8657684326172 91.06299591064453
airplane 0.9952352 159.67178344726562 11.031922340393066 189.09747314453125 40.17028045654297
frog 0.9949651 211.0577392578125 108.10546112060547 243.08074951171875 139.81321716308594
frog 0.99142575 167.00372314453125 117.10446166992188 201.97866821289062 151.86981201171875
ship 0.98868626 31.164997100830078 2.1243896484375 49.99070358276367 20.973615646362305
airplane 0.9886077 8.049184799194336 143.0677032470703 40.00012969970703 175.2210235595703
frog 0.98644805 41.21691131591797 73.02910614013672 76.05033111572266 107.98140716552734
frog 0.98475087 165.95111083984375 41.791343688964844 204.09616088867188 79.8706283569336
frog 0.9800662 11.044111251831055 114.07276153564453 33.036041259765625 136.03616333007812
automobile 0.974038 52.11254119873047 140.0304718017578 84.25762176513672 171.91371154785156
frog 0.942858 162.92384338378906 169.27540588378906 189.07261657714844 195.03871154785156
ship 0.91898584 48.04943084716797 35.96525192260742 64.014404296875 51.888248443603516
automobile 0.8978767 99.0480728149414 167.0840606689453 117.9725570678711 185.91441345214844
dog 0.8218477 101.84088897705078 67.88363647460938 139.75234985351562 106.16024780273438
truck 0.6685713 70.02579498291016 180.01620483398438 92.01360321044922 201.95761108398438
ship 0.6657052 99.07135772705078 167.0798797607422 117.98616790771484 185.8811798095703
dog 0.61995524 162.92384338378906 169.27540588378906 189.07261657714844 195.03871154785156
bird 0.5798059 149.02328491210938 92.06937408447266 167.94427490234375 110.99552154541016
automobile 0.55364656 48.042381286621094 35.967525482177734 64.04329681396484 51.96878433227539
cat 0.5157795 162.92384338378906 169.27540588378906 189.07261657714844 195.03871154785156
bird 0.4996165 101.84088897705078 67.88363647460938 139.75234985351562 106.16024780273438
frog 0.2860679 70.0335464477539 180.1617431640625 91.98987579345703 201.96646118164062
truck 0.25392312 123.02386474609375 205.94863891601562 157.927978515625 240.88931274414062
deer 0.25016654 123.11341857910156 206.13804626464844 158.02796936035156 240.8332061767578
airplane 0.24383783 123.02386474609375 205.94863891601562 157.927978515625 240.88931274414062
truck 0.22203726 48.06098556518555 35.91059875488281 63.989437103271484 51.95916748046875
