bird 0.99906886 155.0156707763672 73.10115814208984 187.07420349121094 104.95185089111328
bird 0.99756444 96.09170532226562 127.0917739868164 131.01907348632812 161.99488830566406
automobile 0.9961537 136.00050354003906 176.03994750976562 170.91871643066406 210.8946533203125
automobile 0.9957888 63.010475158691406 194.29420471191406 101.04253387451172 231.7731170654297
ship 0.9940989 39.1043701171875 35.06690216064453 61.10137176513672 57.06519317626953
frog 0.9940946 30.071544647216797 72.93883514404297 62.163143157958984 104.9322738647461
frog 0.9936397 110.08502960205078 20.14495849609375 138.9618682861328 48.83795928955078
truck 0.99141824 210.05313110351562 102.01665496826172 248.02810668945312 140.0751190185547
ship 0.98782694 203.8675994873047 47.87147521972656 233.0765838623047 76.69015502929688
frog 0.9804387 63.15701675415039 171.13954162597656 85.00740814208984 193.0088348388672
cat 0.9790642 182.151123046875 176.1841278076172 210.70465087890625 204.8739471435547
cat 0.9686495 43.051483154296875 125.15636444091797 71.8810806274414 154.06881713867188
airplane 0.94187045 214.1297607421875 177.9488525390625 248.904052734375 213.03945922851562
airplane 0.937786 34.00447463989258 204.0465545654297 49.94057083129883 220.1533966064453
automobile 0.93199563 178.27084350585938 17.018056869506836 207.03024291992188 45.92920684814453
deer 0.92693913 9.992709159851074 44.02494430541992 36.284786224365234 69.68269348144531
frog 0.8526197 0.9251070022583008 72.0048828125 19.98113250732422 91.08416748046875
deer 0.80585873 155.08480834960938 125.14997863769531 183.8900146484375 153.9467315673828
frog 0.74096984 155.08480834960938 125.14997863769531 183.8900146484375 153.9467315673828
deer 0.7200301 70.14532470703125 74.03054809570312 107.84194946289062 111.85475158691406
airplane 0.6966553 70.04208374023438 74.07286071777344 107.82861328125 112.119384765625
automobile 0.5728347 34.00447463989258 204.0465545654297 49.94057083129883 220.1533966064453
bird 0.4053154 0.7955036163330078 71.9898452758789 20.14900779724121 90.97290802001953
bird 0.39720294 214.1297607421875 177.9488525390625 248.904052734375 213.03945922851562
bird 0.28432673 62.8653564453125 171.0953826904297 84.94688415527344 193.1970977783203
bird 0.26550156 178.16506958007812 17.13873863220215 207.03451538085938 45.927513122558594
truck 0.2612428 34.00447463989258 204.0465545654297 49.94057083129883 220.1533966064453
frog 0.24672818 70.04208374023438 74.07286071777344 107.82861328125 112.119384765625
bird 0.24251959 70.04208374023438 74.07286071777344 107.82861328125 112.119384765625
ship 0.24039823 34.00447463989258 204.0465545654297 49.94057083129883 220.1533966064453
cat 0.22368407 30.071544647216797 72.93883514404297 62.163143157958984 104.9322738647461
frog 0.21322083 182.04052734375 176.1209259033203 210.88381958007812 204.8604278564453
deer 0.20996073 0.7955036163330078 71.9898452758789 20.14900779724121 90.97290802001953
automobile 0.203798 203.8675994873047 47.87147521972656 233.0765838623047 76.69015502929688
