frog 0.9969828 83.97156524658203 125.05117797851562 110.0373764038086 151.2481689453125
dog 0.99677086 118.98110961914062 147.91912841796875 144.97796630859375 173.90545654296875
frog 0.99601305 164.9315948486328 149.07919311523438 203.17381286621094 186.96633911132812
frog 0.9950896 176.93356323242188 11.134286880493164 212.21896362304688 45.976341247558594
dog 0.9878757 66.06409454345703 9.176044464111328 101.0123519897461 43.95662307739258
truck 0.9811441 44.041099548339844 168.00518798828125 70.02701568603516 194.1063232421875
automobile 0.9799831 9.012609481811523 27.054052352905273 25.06290626525879 43.09889221191406
cat 0.9791038 117.15870666503906 101.13226318359375 142.9811553955078 127.32818603515625
bird 0.9642141 206.1898956298828 199.07205200195312 241.01341247558594 234.0208740234375
airplane 0.9471141 80.97250366210938 208.1269989013672 100.02345275878906 227.0404510498047
truck 0.9351009 4.984084129333496 187.09451293945312 31.021339416503906 213.04925537109375
cat 0.82247895 54.10133743286133 49.902610778808594 70.03070831298828 66.0965347290039
cat 0.8114089 203.9969940185547 65.12481689453125 232.96641540527344 93.97705078125
deer 0.79606336 109.15528106689453 51.19712448120117 135.08729553222656 77.03703308105469
bird 0.7630158 23.14807891845703 91.0367431640625 55.027626037597656 123.13162231445312
frog 0.75691766 23.14807891845703 91.0367431640625 55.027626037597656 123.13162231445312
deer 0.73325264 182.84234619140625 102.9909896850586 198.975341796875 118.93160247802734
airplane 0.6903528 206.00502014160156 143.1845245361328 240.84400939941406 177.85227966308594
dog 0.66001457 203.9969940185547 65.12481689453125 232.96641540527344 93.97705078125
frog 0.6461043 118.97252655029297 2.3140621185302734 154.24598693847656 37.153839111328125
truck 0.63421273 54.10133743286133 49.902610778808594 70.03070831298828 66.0965347290039
frog 0.524842 54.06525802612305 49.84429168701172 69.96492767333984 66.01436614990234
automobile 0.49922764 118.96996307373047 2.3582630157470703 154.0855712890625 37.22998046875
airplane 0.4786783 182.9166259765625 103.1357650756836 199.029052734375 118.84220123291016
bird 0.4674965 108.98760223388672 51.12116622924805 135.03921508789062 77.11054992675781
truck 0.4638001 9.012609481811523 27.054052352905273 25.06290626525879 43.09889221191406
airplane 0.46264943 119.11087036132812 2.351369857788086 154.16546630859375 37.13304138183594
frog 0.42324606 206.0487060546875 143.15016174316406 240.7786865234375 177.8553009033203
frog 0.37823582 8.999765396118164 27.112314224243164 25.05600929260254 43.07289123535156
truck 0.37764546 118.97544860839844 2.2869129180908203 153.9962615966797 37.108917236328125
airplane 0.3535071 5.032032012939453 187.14297485351562 30.98705291748047 213.03817749023438
deer 0.34650433 54.10133743286133 49.902610778808594 70.03070831298828 66.0965347290039
ship 0.32984406 80.99542236328125 208.1352996826172 100.05741882324219 227.07814025878906
deer 0.27610803 23.14807891845703 91.0367431640625 55.027626037597656 123.13162231445312
cat 0.20181194 205.97833251953125 143.12863159179688 240.94473266601562 177.9041748046875
