automobile 0.99877477 154.97463989257812 70.16376495361328 184.0780029296875 98.9562759399414
truck 0.9987688 194.98297119140625 186.8758087158203 220.9583740234375 213.01783752441406
automobile 0.99701166 39.10639190673828 111.23815155029297 71.08749389648438 143.06063842773438
frog 0.9964086 82.0216293334961 206.98574829101562 114.08606719970703 239.08578491210938
automobile 0.9959105 191.88064575195312 153.12391662597656 224.06341552734375 185.0310821533203
truck 0.9957665 4.2769975662231445 153.99722290039062 35.97710037231445 185.94503784179688
ship 0.99473196 206.0823211669922 112.95721435546875 231.89906311035156 138.81747436523438
truck 0.9938358 147.89474487304688 4.02202033996582 170.052978515625 26.15555191040039
frog 0.9929218 32.04317855834961 20.090412139892578 64.11367797851562 51.94892501831055
frog 0.99194866 139.94500732421875 148.072509765625 158.94711303710938 167.08340454101562
automobile 0.98939025 139.98175048828125 180.012451171875 169.03924560546875 209.13421630859375
frog 0.98904085 118.02391052246094 214.044189453125 152.88584899902344 249.0950927734375
airplane 0.988037 86.98638916015625 2.0515518188476562 106.06423950195312 21.050230026245117
automobile 0.98419714 71.99458312988281 136.12893676757812 106.88560485839844 170.9698486328125
truck 0.9781953 77.9447021484375 45.16754913330078 103.98869323730469 71.08727264404297
automobile 0.9760789 49.005977630615234 192.15618896484375 70.97914123535156 213.943603515625
frog 0.94613045 118.96733093261719 36.96373748779297 150.97657775878906 69.02359771728516
truck 0.93824685 141.99261474609375 115.03472900390625 161.04727172851562 133.9806671142578
deer 0.76794875 119.08151245117188 37.09110641479492 150.96884155273438 68.9708480834961
frog 0.58838904 174.90293884277344 5.847524642944336 206.96726989746094 38.07090759277344
automobile 0.31620595 142.0131072998047 115.21672058105469 161.00660705566406 134.025390625
