automobile 0.99805033 104.00616455078125 138.12234497070312 142.1768035888672 176.02557373046875
ship 0.99783254 2.0836181640625 58.014556884765625 34.133453369140625 89.82421875
frog 0.99576956 30.02223777770996 108.1952133178711 68.0001449584961 146.09332275390625
airplane 0.9922074 214.10597229003906 213.0472412109375 230.05162048339844 229.15542602539062
cat 0.99065995 4.083234786987305 13.236807823181152 25.891813278198242 35.001007080078125
bird 0.9870466 151.05625915527344 58.07234191894531 182.8212127685547 89.92152404785156
dog 0.9852861 160.9400634765625 163.10284423828125 199.0125732421875 201.236083984375
automobile 0.9764619 27.223953247070312 2.113430976867676 55.92529296875 31.051746368408203
deer 0.9663868 178.99050903320312 28.34817123413086 207.83746337890625 57.026668548583984
frog 0.9652682 163.85488891601562 206.91815185546875 192.8604736328125 235.93951416015625
deer 0.9649387 61.05078125 152.95672607421875 77.06515502929688 168.92874145507812
frog 0.9620997 112.82945251464844 46.932167053222656 138.95045471191406 72.94075775146484
ship 0.96079946 154.02951049804688 108.02684783935547 189.12429809570312 142.98104858398438
deer 0.9574359 104.12352752685547 194.17808532714844 138.97808837890625 228.84437561035156
airplane 0.8935435 41.99524688720703 198.99588012695312 67.95398712158203 224.96170043945312
airplane 0.8906561 200.93899536132812 103.22561645507812 239.12973022460938 141.05804443359375
automobile 0.88594365 57.98530578613281 36.13629913330078 87.11962890625 65.13153839111328
bird 0.8239651 137.88941955566406 18.983177185058594 164.11045837402344 44.9224739074707
ship 0.7859937 214.06564331054688 64.87747192382812 245.88565063476562 97.05854797363281
airplane 0.74415505 214.0231475830078 65.01127624511719 245.9509735107422 97.03227233886719
airplane 0.7216344 57.98530578613281 36.13629913330078 87.11962890625 65.13153839111328
frog 0.49212855 137.8659210205078 18.892440795898438 164.11460876464844 44.860260009765625
bird 0.38198563 163.8758087158203 206.86781311035156 192.91819763183594 235.8144073486328
cat 0.34093726 112.82945251464844 46.932167053222656 138.95045471191406 72.94075775146484
ship 0.32761723 214.15257263183594 213.08120727539062 230.04759216308594 229.06924438476562
automobile 0.26288906 200.93899536132812 103.22561645507812 239.12973022460938 141.05804443359375
airplane 0.23701006 153.98045349121094 107.99153137207031 189.1144256591797 143.0457763671875
bird 0.22868177 214.01490783691406 64.87661743164062 245.86903381347656 97.23468017578125
truck 0.2221126 153.98045349121094 107.99153137207031 189.1144256591797 143.0457763671875
