bird 0.9970591 65.90721893310547 162.12632751464844 95.00984954833984 190.98667907714844
automobile 0.9965927 50.04551696777344 82.07901000976562 78.80584716796875 111.00679016113281
automobile 0.996364 112.13325500488281 67.10859680175781 150.00672912597656 105.09478759765625
ship 0.9950182 176.01344299316406 69.03252410888672 191.99217224121094 85.07096099853516
cat 0.99403083 132.99978637695312 13.116745948791504 161.955078125 42.069393157958984
truck 0.99278057 211.87632751464844 61.92871856689453 249.8188018798828 99.8969497680664
truck 0.98969615 195.09976196289062 213.1158905029297 217.14263916015625 235.1100311279297
frog 0.9880232 14.966160774230957 176.15756225585938 41.09245681762695 202.14352416992188
airplane 0.9828602 174.0233612060547 21.173931121826172 196.0608367919922 42.98105239868164
ship 0.97539973 195.9217529296875 108.1051025390625 217.96923828125 130.01556396484375
bird 0.9312159 99.04397583007812 113.14217376708984 121.02783203125 134.9735565185547
frog 0.91232896 65.91012573242188 41.12022399902344 82.05833435058594 56.88227844238281
cat 0.89493257 104.92735290527344 195.98980712890625 134.08096313476562 225.16448974609375
airplane 0.87103665 65.92742156982422 41.09546661376953 82.1108169555664 56.89635467529297
deer 0.7703259 104.028564453125 146.06275939941406 142.05430603027344 184.0493927001953
airplane 0.75709355 184.00787353515625 170.0624542236328 205.94464111328125 191.97837829589844
automobile 0.7136553 183.9993133544922 169.9547576904297 206.0754852294922 191.9828643798828
truck 0.6677432 17.111454010009766 70.0043716430664 43.08604049682617 95.75074005126953
frog 0.5893238 104.92735290527344 195.98980712890625 134.08096313476562 225.16448974609375
automobile 0.5830267 17.111454010009766 70.0043716430664 43.08604049682617 95.75074005126953
cat 0.5240753 104.028564453125 146.06275939941406 142.05430603027344 184.0493927001953
dog 0.4810042 157.97190856933594 113.0287094116211 190.0489959716797 144.96389770507812
frog 0.36041367 195.09976196289062 213.1158905029297 217.14263916015625 235.1100311279297
cat 0.3374559 98.89006042480469 113.17203521728516 120.81153869628906 134.93064880371094
bird 0.33707425 184.05133056640625 169.88108825683594 205.91705322265625 191.9214630126953
frog 0.29536128 104.028564453125 146.06275939941406 142.05430603027344 184.0493927001953
frog 0.23922211 174.07968139648438 21.33823013305664 196.0904541015625 42.81624221801758
cat 0.23875314 157.97190856933594 113.0287094116211 190.0489959716797 144.96389770507812
ship 0.21433061 98.96570587158203 113.15046691894531 120.9862289428711 135.06300354003906
deer 0.20699444 183.9993133544922 169.9547576904297 206.0754852294922 191.9828643798828
