automobile 0.99891835 148.04420471191406 111.0824966430664 170.0906524658203 133.07943725585938
frog 0.99833244 53.22785949707031 211.2896270751953 85.08757019042969 243.0397186279297
frog 0.99778545 195.15101623535156 20.034793853759766 227.04173278808594 51.92229080200195
airplane 0.99593 152.9785919189453 201.97943115234375 184.9987030029297 234.0609130859375
automobile 0.99537146 7.139596939086914 168.11044311523438 25.953645706176758 187.05426025390625
airplane 0.99501383 8.180349349975586 214.12774658203125 46.04315948486328 251.8775634765625
bird 0.99430096 87.13174438476562 99.0592269897461 122.13589477539062 134.02310180664062
deer 0.9924073 64.95687866210938 173.05442810058594 87.099609375 195.02281188964844
airplane 0.9914017 63.959869384765625 11.013733863830566 96.08631896972656 42.911678314208984
automobile 0.98772633 104.00376892089844 135.20086669921875 125.91487121582031 156.95831298828125
ship 0.9822173 208.04852294921875 99.06364440917969 227.00906372070312 118.00065612792969
frog 0.9776438 155.10975646972656 178.1009521484375 177.0167999267578 200.15414428710938
airplane 0.9749819 42.026092529296875 178.0695343017578 61.00343322753906 196.9765167236328
truck 0.96296376 23.975509643554688 76.07659149169922 52.992774963378906 105.09369659423828
truck 0.90528667 127.07077026367188 195.16539001464844 146.09222412109375 214.1986541748047
automobile 0.88819075 154.9504852294922 56.25425720214844 180.98463439941406 81.87925720214844
frog 0.8437202 109.12069702148438 216.13156127929688 146.79159545898438 254.06146240234375
ship 0.5658057 23.93754768371582 76.08720397949219 53.09312438964844 105.05087280273438
cat 0.4520717 200.0133056640625 67.12430572509766 221.980224609375 89.13977813720703
frog 0.43568087 200.0133056640625 67.12430572509766 221.980224609375 89.13977813720703
bird 0.37371743 200.03379821777344 67.0919418334961 221.8251190185547 89.09221649169922
truck 0.3462739 154.9504852294922 56.25425720214844 180.98463439941406 81.87925720214844
bird 0.27795982 32.04502868652344 146.0095672607422 54.10383605957031 168.15867614746094
deer 0.26219612 109.11180877685547 216.19679260253906 146.82998657226562 254.06443786621094
automobile 0.2620385 127.12678527832031 195.07139587402344 146.07200622558594 214.1707305908203
bird 0.24429303 109.05186462402344 216.3077392578125 146.9971160888672 253.99658203125
frog 0.23918575 127.11964416503906 195.08541870117188 145.9928741455078 214.15676879882812
automobile 0.22449437 32.28935623168945 146.14552307128906 54.06967544555664 168.26686096191406
