airplane 0.9991236 9.112401962280273 16.985416412353516 41.04199981689453 48.917179107666016
ship 0.9984106 43.88767623901367 66.15052032470703 69.98440551757812 91.98308563232422
frog 0.9967358 8.964581489562988 71.98239135742188 38.09111404418945 100.91104125976562
frog 0.9959549 61.9583854675293 160.08949279785156 100.12350463867188 198.1344451904297
automobile 0.9946506 208.0490264892578 62.10968017578125 243.0304718017578 97.05543518066406
bird 0.9911934 9.994366645812988 188.93215942382812 39.15078353881836 218.12045288085938
ship 0.9872904 100.13980865478516 59.04779815673828 135.01528930664062 93.96776580810547
dog 0.9870719 125.04935455322266 173.9642333984375 141.04527282714844 190.07022094726562
airplane 0.9857397 211.99392700195312 158.17730712890625 246.95388793945312 193.16790771484375
automobile 0.9814607 187.05538940429688 214.0043182373047 213.13265991210938 240.0392303466797
automobile 0.93676317 96.92716217041016 109.200927734375 125.80977630615234 138.06982421875
ship 0.9286196 78.9488296508789 23.037986755371094 94.91732025146484 38.942684173583984
airplane 0.80578935 45.993133544921875 17.07673454284668 74.96839904785156 46.17889404296875
airplane 0.7830008 174.07339477539062 127.15948486328125 206.03182983398438 159.06634521484375
dog 0.7806863 42.06071853637695 204.1282958984375 67.86819458007812 230.02236938476562
deer 0.63901126 135.9619140625 9.151649475097656 173.994384765625 47.041587829589844
frog 0.54435533 96.98556518554688 109.13457489013672 125.88113403320312 137.89828491210938
deer 0.5441553 174.12811279296875 127.09581756591797 206.07113647460938 159.11451721191406
dog 0.51689065 136.16978454589844 8.985857009887695 174.24623107910156 46.39714813232422
automobile 0.40654776 78.9488296508789 23.037986755371094 94.91732025146484 38.942684173583984
deer 0.3739022 173.177001953125 61.05665969848633 191.9981689453125 79.98686218261719
cat 0.31638974 41.921897888183594 204.11376953125 67.93421173095703 230.08291625976562
ship 0.301791 45.956153869628906 16.998897552490234 75.10598754882812 46.051353454589844
airplane 0.29210413 78.9488296508789 23.037986755371094 94.91732025146484 38.942684173583984
deer 0.25644732 79.03594970703125 23.071104049682617 95.00497436523438 38.929508209228516
truck 0.24893272 78.97311401367188 23.04828643798828 94.90811157226562 39.07268142700195
truck 0.24617997 135.92433166503906 9.118391036987305 174.06993103027344 47.07111358642578
ship 0.22744837 187.05538940429688 214.0043182373047 213.13265991210938 240.0392303466797
