frog 0.9983963 20.99481773376465 209.07582092285156 49.986366271972656 238.06614685058594
truck 0.9975901 200.98037719726562 215.05145263671875 232.9801025390625 247.07830810546875
automobile 0.99758387 199.1713409423828 114.13231658935547 218.06202697753906 133.02391052246094
automobile 0.9972048 24.90540313720703 32.96847915649414 59.94091033935547 68.01219177246094
automobile 0.9967324 213.93356323242188 145.1365966796875 243.0430908203125 174.0738525390625
frog 0.9959821 150.01319885253906 95.17854309082031 169.03932189941406 114.01934814453125
automobile 0.9958439 110.09825134277344 182.1346893310547 135.87734985351562 208.0270233154297
automobile 0.99584365 39.21611785888672 133.03111267089844 76.951416015625 171.12818908691406
deer 0.9941773 74.04856872558594 41.92851257324219 112.09542846679688 79.87820434570312
frog 0.9892216 119.01206970214844 96.09574127197266 140.86903381347656 118.11893463134766
frog 0.9694171 80.9245834350586 103.05117797851562 112.85591888427734 135.06190490722656
cat 0.96859616 137.10455322265625 181.95144653320312 162.95687866210938 208.02264404296875
airplane 0.9643696 196.93663024902344 25.030214309692383 223.12342834472656 50.99195098876953
frog 0.9252288 206.2251434326172 52.18190002441406 241.0238800048828 86.9349365234375
frog 0.92382044 144.91571044921875 122.15432739257812 183.072021484375 159.9503173828125
dog 0.8051888 127.04696655273438 55.969268798828125 159.05047607421875 88.42855834960938
truck 0.78220916 2.187255859375 92.12858581542969 31.09396743774414 121.06660461425781
frog 0.7000494 127.04457092285156 56.05670166015625 158.93138122558594 88.2354736328125
dog 0.69504064 65.08417510986328 180.0309600830078 86.98259735107422 201.9133758544922
ship 0.6797317 144.07650756835938 19.96501922607422 170.03231811523438 45.93449401855469
deer 0.66979814 144.07650756835938 19.96501922607422 170.03231811523438 45.93449401855469
frog 0.60343736 65.08417510986328 180.0309600830078 86.98259735107422 201.9133758544922
bird 0.4865668 64.96542358398438 180.01309204101562 86.85711669921875 201.96841430664062
frog 0.47892353 116.04444885253906 134.06512451171875 142.2329559326172 159.83944702148438
bird 0.36195385 80.9245834350586 103.05117797851562 112.85591888427734 135.06190490722656
deer 0.32066283 206.10064697265625 52.21937561035156 241.0657958984375 86.88716125488281
cat 0.26468188 144.80003356933594 122.20010375976562 183.0312042236328 159.90869140625
bird 0.25707793 137.10455322265625 181.95144653320312 162.95687866210938 208.02264404296875
airplane 0.23172542 80.9245834350586 103.05117797851562 112.85591888427734 135.06190490722656
deer 0.23167375 64.96542358398438 180.01309204101562 86.85711669921875 201.96841430664062
cat 0.22145316 127.64923858642578 181.9013671875 154.71087646484375 207.4912109375
