dog 0.9932929 95.80683898925781 47.06447982788086 131.0037841796875 81.85372924804688
ship 0.99157214 62.91105651855469 2.060105323791504 95.11344909667969 33.97467803955078
ship 0.9913316 19.972278594970703 160.99851989746094 55.131893157958984 196.10374450683594
truck 0.98891485 63.95491027832031 36.83604049682617 93.04122924804688 65.90388488769531
bird 0.9848958 149.91290283203125 44.94615173339844 187.92230224609375 83.03816986083984
airplane 0.98372626 16.97902488708496 86.08412170410156 38.97832489013672 107.9002685546875
ship 0.9822415 152.97085571289062 129.08761596679688 179.02688598632812 154.49673461914062
frog 0.98080456 124.19827270507812 205.05006408691406 162.09429931640625 243.0788116455078
frog 0.9539306 89.9997329711914 83.22361755371094 122.0393295288086 115.05827331542969
deer 0.92360616 155.10911560058594 159.07675170898438 174.0306854248047 178.0987548828125
bird 0.8803693 212.4112091064453 58.16450500488281 243.9988250732422 90.04530334472656
cat 0.8772727 14.209712982177734 16.102956771850586 39.99851989746094 42.03582763671875
frog 0.84322596 35.06416320800781 109.2369384765625 64.13288116455078 137.88803100585938
frog 0.83117723 68.11287689208984 141.986572265625 102.98181915283203 177.00930786132812
frog 0.8206198 211.0686798095703 139.04818725585938 249.0643768310547 176.972900390625
bird 0.7972442 189.20082092285156 66.31554412841797 210.70921325683594 87.96920013427734
automobile 0.7622825 68.17768096923828 142.11119079589844 103.0476303100586 176.9587860107422
automobile 0.74750006 20.994306564331055 199.01925659179688 53.12773132324219 231.0347900390625
frog 0.7341917 189.16880798339844 66.11201477050781 210.7481231689453 88.11048889160156
deer 0.73370385 146.159912109375 10.923234939575195 171.89456176757812 37.12065887451172
bird 0.7254889 204.96107482910156 100.0762939453125 243.3144989013672 138.0119171142578
deer 0.7056048 204.96107482910156 100.0762939453125 243.3144989013672 138.0119171142578
ship 0.6411649 21.112834930419922 199.21124267578125 53.078060150146484 230.90756225585938
cat 0.4265728 35.06416320800781 109.2369384765625 64.13288116455078 137.88803100585938
frog 0.40626097 150.0185546875 44.93264389038086 188.03225708007812 83.06715393066406
truck 0.2911186 21.069046020507812 198.95046997070312 53.08349609375 231.0435791015625
deer 0.29044384 212.3428497314453 58.11112976074219 243.90260314941406 89.99136352539062
frog 0.27183014 146.13302612304688 10.978143692016602 172.02923583984375 37.163169860839844
airplane 0.23637313 204.96107482910156 100.0762939453125 243.3144989013672 138.0119171142578
frog 0.2320413 204.96107482910156 100.0762939453125 243.3144989013672 138.0119171142578
automobile 0.22004354 204.96107482910156 100.0762939453125 243.3144989013672 138.0119171142578
bird 0.2097561 14.209712982177734 16.102956771850586 39.99851989746094 42.03582763671875
