ship 0.99827003 112.02823638916016 8.952001571655273 150.04844665527344 47.148956298828125
truck 0.9971386 209.05572509765625 114.12574768066406 237.89071655273438 143.0228729248047
ship 0.99620414 157.21426391601562 14.996274948120117 188.91754150390625 47.18578338623047
dog 0.99488693 70.93077087402344 195.0963592529297 103.05047607421875 227.10292053222656
bird 0.9922672 37.015724182128906 83.90245819091797 58.998870849609375 105.98221588134766
automobile 0.9916035 101.05433654785156 61.05078887939453 139.0702362060547 98.9866714477539
airplane 0.989784 10.99909782409668 147.04696655273438 30.080537796020508 166.13961791992188
ship 0.9830489 172.03822326660156 184.03033447265625 198.05162048339844 210.04129028320312
frog 0.96154416 8.007214546203613 64.09896850585938 26.940032958984375 83.06512451171875
automobile 0.9606664 190.06402587890625 87.17818450927734 209.026123046875 105.90583038330078
truck 0.9605628 21.209152221679688 15.153789520263672 47.076568603515625 40.975746154785156
dog 0.9602892 119.99846649169922 175.15884399414062 136.05221557617188 191.10626220703125
deer 0.9568088 200.12405395507812 11.048322677612305 234.94772338867188 45.967811584472656
ship 0.95543766 76.01610565185547 58.15525817871094 95.05518341064453 76.79789733886719
frog 0.8333423 210.0440673828125 70.8486328125 235.93472290039062 97.07353210449219
frog 0.73702013 90.05323791503906 135.0997314453125 124.84461975097656 170.16543579101562
cat 0.6987055 42.043701171875 129.00607299804688 80.00413513183594 167.17507934570312
bird 0.684584 41.99042510986328 129.00717163085938 79.94758605957031 167.00344848632812
truck 0.62903726 120.02142333984375 175.21987915039062 135.99728393554688 191.08489990234375
dog 0.5242434 9.040314674377441 182.0284881591797 31.043556213378906 203.9705352783203
frog 0.49845076 9.016361236572266 182.17845153808594 31.120235443115234 204.0360870361328
truck 0.40977263 190.0403289794922 87.02501678466797 208.8587188720703 105.97383880615234
airplane 0.40439466 89.89842224121094 135.18580627441406 124.85075378417969 170.15025329589844
frog 0.40298784 42.21056365966797 129.22044372558594 80.36502838134766 167.39952087402344
cat 0.36995217 9.040314674377441 182.0284881591797 31.043556213378906 203.9705352783203
cat 0.3636651 65.14705657958984 88.96208953857422 94.10091400146484 117.91678619384766
cat 0.32643324 119.99169158935547 175.15753173828125 136.01577758789062 191.06338500976562
cat 0.25155145 210.019775390625 70.84941864013672 236.11489868164062 97.02918243408203
deer 0.23636603 120.02142333984375 175.21987915039062 135.99728393554688 191.08489990234375
