airplane 0.99923754 144.03030395507812 6.146718978881836 173.03167724609375 35.173011779785156
truck 0.9987248 199.06951904296875 65.14594268798828 236.97509765625 103.04598236083984
automobile 0.9984739 11.991192817687988 14.036231994628906 34.0924072265625 35.918846130371094
truck 0.9980613 17.938779830932617 72.13463592529297 44.14183044433594 97.95304107666016
airplane 0.9978565 159.12135314941406 36.96954345703125 177.94285583496094 55.96704864501953
frog 0.99751174 149.08863830566406 159.12539672851562 180.9729766845703 191.22479248046875
dog 0.9969977 197.96372985839844 121.91435241699219 214.0467071533203 138.0863800048828
frog 0.99677044 32.1722526550293 43.11277770996094 53.90854263305664 65.02491760253906
automobile 0.99597126 0.9737567901611328 154.1837158203125 35.97523498535156 188.744873046875
truck 0.99454474 140.01593017578125 65.08699035644531 166.00360107421875 91.1007080078125
ship 0.98918974 85.9840087890625 42.00520324707031 118.01077270507812 74.14454650878906
deer 0.98595643 49.84477996826172 78.10650634765625 87.97785186767578 115.96957397460938
dog 0.9481485 114.00016784667969 151.99240112304688 135.89736938476562 173.98165893554688
deer 0.93643266 52.96289825439453 186.1271514892578 91.11443328857422 223.97984313964844
frog 0.8915361 86.90975952148438 120.90886688232422 115.98672485351562 150.0000457763672
deer 0.8534868 187.97198486328125 195.15145874023438 216.99600219726562 224.09381103515625
airplane 0.8495647 185.03115844726562 12.956812858581543 211.14779663085938 39.00654602050781
deer 0.78376305 138.14295959472656 201.98390197753906 156.9497528076172 221.06385803222656
cat 0.6855711 86.87176513671875 121.04617309570312 115.91232299804688 150.01019287109375
automobile 0.66750693 215.06170654296875 146.0467987060547 241.19967651367188 172.1164093017578
frog 0.62316716 138.1426239013672 202.02684020996094 156.9533233642578 221.0988311767578
airplane 0.592312 19.15311622619629 190.19332885742188 47.80467224121094 218.94970703125
frog 0.5359282 187.97198486328125 195.15145874023438 216.99600219726562 224.09381103515625
deer 0.5228132 19.15311622619629 190.19332885742188 47.80467224121094 218.94970703125
bird 0.48469403 215.06170654296875 146.0467987060547 241.19967651367188 172.1164093017578
airplane 0.4048236 85.89256286621094 41.98120880126953 117.96701049804688 74.08857727050781
frog 0.3209952 215.06170654296875 146.0467987060547 241.19967651367188 172.1164093017578
automobile 0.30527648 19.15311622619629 190.19332885742188 47.80467224121094 218.94970703125
automobile 0.30310303 53.07050323486328 186.2899627685547 90.99845123291016 224.00144958496094
ship 0.29317677 19.15311622619629 190.19332885742188 47.80467224121094 218.94970703125
cat 0.23929095 113.97838592529297 152.0733184814453 135.8512725830078 174.0393524169922
bird 0.23730367 185.03199768066406 13.099259376525879 211.2220916748047 38.888092041015625
frog 0.22799319 53.07050323486328 186.2899627685547 90.99845123291016 224.00144958496094
truck 0.2194944 53.07050323486328 186.2899627685547 90.99845123291016 224.00144958496094
bird 0.20340586 138.40452575683594 201.99813842773438 156.8977508544922 221.03427124023438
automobile 0.20266649 113.97838592529297 152.0733184814453 135.8512725830078 174.0393524169922
