automobile 0.99819046 139.98985290527344 75.04661560058594 169.04615783691406 103.92933654785156
frog 0.994416 79.13104248046875 168.08627319335938 101.03477478027344 189.93728637695312
frog 0.9889852 55.06739044189453 9.979475975036621 74.15790557861328 29.117111206054688
deer 0.9736173 61.182621002197266 57.03954315185547 96.11468505859375 91.9766616821289
frog 0.9679289 155.06076049804688 39.95233154296875 171.09490966796875 55.98859405517578
bird 0.9612672 212.05860900878906 186.10032653808594 237.82359313964844 212.00999450683594
frog 0.91494805 63.063499450683594 103.98336791992188 101.0935287475586 142.05035400390625
bird 0.9026635 81.95829772949219 9.054956436157227 117.101318359375 43.945762634277344
frog 0.90176564 176.1797332763672 169.05287170410156 198.0384063720703 191.0317840576172
deer 0.84129584 143.03883361816406 201.0283660888672 181.12351989746094 238.98643493652344
automobile 0.75083816 59.0321159362793 209.993408203125 94.03172302246094 245.07254028320312
cat 0.7427123 206.0059814453125 42.133296966552734 235.00506591796875 71.17462921142578
bird 0.6700321 62.96105194091797 104.0504379272461 101.09117889404297 142.09071350097656
frog 0.6663818 206.0059814453125 42.133296966552734 235.00506591796875 71.17462921142578
ship 0.66144073 13.1441650390625 101.20597076416016 50.91956329345703 138.91293334960938
frog 0.63309056 1.855198860168457 3.6880645751953125 28.003726959228516 30.130401611328125
truck 0.5948082 155.10728454589844 39.945369720458984 171.07167053222656 56.0006217956543
truck 0.58303297 183.037353515625 92.01952362060547 201.97616577148438 111.09249114990234
truck 0.5597116 59.0321159362793 209.993408203125 94.03172302246094 245.07254028320312
deer 0.5588371 138.8126983642578 114.94654083251953 176.9286651611328 152.80223083496094
automobile 0.4207516 183.037353515625 92.01952362060547 201.97616577148438 111.09249114990234
frog 0.41809112 143.09085083007812 201.1007080078125 181.157958984375 239.09576416015625
dog 0.40464872 82.01914978027344 9.020137786865234 116.93769836425781 43.89628601074219
bird 0.38576418 1.855198860168457 3.6880645751953125 28.003726959228516 30.130401611328125
automobile 0.37144798 155.03639221191406 39.955162048339844 171.0431671142578 56.014122009277344
airplane 0.3628183 9.858443260192871 191.10707092285156 35.89094543457031 216.8905792236328
frog 0.35938403 48.05345153808594 159.11451721191406 70.09097290039062 181.00856018066406
frog 0.34948862 183.0243377685547 92.14580535888672 201.9491729736328 111.07952117919922
airplane 0.32368016 13.131092071533203 101.25547790527344 50.825801849365234 138.91812133789062
deer 0.31312442 155.03639221191406 39.955162048339844 171.0431671142578 56.014122009277344
dog 0.30509442 1.9662179946899414 3.918581962585449 28.135337829589844 30.173782348632812
deer 0.28901583 1.9662179946899414 3.918581962585449 28.135337829589844 30.173782348632812
cat 0.28416428 155.06076049804688 39.95233154296875 171.09490966796875 55.98859405517578
truck 0.2838434 9.869420051574707 191.03025817871094 35.883819580078125 216.91688537597656
bird 0.2784934 13.131092071533203 101.25547790527344 50.825801849365234 138.91812133789062
airplane 0.27375376 183.037353515625 92.01952362060547 201.97616577148438 111.09249114990234
ship 0.26385662 9.858443260192871 191.10707092285156 35.89094543457031 216.8905792236328
deer 0.23690453 123.10379028320312 41.96137237548828 149.07571411132812 67.81526947021484
deer 0.23218438 62.96105194091797 104.0504379272461 101.09117889404297 142.09071350097656
cat 0.23212177 13.131092071533203 101.25547790527344 50.825801849365234 138.91812133789062
deer 0.22265542 13.131092071533203 101.25547790527344 50.825801849365234 138.91812133789062
dog 0.20786527 155.06076049804688 39.95233154296875 171.09490966796875 55.98859405517578
