frog 0.9979484 36.99136734008789 209.03172302246094 59.08872604370117 231.0537872314453
automobile 0.99749917 2.932863235473633 104.13501739501953 35.03831481933594 135.9527587890625
truck 0.9967607 204.01161193847656 14.072311401367188 229.9647674560547 40.15163803100586
automobile 0.9959023 13.08773422241211 63.99638366699219 51.00947189331055 102.07228088378906
truck 0.9953518 100.93937683105469 180.10804748535156 136.05763244628906 215.02415466308594
truck 0.994514 213.10499572753906 73.25094604492188 245.0982208251953 104.95285034179688
frog 0.99233806 64.04249572753906 69.04177856445312 86.01164245605469 91.12922668457031
frog 0.9889637 121.84700775146484 33.04434585571289 143.90481567382812 55.05153274536133
deer 0.9865009 192.05905151367188 171.96066284179688 226.93597412109375 207.004150390625
frog 0.97755367 19.04168701171875 13.994382858276367 50.98112487792969 46.070648193359375
deer 0.8991301 55.187828063964844 160.93812561035156 80.96167755126953 187.0282745361328
frog 0.81337726 146.0494384765625 60.98477554321289 183.92428588867188 98.94866943359375
airplane 0.7583021 151.07064819335938 192.01722717285156 189.05511474609375 230.1205596923828
frog 0.7187635 54.19512176513672 22.14011001586914 72.99978637695312 41.081298828125
ship 0.69109976 21.921016693115234 190.14520263671875 38.07375717163086 206.19076538085938
automobile 0.6602519 21.921016693115234 190.14520263671875 38.07375717163086 206.19076538085938
frog 0.6160866 151.07064819335938 192.01722717285156 189.05511474609375 230.1205596923828
deer 0.5274846 153.10101318359375 137.02471923828125 172.01437377929688 156.08099365234375
truck 0.3307225 21.934844970703125 190.1226043701172 38.031105041503906 206.1981658935547
deer 0.3172847 146.10452270507812 61.0167350769043 183.90155029296875 98.90327453613281
bird 0.28249693 151.02853393554688 191.99815368652344 189.05148315429688 230.12364196777344
frog 0.28124535 103.03080749511719 128.09840393066406 134.97653198242188 159.84043884277344
truck 0.26373732 121.84700775146484 33.04434585571289 143.90481567382812 55.05153274536133
airplane 0.24380642 146.09310913085938 61.022926330566406 183.91195678710938 98.80870819091797
automobile 0.23576275 121.84700775146484 33.04434585571289 143.90481567382812 55.05153274536133
bird 0.23181096 54.992889404296875 160.9371337890625 81.02864074707031 186.9893798828125
bird 0.21952331 146.09310913085938 61.022926330566406 183.91195678710938 98.80870819091797
truck 0.2188048 54.17864227294922 22.106704711914062 73.09652709960938 40.934696197509766
airplane 0.20948368 54.17864227294922 22.106704711914062 73.09652709960938 40.934696197509766
automobile 0.20374748 54.17864227294922 22.106704711914062 73.09652709960938 40.934696197509766
