frog 0.99851704 197.0915985107422 9.03034496307373 229.06468200683594 40.949462890625
automobile 0.99717534 122.15679168701172 164.0597686767578 148.05880737304688 190.15061950683594
deer 0.9968077 180.941650390625 55.06658935546875 219.04257202148438 93.02799987792969
ship 0.9962984 138.9993133544922 207.09226989746094 158.0265350341797 225.9838409423828
frog 0.9939207 47.288143157958984 49.9830322265625 82.01187133789062 84.93960571289062
ship 0.99313617 203.96853637695312 156.04345703125 238.96487426757812 191.03836059570312
automobile 0.9920167 154.04859924316406 156.9698486328125 189.0082244873047 191.73873901367188
ship 0.990077 85.06626892089844 107.05709075927734 100.95805358886719 123.05083465576172
bird 0.9898642 74.10174560546875 213.13963317871094 105.96705627441406 245.0153350830078
deer 0.9830409 184.12876892089844 200.15252685546875 213.0997772216797 228.76788330078125
frog 0.9751219 77.10677337646484 18.20613670349121 95.8956069946289 37.01721954345703
automobile 0.9731811 26.997251510620117 111.145751953125 61.94367218017578 145.69424438476562
airplane 0.963079 167.92941284179688 119.0447769165039 197.14999389648438 148.0417938232422
frog 0.9427686 91.04508209228516 49.03087615966797 110.02410125732422 68.02250671386719
frog 0.9391128 138.0994873046875 127.09800720214844 157.03265380859375 145.9864959716797
bird 0.8284019 19.99563980102539 59.13454818725586 45.885746002197266 85.0604248046875
cat 0.6613183 123.10926818847656 10.010780334472656 157.9130096435547 44.9665412902832
frog 0.60300493 167.92941284179688 119.0447769165039 197.14999389648438 148.0417938232422
ship 0.548816 138.08013916015625 47.88969421386719 175.9989013671875 86.05488586425781
automobile 0.5339725 108.1654052734375 83.11624908447266 127.05693054199219 102.04106903076172
airplane 0.5326267 85.05530548095703 107.12498474121094 100.9200668334961 123.08642578125
frog 0.4575392 122.99195098876953 10.067373275756836 158.02099609375 44.955810546875
automobile 0.40424606 138.2509307861328 47.32792663574219 175.71177673339844 85.63211059570312
bird 0.3893277 137.91172790527344 47.980865478515625 176.00608825683594 86.05104064941406
deer 0.34186172 123.05025482177734 10.016878128051758 157.9507598876953 45.10065460205078
dog 0.33652577 123.10926818847656 10.010780334472656 157.9130096435547 44.9665412902832
dog 0.31987533 138.05157470703125 47.66600799560547 175.998779296875 86.09429168701172
frog 0.2970571 74.10174560546875 213.13963317871094 105.96705627441406 245.0153350830078
deer 0.2882629 55.9539680480957 153.0943145751953 81.89826965332031 179.04396057128906
truck 0.25041372 77.07857513427734 18.200603485107422 95.9710464477539 36.972476959228516
deer 0.2221486 85.06626892089844 107.05709075927734 100.95805358886719 123.05083465576172
deer 0.2180607 91.10569763183594 49.04014205932617 110.00242614746094 67.99826049804688
truck 0.20750567 85.0622787475586 107.09115600585938 100.93041229248047 123.07505798339844
frog 0.20601127 19.850387573242188 59.33988952636719 45.83051300048828 85.17245483398438
deer 0.20259088 74.18243408203125 213.09988403320312 106.02285766601562 245.1376953125
