ship 0.9991323 13.944908142089844 201.98263549804688 43.092063903808594 231.08151245117188
airplane 0.9970752 208.02545166015625 45.18505096435547 240.1383056640625 76.99267578125
ship 0.996937 133.00177001953125 78.0628662109375 154.95745849609375 100.04289245605469
cat 0.996166 25.15126609802246 42.08085632324219 56.842796325683594 74.11817932128906
ship 0.99584883 152.92567443847656 33.00865173339844 175.05174255371094 55.09526062011719
frog 0.99388814 111.9085464477539 28.098922729492188 143.80111694335938 59.99665069580078
bird 0.99381244 205.8836212158203 158.17446899414062 234.93760681152344 187.21624755859375
frog 0.9934827 178.94186401367188 41.08334732055664 201.12591552734375 62.95229721069336
frog 0.99323547 69.01897430419922 113.86895751953125 106.82073211669922 151.9605712890625
frog 0.98972034 207.0886688232422 114.12815856933594 225.92491149902344 133.0238037109375
ship 0.9879587 164.03778076171875 137.90077209472656 180.03594970703125 153.96253967285156
truck 0.9863937 51.025718688964844 78.00621032714844 86.01410675048828 112.9095458984375
frog 0.98479915 50.19228744506836 189.05406188964844 82.0600357055664 220.95765686035156
ship 0.9636429 61.066932678222656 10.015864372253418 86.96907806396484 35.924560546875
automobile 0.9454212 11.008261680603027 106.91525268554688 29.924087524414062 125.95162963867188
deer 0.9065517 117.02501678466797 150.11734008789062 135.9666748046875 169.02435302734375
frog 0.9014145 83.92845916748047 162.09632873535156 110.10823822021484 187.99339294433594
deer 0.8849561 154.00588989257812 179.1575927734375 191.81063842773438 216.98486328125
dog 0.85215783 112.89215087890625 188.15557861328125 141.83534240722656 217.02584838867188
frog 0.53011596 117.02501678466797 150.11734008789062 135.9666748046875 169.02435302734375
truck 0.48685962 112.0731430053711 28.227317810058594 143.79519653320312 59.91613006591797
bird 0.4659525 117.02501678466797 150.11734008789062 135.9666748046875 169.02435302734375
deer 0.4329694 83.92845916748047 162.09632873535156 110.10823822021484 187.99339294433594
automobile 0.43053347 50.19228744506836 189.05406188964844 82.0600357055664 220.95765686035156
bird 0.32920292 112.92782592773438 188.03819274902344 141.7735137939453 217.10533142089844
truck 0.2945793 60.85302734375 10.095194816589355 86.94601440429688 36.02214431762695
truck 0.27231967 10.983208656311035 107.09688568115234 29.90522003173828 125.95380401611328
airplane 0.26196682 10.986776351928711 107.02171325683594 29.831315994262695 126.00831604003906
automobile 0.23686475 61.059173583984375 9.998377799987793 87.06071472167969 36.01604461669922
