automobile 0.99702156 179.11985778808594 144.00613403320312 205.03492736816406 170.06298828125
automobile 0.9955147 120.08488464355469 6.977605819702148 155.17832946777344 42.022254943847656
deer 0.9952178 81.99174499511719 169.01512145996094 107.91087341308594 194.99781799316406
frog 0.9947181 79.1136245727539 204.9309844970703 117.04834747314453 243.0682830810547
automobile 0.99390364 45.06914138793945 187.19442749023438 76.95733642578125 219.05862426757812
deer 0.99338126 201.87619018554688 11.12398910522461 239.99880981445312 48.92407989501953
frog 0.9931822 157.10244750976562 12.154708862304688 194.96517944335938 49.93486022949219
automobile 0.9874294 181.99240112304688 209.1472625732422 201.04669189453125 227.88645935058594
ship 0.98516154 108.06034851074219 109.07780456542969 139.8267822265625 140.9779510498047
frog 0.98464644 63.220542907714844 87.0099105834961 98.09795379638672 121.88080596923828
frog 0.98194426 113.007568359375 66.0064926147461 131.99090576171875 85.04776763916016
bird 0.9064494 158.0476531982422 210.95616149902344 180.0106964111328 232.93052673339844
bird 0.90214413 210.99131774902344 181.07281494140625 239.97840881347656 210.0352783203125
cat 0.8739909 95.11827087402344 9.039968490600586 110.99916076660156 24.92042350769043
ship 0.79328483 41.165367126464844 19.989377975463867 75.93851470947266 55.09425354003906
automobile 0.71241224 206.98072814941406 124.25689697265625 235.9706573486328 153.14614868164062
deer 0.7075466 41.10163879394531 20.003173828125 75.95868682861328 55.047996520996094
frog 0.6054646 146.14340209960938 113.01782989501953 175.084228515625 141.97120666503906
deer 0.56994605 145.9883270263672 113.0137939453125 174.93797302246094 142.146728515625
frog 0.47833467 207.02426147460938 124.1202163696289 235.95147705078125 152.97206115722656
ship 0.41245723 95.10421752929688 9.072616577148438 111.03192138671875 24.90805435180664
bird 0.4090002 18.13663101196289 138.01443481445312 55.88740921020508 175.8157958984375
cat 0.40430704 18.14002799987793 138.03517150878906 55.84534454345703 175.84336853027344
bird 0.389647 63.220542907714844 87.0099105834961 98.09795379638672 121.88080596923828
ship 0.3780349 18.490324020385742 138.3214569091797 56.177581787109375 176.28758239746094
deer 0.36963123 163.87525939941406 59.08378601074219 189.9213104248047 85.15867614746094
dog 0.30732846 18.096086502075195 138.04637145996094 55.981719970703125 175.8585968017578
airplane 0.29839364 95.09786224365234 9.09351921081543 111.13016510009766 24.85444450378418
cat 0.26180553 163.87525939941406 59.08378601074219 189.9213104248047 85.15867614746094
deer 0.2327035 18.13663101196289 138.01443481445312 55.88740921020508 175.8157958984375
airplane 0.21441844 210.99131774902344 181.07281494140625 239.97840881347656 210.0352783203125
airplane 0.20488104 206.98072814941406 124.25689697265625 235.9706573486328 153.14614868164062
frog 0.20395571 158.046142578125 210.94671630859375 179.99172973632812 232.96682739257812
automobile 0.20261362 112.98748779296875 66.04032135009766 132.05238342285156 84.95366668701172
