bird 0.9991353 29.01913833618164 9.950807571411133 58.23508834838867 39.19000244140625
cat 0.99662447 167.969970703125 130.9205322265625 184.00543212890625 146.96865844726562
deer 0.98802316 110.12339782714844 31.962858200073242 145.0768280029297 67.05733489990234
deer 0.9873667 1.9157533645629883 64.97207641601562 28.03469467163086 91.2412109375
frog 0.98243326 88.92715454101562 118.08659362792969 117.98709106445312 147.05555725097656
deer 0.9784078 136.9791259765625 95.0594482421875 162.93853759765625 121.11738586425781
bird 0.9317871 60.871620178222656 3.8812942504882812 95.96729278564453 39.1067008972168
dog 0.8865887 188.04116821289062 61.124656677246094 206.98089599609375 79.93486785888672
deer 0.8464304 0.0 135.08560180664062 34.95872497558594 170.1527099609375
deer 0.80065453 9.900565147399902 195.37725830078125 38.952781677246094 224.03414916992188
cat 0.7405418 42.13779830932617 137.11837768554688 70.97383117675781 166.08065795898438
deer 0.7256207 182.0161895751953 23.065696716308594 207.99147033691406 49.19317626953125
cat 0.7156315 52.14278793334961 192.12026977539062 74.16905975341797 213.880615234375
deer 0.714071 195.05606079101562 97.00981140136719 233.00408935546875 134.97853088378906
deer 0.6009451 62.08057403564453 96.0277328491211 87.91388702392578 122.0580825805664
frog 0.5992502 14.994562149047852 171.87466430664062 34.09767150878906 191.05856323242188
airplane 0.5762706 52.149879455566406 192.12538146972656 74.0374755859375 214.06019592285156
bird 0.5711719 182.0161895751953 23.065696716308594 207.99147033691406 49.19317626953125
bird 0.5383621 195.11239624023438 97.1053237915039 232.9716796875 135.08566284179688
frog 0.51777124 0.0 135.07371520996094 35.10009002685547 170.06809997558594
frog 0.48178062 44.165069580078125 44.3306770324707 82.14320373535156 82.06394958496094
automobile 0.46819672 15.032121658325195 171.73934936523438 34.14036560058594 191.08755493164062
automobile 0.45104656 159.1301727294922 193.09173583984375 180.92799377441406 214.64065551757812
deer 0.3804878 120.46597290039062 203.04150390625 158.2845458984375 240.61614990234375
automobile 0.3693884 44.069541931152344 43.94257354736328 82.0314712524414 81.93865203857422
cat 0.32856384 159.06211853027344 193.17218017578125 181.05381774902344 214.93179321289062
deer 0.3281755 42.09669494628906 137.05763244628906 71.04859161376953 166.16102600097656
bird 0.32736582 14.994318962097168 172.0376434326172 33.99311828613281 190.98402404785156
truck 0.32597584 92.878662109375 166.90228271484375 111.74761962890625 186.04693603515625
cat 0.3137094 61.98619842529297 96.05896759033203 88.18909454345703 122.0422592163086
ship 0.30754304 159.0765380859375 193.09234619140625 181.060791015625 214.93463134765625
dog 0.3065455 61.98619842529297 96.05896759033203 88.18909454345703 122.0422592163086
frog 0.304191 195.0692138671875 97.20021057128906 232.97720336914062 135.09140014648438
bird 0.29776198 42.09669494628906 137.05763244628906 71.04859161376953 166.16102600097656
frog 0.28275925 60.871620178222656 3.8812942504882812 95.96729278564453 39.1067008972168
airplane 0.2622728 44.069541931152344 43.94257354736328 82.0314712524414 81.93865203857422
truck 0.25711566 88.94468688964844 118.06419372558594 118.05570983886719 147.0146942138672
frog 0.25082693 159.06211853027344 193.17218017578125 181.05381774902344 214.93179321289062
dog 0.24934793 195.28749084472656 97.02496337890625 233.34742736816406 134.58956909179688
deer 0.2263695 43.83091354370117 43.999168395996094 82.09088134765625 82.00959777832031
frog 0.22369364 42.09669494628906 137.05763244628906 71.04859161376953 166.16102600097656
bird 0.22283816 44.165069580078125 44.3306770324707 82.14320373535156 82.06394958496094
dog 0.21983135 92.83467864990234 166.93743896484375 111.80013275146484 186.14004516601562
ship 0.217989 43.90644454956055 44.11595153808594 81.98497009277344 81.99998474121094
cat 0.21342826 195.28749084472656 97.02496337890625 233.34742736816406 134.58956909179688
