ship 0.99803555 186.088134765625 31.1793270111084 207.8907470703125 53.081077575683594
frog 0.99711794 117.01033020019531 103.0411148071289 146.17433166503906 132.03680419921875
bird 0.99477446 126.03671264648438 29.168781280517578 157.97225952148438 61.113460540771484
dog 0.993752 129.03558349609375 157.06423950195312 148.09957885742188 175.87353515625
dog 0.9931109 16.083477020263672 103.08599090576172 47.99506759643555 135.01490783691406
frog 0.99246657 91.17378234863281 205.95144653320312 129.04014587402344 244.04476928710938
dog 0.98657477 170.1185302734375 151.98208618164062 204.87399291992188 187.11846923828125
automobile 0.98026395 196.02047729492188 65.043701171875 224.99813842773438 93.89399719238281
deer 0.97812504 83.15260314941406 30.995529174804688 112.04315185546875 60.138946533203125
bird 0.9657737 44.04765319824219 211.03030395507812 78.91463470458984 245.9293212890625
deer 0.9347803 0.026214599609375 167.0606231689453 22.005023956298828 189.0978546142578
airplane 0.92519635 65.91191864013672 97.08967590332031 100.98157501220703 131.91888427734375
dog 0.9064672 56.94725036621094 169.04043579101562 91.94964599609375 204.12088012695312
frog 0.89658195 21.093509674072266 197.03260803222656 39.993865966796875 215.9036407470703
bird 0.8839489 194.86317443847656 200.0087890625 220.8906707763672 226.14385986328125
airplane 0.86990607 194.86317443847656 200.0087890625 220.8906707763672 226.14385986328125
frog 0.7119996 44.12767791748047 140.1024169921875 66.06140899658203 162.002197265625
deer 0.7085831 56.933597564697266 169.07119750976562 92.012939453125 204.13433837890625
bird 0.60986435 44.12767791748047 140.1024169921875 66.06140899658203 162.002197265625
frog 0.5271186 8.977348327636719 45.16444396972656 43.863075256347656 80.04027557373047
airplane 0.5065105 160.99642944335938 216.01145935058594 193.1483154296875 248.10328674316406
dog 0.4804763 184.0502166748047 96.83544921875 219.0744171142578 132.15786743164062
automobile 0.47934207 184.1171875 97.01058197021484 219.20449829101562 132.10633850097656
truck 0.4673903 9.124711990356445 45.2008056640625 43.98304748535156 80.1838607788086
bird 0.41872546 161.0287322998047 216.0030059814453 192.9315948486328 248.09986877441406
bird 0.4027014 184.05215454101562 96.94060516357422 219.0552978515625 132.11468505859375
deer 0.36077306 161.13963317871094 215.77606201171875 193.02052307128906 248.0399169921875
frog 0.35317045 138.91770935058594 188.85055541992188 157.8701629638672 208.05599975585938
cat 0.3516401 9.124711990356445 45.2008056640625 43.98304748535156 80.1838607788086
deer 0.34816718 138.98146057128906 189.05545043945312 157.99061584472656 207.9183349609375
airplane 0.3346507 9.124711990356445 45.2008056640625 43.98304748535156 80.1838607788086
frog 0.33426064 161.13963317871094 215.77606201171875 193.02052307128906 248.0399169921875
ship 0.3003082 66.17223358154297 97.1110610961914 100.94719696044922 131.9579315185547
deer 0.2742146 9.038763046264648 45.270423889160156 44.017578125 80.03374481201172
deer 0.21802855 184.05215454101562 96.94060516357422 219.0552978515625 132.11468505859375
cat 0.21389744 161.08921813964844 215.97601318359375 193.0946502685547 248.0484619140625
bird 0.20927113 0.12764549255371094 167.06350708007812 21.9942684173584 189.04067993164062
