ship 0.9988767 39.9914436340332 155.9748992919922 69.10478210449219 185.02296447753906
automobile 0.99735475 61.1811408996582 3.1802940368652344 79.96279907226562 22.11066436767578
frog 0.99728703 63.21142578125 44.09782028198242 97.86897277832031 79.00445556640625
airplane 0.99590516 2.048588752746582 26.012113571166992 31.118545532226562 55.025634765625
automobile 0.9957989 10.924269676208496 135.0084228515625 27.015380859375 151.11520385742188
truck 0.9945612 38.07802200317383 199.0247802734375 73.19363403320312 233.91607666015625
frog 0.9940305 187.0561981201172 83.11538696289062 225.0446014404297 120.96311950683594
airplane 0.99395025 198.92788696289062 9.134306907653809 221.101318359375 30.993694305419922
deer 0.9878671 123.03203582763672 41.195613861083984 158.0198974609375 75.84127807617188
truck 0.97991407 106.01080322265625 109.17236328125 141.09474182128906 144.02627563476562
bird 0.97749186 135.97683715820312 170.01942443847656 174.2479248046875 207.90260314941406
truck 0.92606246 150.2270050048828 103.10407257080078 185.1571807861328 137.99696350097656
truck 0.91641474 8.006471633911133 165.02420043945312 30.042417526245117 187.02163696289062
frog 0.8331871 20.975439071655273 68.02981567382812 56.002967834472656 103.10917663574219
bird 0.80008304 162.065185546875 17.009552001953125 187.96075439453125 43.18844223022461
frog 0.7355347 66.16651916503906 101.04438781738281 104.12785339355469 138.9652099609375
ship 0.69080245 162.0653076171875 17.134870529174805 187.89706420898438 43.019935607910156
truck 0.6644229 182.07350158691406 201.05519104003906 198.07435607910156 216.84580993652344
ship 0.64685535 75.01787567138672 168.95547485351562 104.11219024658203 198.1712646484375
frog 0.5011915 212.0526123046875 169.1334228515625 244.09619140625 200.90225219726562
cat 0.47052765 182.00938415527344 201.10147094726562 198.05625915527344 216.9053955078125
airplane 0.46913856 66.16651916503906 101.04438781738281 104.12785339355469 138.9652099609375
truck 0.38363308 75.01787567138672 168.95547485351562 104.11219024658203 198.1712646484375
frog 0.3695156 182.07350158691406 201.05519104003906 198.07435607910156 216.84580993652344
cat 0.3668453 20.975439071655273 68.02981567382812 56.002967834472656 103.10917663574219
deer 0.3666572 20.975439071655273 68.02981567382812 56.002967834472656 103.10917663574219
cat 0.28768152 150.00233459472656 102.90010070800781 185.0102996826172 138.02223205566406
deer 0.27889752 66.03593444824219 101.10459899902344 104.14289855957031 139.27491760253906
airplane 0.24201673 162.0653076171875 17.134870529174805 187.89706420898438 43.019935607910156
automobile 0.24047053 182.07350158691406 201.05519104003906 198.07435607910156 216.84580993652344
frog 0.23194918 181.26646423339844 58.20598220825195 199.82542419433594 77.25206756591797
cat 0.22229537 66.03593444824219 101.10459899902344 104.14289855957031 139.27491760253906
frog 0.21777698 75.01787567138672 168.95547485351562 104.11219024658203 198.1712646484375
truck 0.20843834 66.16651916503906 101.04438781738281 104.12785339355469 138.9652099609375
