frog 0.99775857 168.99986267089844 127.19361877441406 200.9191436767578 159.02098083496094
automobile 0.99760205 53.154388427734375 156.96304321289062 79.04058837890625 183.0404052734375
deer 0.99725306 103.94546508789062 182.11277770996094 142.05970764160156 219.9998321533203
cat 0.9970008 81.06962585449219 5.091480255126953 112.95399475097656 36.9478645324707
dog 0.9936196 8.968826293945312 144.1317596435547 44.126617431640625 179.08067321777344
ship 0.9927246 187.03358459472656 166.03439331054688 212.9817657470703 192.0814208984375
frog 0.99011993 174.9877166748047 70.13904571533203 213.0800323486328 108.12752532958984
airplane 0.9888135 16.046062469482422 77.91649627685547 53.9465217590332 116.15792083740234
dog 0.97900283 96.00535583496094 157.96595764160156 118.06414794921875 180.10398864746094
airplane 0.9629011 0.8584651947021484 20.09967613220215 35.87657928466797 55.112213134765625
airplane 0.9621302 153.97457885742188 106.10029602050781 173.10757446289062 124.92953491210938
airplane 0.94868636 109.0077133178711 85.00486755371094 130.91281127929688 107.07809448242188
deer 0.90048325 61.89084243774414 76.07054138183594 99.78213500976562 113.94923400878906
frog 0.899205 172.06105041503906 13.030933380126953 206.90260314941406 47.90277862548828
airplane 0.803275 113.01327514648438 126.1012191772461 131.99502563476562 145.12228393554688
automobile 0.7668555 112.99784088134766 126.08997344970703 131.9571990966797 145.0862274169922
deer 0.6547827 209.99252319335938 207.0296630859375 248.00881958007812 245.154052734375
bird 0.5992931 19.03179359436035 205.1292266845703 48.084938049316406 233.99388122558594
airplane 0.5946087 19.03179359436035 205.1292266845703 48.084938049316406 233.99388122558594
frog 0.55895114 147.93673706054688 79.93253326416016 163.9422607421875 95.88739776611328
dog 0.5305771 172.04592895507812 13.001907348632812 206.9287109375 47.94634246826172
ship 0.5063977 109.07720947265625 85.0326919555664 130.94418334960938 106.98497772216797
deer 0.43489075 211.26280212402344 130.09178161621094 246.01820373535156 165.18312072753906
truck 0.34534895 211.26280212402344 130.09178161621094 246.01820373535156 165.18312072753906
airplane 0.33121732 147.93820190429688 80.09294891357422 163.99505615234375 95.88188934326172
frog 0.31997752 211.2659149169922 130.12631225585938 246.07167053222656 165.1925048828125
frog 0.2674989 61.89084243774414 76.07054138183594 99.78213500976562 113.94923400878906
truck 0.24861923 19.04323387145996 205.06704711914062 48.158363342285156 233.813720703125
truck 0.20091039 112.99784088134766 126.08997344970703 131.9571990966797 145.0862274169922
