frog 0.99860585 56.1116828918457 6.024682998657227 84.8336181640625 34.95092010498047
truck 0.9978458 43.10176086425781 141.06100463867188 78.32160949707031 175.95382690429688
bird 0.99782723 4.916747093200684 112.10491943359375 34.196720123291016 140.8612823486328
dog 0.99375445 110.94701385498047 128.06983947753906 136.99533081054688 153.92433166503906
automobile 0.99303186 122.02182006835938 23.035673141479492 156.8533935546875 57.621551513671875
ship 0.9928864 71.0184555053711 101.04410552978516 90.06806182861328 119.9422378540039
frog 0.9915706 112.91676330566406 58.94549560546875 151.0758514404297 97.10223388671875
frog 0.98855805 154.20416259765625 71.98593139648438 175.87225341796875 94.01811218261719
frog 0.97699904 199.0719451904297 94.1093521118164 230.93357849121094 125.93025970458984
cat 0.9756358 77.04156494140625 193.96023559570312 112.01075744628906 229.03604125976562
frog 0.9669822 82.05824279785156 157.09222412109375 108.01258850097656 183.08700561523438
deer 0.9012338 70.93003845214844 60.14142990112305 97.01472473144531 86.14985656738281
truck 0.8563825 141.9952850341797 128.93887329101562 158.04518127441406 145.03158569335938
truck 0.83995897 0.0 213.91128540039062 15.96630859375 229.92822265625
frog 0.7968456 126.08404541015625 176.94894409179688 151.90872192382812 202.7366943359375
ship 0.66583115 152.9707489013672 171.9247283935547 168.9052276611328 188.0334930419922
truck 0.64397424 152.9707489013672 171.9247283935547 168.9052276611328 188.0334930419922
ship 0.57738996 141.9952850341797 128.93887329101562 158.04518127441406 145.03158569335938
automobile 0.52303565 141.9952850341797 128.93887329101562 158.04518127441406 145.03158569335938
airplane 0.5145673 0.09022331237792969 213.96035766601562 15.842793464660645 229.9892578125
deer 0.5128945 196.98165893554688 53.9837760925293 212.949951171875 70.06690979003906
dog 0.5103627 32.979942321777344 191.03176879882812 65.02591705322266 223.10513305664062
cat 0.50847185 141.9952850341797 128.93887329101562 158.04518127441406 145.03158569335938
airplane 0.5039528 152.9707489013672 171.9247283935547 168.9052276611328 188.0334930419922
deer 0.47751158 126.08404541015625 176.94894409179688 151.90872192382812 202.7366943359375
cat 0.3208062 33.0498046875 191.06922912597656 65.05013275146484 223.01182556152344
frog 0.3053208 33.078514099121094 190.9569854736328 65.13899993896484 223.02674865722656
automobile 0.272535 0.050626277923583984 213.8855743408203 15.989341735839844 229.91297912597656
dog 0.2348881 198.9505615234375 94.12982940673828 231.05697631835938 125.99677276611328
frog 0.23343948 141.9952850341797 128.93887329101562 158.04518127441406 145.03158569335938
airplane 0.23185813 142.06744384765625 128.91363525390625 158.05014038085938 144.98287963867188
truck 0.22935832 194.0345458984375 200.95956420898438 219.8358154296875 226.86056518554688
automobile 0.21615762 153.90521240234375 72.19442749023438 175.85009765625 94.04502868652344
bird 0.2149342 126.08404541015625 176.94894409179688 151.90872192382812 202.7366943359375
ship 0.21364984 126.30702209472656 177.03053283691406 151.9345245361328 202.89491271972656
airplane 0.20603892 70.93003845214844 60.14142990112305 97.01472473144531 86.14985656738281
