frog 0.9986618 30.094667434692383 124.04820251464844 62.09099578857422 156.06837463378906
truck 0.998201 152.0049285888672 125.0567855834961 183.9893341064453 157.05078125
frog 0.998178 84.91552734375 187.1759033203125 117.078369140625 218.90823364257812
automobile 0.9981383 187.1278533935547 35.94973373413086 208.9948272705078 57.97734451293945
truck 0.99558556 100.18822479248047 120.02639770507812 134.97988891601562 155.1578369140625
truck 0.9881419 10.943917274475098 195.06964111328125 33.08143615722656 217.00946044921875
bird 0.9825099 67.15495300292969 42.08428955078125 101.87808227539062 77.03269958496094
frog 0.9775562 122.1361083984375 12.117191314697266 160.03890991210938 49.99551010131836
bird 0.97588474 199.99603271484375 10.003426551818848 221.9063720703125 31.97567367553711
dog 0.9243851 144.17877197265625 210.92636108398438 162.96664428710938 230.07797241210938
frog 0.9054878 68.02364349365234 10.942476272583008 97.01360321044922 39.97978973388672
frog 0.8769672 120.06739807128906 160.01324462890625 151.9577178955078 191.86245727539062
frog 0.87428725 213.0936279296875 170.06710815429688 248.0029296875 204.95712280273438
airplane 0.85869014 181.97520446777344 215.9103546142578 214.1120147705078 247.9846649169922
frog 0.8535695 156.1286163330078 187.1209259033203 178.2022247314453 209.0670623779297
frog 0.6792945 32.91438674926758 160.56002807617188 61.92782211303711 190.15570068359375
bird 0.6574818 32.972110748291016 160.7504425048828 61.93412399291992 189.99586486816406
dog 0.59244776 119.99347686767578 159.97396850585938 152.14471435546875 191.85348510742188
cat 0.57116616 35.007423400878906 35.95771026611328 63.80712127685547 65.14480590820312
truck 0.56225204 182.01934814453125 215.89508056640625 214.17022705078125 247.97061157226562
deer 0.54971766 35.007423400878906 35.95771026611328 63.80712127685547 65.14480590820312
dog 0.500636 84.0533676147461 85.16020965576172 102.95111846923828 104.00923919677734
truck 0.49161834 84.0533676147461 85.16020965576172 102.95111846923828 104.00923919677734
bird 0.47820878 35.007423400878906 35.95771026611328 63.80712127685547 65.14480590820312
frog 0.47680935 182.90945434570312 174.84664916992188 212.13446044921875 203.94384765625
cat 0.4264421 84.0533676147461 85.16020965576172 102.95111846923828 104.00923919677734
ship 0.34057552 182.01934814453125 215.89508056640625 214.17022705078125 247.97061157226562
dog 0.25726724 67.95117950439453 11.029767990112305 96.92398834228516 40.02349090576172
deer 0.25653028 213.0198211669922 170.018310546875 247.92628479003906 205.011962890625
deer 0.25566483 32.972110748291016 160.7504425048828 61.93412399291992 189.99586486816406
cat 0.25220746 182.02597045898438 215.99647521972656 214.00131225585938 247.9816436767578
cat 0.20536852 156.27163696289062 186.94447326660156 178.17434692382812 209.1498260498047
