truck 0.98728675 67.09986114501953 48.051326751708984 89.05347442626953 70.06078338623047
cat 0.9861335 174.01089477539062 216.03460693359375 196.03533935546875 238.02728271484375
airplane 0.98413956 97.9634017944336 161.0188446044922 130.0625457763672 193.0084686279297
frog 0.9810636 80.11190795898438 107.02420806884766 111.85890197753906 138.97903442382812
frog 0.97901785 111.08905792236328 208.0544891357422 145.9275360107422 243.0009307861328
ship 0.97818613 124.04916381835938 114.08985900878906 159.31793212890625 149.0940399169922
truck 0.9773489 104.99567413330078 30.029232025146484 137.21389770507812 62.00996780395508
frog 0.976908 105.11463165283203 65.98686981201172 134.1009979248047 94.9896469116211
ship 0.9736602 8.96480941772461 143.98297119140625 41.064788818359375 175.84902954101562
dog 0.9716892 213.95034790039062 169.08950805664062 245.97116088867188 201.1258544921875
automobile 0.9701568 31.08751106262207 93.15875244140625 59.865936279296875 121.98445129394531
airplane 0.9690402 152.06700134277344 80.04306030273438 173.99891662597656 102.05082702636719
cat 0.9639824 140.83615112304688 31.047842025756836 179.01541137695312 69.06771850585938
automobile 0.96237516 163.15631103515625 130.02745056152344 188.98635864257812 155.9463653564453
frog 0.9591973 11.978128433227539 2.143580436706543 41.00603485107422 31.059249877929688
ship 0.94958603 198.03250122070312 49.998626708984375 236.02236938476562 87.9263916015625
cat 0.90115595 203.9778289794922 103.03379821777344 219.8679962158203 118.96284484863281
ship 0.8878084 203.02264404296875 205.06082153320312 221.99942016601562 223.81829833984375
