truck 0.9880837 5.041582107543945 163.0685272216797 23.9272403717041 182.02317810058594
truck 0.98250544 142.9983367919922 29.08343505859375 175.06871032714844 61.058380126953125
dog 0.98130476 25.096771240234375 74.06056213378906 60.044891357421875 109.045654296875
airplane 0.9803623 205.99844360351562 75.99588775634766 227.97567749023438 98.0512924194336
frog 0.9762754 28.065536499023438 179.13462829589844 50.00983428955078 201.0279998779297
frog 0.9727709 26.013080596923828 139.91029357910156 52.07404708862305 165.8043975830078
truck 0.9723686 113.98596954345703 141.03125 140.07278442382812 167.06619262695312
dog 0.9684851 180.0650634765625 21.99366569519043 218.07830810546875 60.014137268066406
airplane 0.96321166 169.0220489501953 99.09032440185547 188.02256774902344 118.04125213623047
deer 0.9273261 183.10549926757812 140.04840087890625 201.99456787109375 159.14291381835938
automobile 0.91328967 67.0326919555664 42.0523681640625 105.07305145263672 79.97279357910156
deer 0.9002056 33.876277923583984 12.022933006286621 63.152408599853516 41.120521545410156
deer 0.89537835 201.0291748046875 185.00550842285156 229.96957397460938 213.9689178466797
deer 0.8413055 167.01756286621094 190.9996795654297 186.0179901123047 210.0089569091797
automobile 0.70936245 97.95748138427734 122.00482177734375 113.89812469482422 138.01873779296875
bird 0.69926155 150.04078674316406 124.09615325927734 179.0748748779297 153.12107849121094
bird 0.5473177 62.06486892700195 132.0494384765625 84.12747192382812 154.07025146484375
cat 0.49840105 150.04078674316406 124.09615325927734 179.0748748779297 153.12107849121094
truck 0.4815805 97.927490234375 122.0267105102539 113.90605163574219 138.02767944335938
cat 0.39070874 62.06486892700195 132.0494384765625 84.12747192382812 154.07025146484375
bird 0.3736045 17.021303176879883 12.002021789550781 32.989498138427734 27.852569580078125
truck 0.3626588 80.08171081542969 195.0895233154297 99.08291625976562 214.0924530029297
airplane 0.3432892 183.06497192382812 140.05064392089844 201.98739624023438 159.12974548339844
cat 0.31196558 17.011932373046875 12.008636474609375 32.9644889831543 27.79918670654297
airplane 0.2710603 167.0472869873047 190.9676055908203 186.08042907714844 209.9611053466797
dog 0.23727164 62.06486892700195 132.0494384765625 84.12747192382812 154.07025146484375
deer 0.22208765 16.863357543945312 11.954044342041016 32.874656677246094 27.792308807373047
automobile 0.22164786 80.08171081542969 195.0895233154297 99.08291625976562 214.0924530029297
dog 0.21636435 16.863357543945312 11.954044342041016 32.874656677246094 27.792308807373047
dog 0.20567128 201.02822875976562 185.12120056152344 230.04815673828125 213.9631805419922
