truck 0.9851941 22.98652458190918 129.05160522460938 60.970001220703125 167.00643920898438
automobile 0.98333275 183.98666381835938 64.05147552490234 213.02487182617188 93.08399200439453
truck 0.9802259 57.02165222167969 98.05077362060547 73.00234985351562 113.97249603271484
ship 0.97910166 211.091064453125 140.05618286132812 229.99197387695312 159.13177490234375
dog 0.97743607 128.0668182373047 95.1032943725586 165.92295837402344 132.98138427734375
dog 0.97627914 8.043399810791016 63.07411193847656 37.04545974731445 91.96479797363281
ship 0.9761708 164.00445556640625 143.05746459960938 199.0008544921875 177.99990844726562
airplane 0.97379184 158.02365112304688 27.976669311523438 193.0704345703125 62.97798156738281
bird 0.97373974 171.02420043945312 209.0829620361328 196.96539306640625 234.9108123779297
dog 0.95177305 44.08738708496094 31.070877075195312 82.02883911132812 68.94925689697266
airplane 0.93544686 78.00678253173828 142.9711456298828 93.96990203857422 159.19776916503906
cat 0.87512887 137.996337890625 150.9869842529297 154.01068115234375 167.0669403076172
ship 0.8062607 131.9878387451172 5.985357284545898 151.0028533935547 25.015220642089844
airplane 0.65449655 97.9983901977539 94.07884216308594 119.96910858154297 116.0394287109375
cat 0.50557566 12.955083847045898 201.04734802246094 31.986146926879883 219.8156280517578
airplane 0.43218148 13.053163528442383 201.0708770751953 31.946088790893555 219.75453186035156
truck 0.33317435 214.99700927734375 214.08090209960938 247.03201293945312 246.06207275390625
automobile 0.31703955 98.01000213623047 94.08329772949219 119.9762191772461 116.00361633300781
ship 0.20917723 12.955083847045898 201.04734802246094 31.986146926879883 219.8156280517578
deer 0.20884228 13.029097557067871 201.06179809570312 31.96111297607422 219.70404052734375
automobile 0.201094 131.96144104003906 5.955279350280762 150.98121643066406 25.11327362060547
