truck 0.98664165 107.97962951660156 49.011592864990234 124.02626037597656 64.9930648803711
truck 0.98583937 214.02874755859375 40.06752395629883 232.98382568359375 59.00888442993164
automobile 0.9857441 21.041397094726562 72.02262115478516 39.9642448425293 91.00200653076172
automobile 0.9837642 45.05939483642578 113.03645324707031 73.96824645996094 142.0770263671875
ship 0.9790312 193.0599365234375 177.03819274902344 225.0728759765625 209.0533905029297
dog 0.97688675 109.97660827636719 167.009033203125 142.04006958007812 198.97976684570312
frog 0.9755713 194.0271759033203 118.93368530273438 209.9857940673828 135.04757690429688
dog 0.97420675 165.0892333984375 71.0113525390625 202.9134521484375 109.03662109375
ship 0.9674665 2.07987117767334 104.04850769042969 20.978092193603516 123.01638793945312
deer 0.9655032 135.09722900390625 78.07334899902344 157.04147338867188 99.98912048339844
bird 0.9623306 111.00397491455078 24.015432357788086 129.9959716796875 43.01403045654297
dog 0.9602249 115.1336898803711 82.21500396728516 133.73606872558594 100.9995346069336
dog 0.9407201 49.00646209716797 62.89702224731445 74.88926696777344 89.04934692382812
frog 0.87305653 167.01455688476562 146.1277313232422 192.96377563476562 171.9358673095703
frog 0.86478984 65.94979095458984 32.93049240112305 92.05884552001953 59.13554763793945
cat 0.63397753 11.948619842529297 196.9584503173828 47.048892974853516 232.1110076904297
bird 0.5742311 24.062335968017578 153.95257568359375 49.964290618896484 180.10470581054688
bird 0.48216802 131.88758850097656 37.78815841674805 148.85523986816406 60.2150993347168
deer 0.42945123 24.03955078125 153.95547485351562 49.969482421875 180.06207275390625
deer 0.24668026 11.944683074951172 196.98623657226562 47.076072692871094 232.0638427734375
deer 0.23696104 167.01455688476562 146.1277313232422 192.96377563476562 171.9358673095703
dog 0.22021163 131.88623046875 38.28034591674805 148.6353759765625 60.22822952270508
