deer 0.98402107 97.97270202636719 64.00719451904297 113.99909973144531 79.97480010986328
deer 0.98019195 106.03831481933594 203.0081787109375 137.97879028320312 234.90423583984375
deer 0.9766686 4.006730079650879 72.02346801757812 35.93682861328125 103.98271179199219
truck 0.9755582 168.0928192138672 73.05621337890625 200.0722198486328 105.00579833984375
deer 0.96778834 215.07801818847656 216.01536560058594 237.0177764892578 238.0375518798828
truck 0.9608895 177.00070190429688 181.0724639892578 206.03482055664062 210.07545471191406
cat 0.96074486 82.0197982788086 119.63993072509766 116.9845962524414 155.0653533935547
ship 0.9597644 70.21855926513672 22.378293991088867 108.11124420166016 60.16362762451172
cat 0.9570167 130.03146362304688 126.88124084472656 167.970703125 164.9961700439453
automobile 0.95600307 210.10980224609375 61.98933410644531 226.04959106445312 78.06489562988281
ship 0.94806397 70.44581604003906 85.13243103027344 102.00593566894531 116.9881591796875
deer 0.9262234 20.004940032958984 125.00431823730469 36.027671813964844 140.9672393798828
dog 0.925243 212.1880340576172 171.13990783691406 241.0970916748047 199.91346740722656
dog 0.9228047 47.06230926513672 103.10107421875 69.33106231689453 125.02532958984375
dog 0.92023647 55.07405090332031 198.07423400878906 92.97210693359375 236.04954528808594
frog 0.8669377 205.0398406982422 104.98756408691406 231.05726623535156 130.83689880371094
bird 0.71583396 130.02484130859375 102.09593200683594 151.97955322265625 124.15788269042969
cat 0.704753 180.1396484375 133.1537322998047 215.102294921875 167.9492645263672
dog 0.5241679 165.0560760498047 36.03709030151367 187.11598205566406 57.97457504272461
cat 0.4202371 165.11642456054688 36.062705993652344 187.15554809570312 57.996795654296875
dog 0.3308388 180.09869384765625 133.16619873046875 215.0655517578125 167.87869262695312
frog 0.3235489 130.02566528320312 102.08544158935547 151.97479248046875 124.14522552490234
bird 0.21919039 19.97464370727539 125.02145385742188 36.047176361083984 140.95574951171875
