dog 0.98800725 69.12732696533203 118.07879638671875 91.03353118896484 140.0791015625
frog 0.984127 21.08172607421875 158.09823608398438 53.028167724609375 190.088134765625
dog 0.98393124 118.0996322631836 23.971773147583008 140.04620361328125 45.972694396972656
ship 0.9805023 30.02688980102539 19.080049514770508 65.09548950195312 53.996299743652344
dog 0.97991097 99.98767852783203 97.00892639160156 131.969970703125 129.05947875976562
airplane 0.9776449 141.10748291015625 159.00064086914062 175.85372924804688 193.96170043945312
dog 0.975765 186.161865234375 35.113739013671875 220.96658325195312 70.02217864990234
automobile 0.97353137 160.08990478515625 106.00323486328125 186.02615356445312 131.95362854003906
automobile 0.96993864 115.98583221435547 0.9595441818237305 135.0135498046875 20.07712173461914
ship 0.9698196 5.0510149002075195 102.01152801513672 36.98312759399414 134.01385498046875
dog 0.96939564 99.04423522949219 57.96261978149414 118.02049255371094 77.01644897460938
cat 0.9688522 69.27886199951172 13.073604583740234 106.98310089111328 51.10036087036133
ship 0.96760654 96.94286346435547 171.99192810058594 112.99897003173828 188.02955627441406
airplane 0.96436864 1.107365608215332 46.07160568237305 26.943767547607422 71.95695495605469
dog 0.89829254 44.0541877746582 131.0399627685547 63.02863693237305 150.02745056152344
cat 0.87791777 19.308305740356445 192.9818878173828 45.04546356201172 219.0406951904297
automobile 0.79047596 186.15174865722656 168.11424255371094 205.0542755126953 187.1853790283203
ship 0.7428395 41.033416748046875 72.01565551757812 70.02796173095703 100.95628356933594
cat 0.6125457 185.99209594726562 168.0716094970703 205.01553344726562 187.0768585205078
truck 0.52431905 213.04617309570312 76.01174926757812 247.95654296875 111.14535522460938
truck 0.48333928 121.05715942382812 72.06758880615234 139.98150634765625 91.00116729736328
airplane 0.46661085 121.09709930419922 72.05689239501953 140.07522583007812 91.11951446533203
ship 0.39479166 213.06968688964844 76.04191589355469 247.9763946533203 111.17195129394531
automobile 0.30369157 121.09709930419922 72.05689239501953 140.07522583007812 91.11951446533203
ship 0.29847753 121.09709930419922 72.05689239501953 140.07522583007812 91.11951446533203
automobile 0.29752004 40.94960021972656 72.00579833984375 70.04853057861328 100.93740844726562
airplane 0.23793632 213.10044860839844 76.02275848388672 247.9800262451172 111.11969757080078
cat 0.2091451 44.02429962158203 131.05291748046875 62.92548370361328 150.06814575195312
dog 0.20633572 19.32012939453125 192.9485321044922 45.08782958984375 219.0348663330078
