bird 0.99384046 58.053218841552734 135.0467529296875 80.02591705322266 157.02444458007812
truck 0.9866811 143.07058715820312 42.0323486328125 168.9774169921875 67.9917984008789
bird 0.9854603 201.99252319335938 88.04532623291016 239.99502563476562 125.95269012451172
bird 0.9852319 71.00663757324219 23.062580108642578 109.02494812011719 60.97804641723633
automobile 0.9836782 137.9944610595703 136.9832000732422 175.92955017089844 174.98570251464844
airplane 0.98158157 24.040184020996094 4.059579849243164 59.03343963623047 38.98321533203125
frog 0.97931993 97.0918960571289 196.0219268798828 123.04151153564453 222.02235412597656
ship 0.97741103 124.04966735839844 90.0378646850586 159.1008758544922 124.9936294555664
cat 0.9720296 39.058692932128906 159.16790771484375 68.0573501586914 188.0166015625
airplane 0.95280087 171.08197021484375 66.03765106201172 197.03756713867188 92.01799774169922
bird 0.9252403 13.046131134033203 95.0755615234375 48.064056396484375 130.0634002685547
deer 0.8972137 187.9869384765625 212.0330352783203 210.066650390625 234.0366668701172
deer 0.87454337 164.01641845703125 203.07073974609375 186.064208984375 224.98764038085938
frog 0.8587471 36.09611892700195 71.1756820678711 58.013309478759766 93.13213348388672
deer 0.8431869 70.06005859375 191.0153350830078 89.05879211425781 210.0566864013672
cat 0.7695617 208.02386474609375 44.006526947021484 237.00930786132812 72.95256042480469
cat 0.65873754 75.13194274902344 71.02650451660156 94.04750061035156 90.00735473632812
deer 0.5549527 179.01577758789062 28.011098861694336 195.0614013671875 44.004676818847656
airplane 0.5034177 179.0355682373047 28.036800384521484 195.02711486816406 44.04592514038086
dog 0.38846296 75.15532684326172 71.03107452392578 94.0490493774414 89.97920989990234
deer 0.28300178 88.14156341552734 134.02528381347656 114.02371978759766 160.2864227294922
frog 0.24268493 208.06617736816406 44.03727722167969 237.0041961669922 72.9687728881836
cat 0.2058768 163.9727783203125 202.95460510253906 186.0684814453125 224.93324279785156
