dog 0.9854374 11.037619590759277 66.07374572753906 42.892513275146484 97.99324035644531
bird 0.9844676 136.0768585205078 133.06776428222656 164.9453582763672 161.9828643798828
automobile 0.9812383 85.97955322265625 128.05198669433594 121.08106994628906 163.0184783935547
airplane 0.9780939 139.06661987304688 88.10897827148438 176.96136474609375 126.01905822753906
automobile 0.97807664 210.0398712158203 86.01961517333984 238.97373962402344 115.0822982788086
automobile 0.9774907 114.16242980957031 171.03182983398438 149.0413360595703 206.01531982421875
bird 0.9742569 42.04399871826172 3.9841909408569336 61.00364685058594 22.987567901611328
automobile 0.97351265 123.00949096679688 40.94026184082031 149.121337890625 67.1096420288086
frog 0.97186863 1.112025260925293 6.0658111572265625 29.91961669921875 34.88594055175781
bird 0.9689332 173.051025390625 157.05874633789062 199.0150146484375 183.0224609375
airplane 0.9664427 70.08229064941406 193.01235961914062 95.89900207519531 218.95303344726562
frog 0.93649566 85.09784698486328 44.1322021484375 119.8207015991211 79.13883209228516
airplane 0.9263079 161.01760864257812 16.088680267333984 196.00119018554688 50.929996490478516
airplane 0.9247918 41.02642059326172 189.98475646972656 66.9117660522461 216.0437469482422
dog 0.8562106 21.212711334228516 152.9722900390625 53.014286041259766 184.98043823242188
bird 0.6181923 127.04237365722656 68.57131958007812 146.03172302246094 86.91331481933594
automobile 0.43975887 66.97966003417969 0.8261642456054688 86.03337097167969 19.996585845947266
airplane 0.3972583 126.71217346191406 68.23146057128906 146.04136657714844 86.92169189453125
airplane 0.34694195 67.10694122314453 0.6605186462402344 85.87870025634766 20.02956199645996
truck 0.32201624 67.00752258300781 0.8312416076660156 86.01361083984375 19.96587371826172
deer 0.26704997 161.04940795898438 16.03205680847168 196.08135986328125 51.06044006347656
bird 0.2509185 67.14891815185547 0.6308536529541016 85.92061614990234 19.987323760986328
