airplane 0.98714787 167.01904296875 140.010009765625 186.03594970703125 158.99615478515625
truck 0.9863005 215.09326171875 23.04897117614746 237.01846313476562 45.03727722167969
automobile 0.984668 35.092185974121094 77.01771545410156 57.11183166503906 99.08026123046875
airplane 0.9831524 146.09170532226562 88.0627670288086 168.00997924804688 110.03166961669922
frog 0.9826895 64.11540222167969 178.03614807128906 96.0819091796875 210.0028839111328
dog 0.9812692 7.07130241394043 183.09393310546875 45.05400085449219 220.7615966796875
frog 0.98031116 153.13636779785156 40.53633117675781 174.95738220214844 62.022850036621094
airplane 0.9768631 214.01161193847656 163.09970092773438 245.9286346435547 195.02407836914062
airplane 0.9756754 132.02154541015625 5.1071367263793945 161.02700805664062 34.067501068115234
ship 0.9746335 16.961782455444336 100.17732238769531 52.07123565673828 134.97250366210938
frog 0.9735869 60.05561065673828 64.01177215576172 95.1375961303711 98.97412872314453
automobile 0.9714471 136.06405639648438 213.05389404296875 173.88235473632812 250.91827392578125
deer 0.9551953 40.07685089111328 137.0205535888672 78.05875396728516 175.02235412597656
bird 0.9405464 54.055686950683594 38.23823165893555 75.90262603759766 59.930240631103516
frog 0.89949024 165.40353393554688 170.21316528320312 187.0228271484375 192.03244018554688
truck 0.8973659 58.02598571777344 13.049687385559082 79.99818420410156 35.0495491027832
bird 0.76491696 74.0251693725586 111.07354736328125 95.84210968017578 133.05332946777344
dog 0.6568926 183.15492248535156 202.1826934814453 202.00633239746094 221.01173400878906
cat 0.606098 0.005950927734375 31.997970581054688 19.085834503173828 51.005409240722656
dog 0.40318725 0.0 32.05723190307617 19.07050132751465 51.02621841430664
cat 0.29441825 183.15492248535156 202.1826934814453 202.00633239746094 221.01173400878906
deer 0.23754123 54.172115325927734 38.24974822998047 75.98756408691406 60.00010681152344
automobile 0.21257964 183.15492248535156 202.1826934814453 202.00633239746094 221.01173400878906
