ship 0.9868535 135.0970458984375 130.06216430664062 153.83489990234375 148.707763671875
frog 0.98085153 3.1536245346069336 149.04275512695312 22.018646240234375 167.97271728515625
airplane 0.9803307 119.03931427001953 159.0381622314453 148.06326293945312 188.05665588378906
ship 0.9797291 15.055643081665039 20.01752471923828 33.96551513671875 39.049293518066406
airplane 0.97944105 99.94062805175781 120.01810455322266 116.01925659179688 136.0173797607422
ship 0.97855926 189.112548828125 207.05360412597656 214.98748779296875 232.9834747314453
bird 0.97322476 187.1869354248047 53.067779541015625 219.1184844970703 85.03977966308594
bird 0.9668672 108.03866577148438 19.006214141845703 136.99594116210938 47.94768142700195
truck 0.9564363 147.10232543945312 2.083179473876953 182.00411987304688 36.94099426269531
airplane 0.95007503 33.034423828125 65.07013702392578 51.992713928222656 84.02571868896484
cat 0.94505143 110.05020141601562 76.0037841796875 132.0198211669922 98.0341796875
automobile 0.9346658 22.002365112304688 192.06329345703125 47.944313049316406 218.06396484375
bird 0.88661 208.0979461669922 92.06922912597656 230.0292510986328 114.03549194335938
airplane 0.86579144 164.98709106445312 127.96722412109375 191.10003662109375 154.02325439453125
deer 0.7745316 46.085662841796875 143.02374267578125 71.926513671875 169.12164306640625
deer 0.7456179 48.0367317199707 39.96946716308594 63.9427375793457 55.976844787597656
bird 0.7035617 75.01496124267578 200.12033081054688 94.0223159790039 219.04653930664062
automobile 0.5710846 75.09578704833984 200.03958129882812 93.99352264404297 219.04296875
dog 0.4127071 23.089387893676758 97.01004791259766 42.06346130371094 115.9854965209961
frog 0.34689212 48.03325271606445 39.98773193359375 63.97636795043945 55.93754577636719
deer 0.26959538 23.0648136138916 97.05570220947266 42.124656677246094 115.97901153564453
ship 0.24651098 106.16231536865234 212.99244689941406 138.018310546875 245.0391082763672
automobile 0.2260943 106.16231536865234 212.99244689941406 138.018310546875 245.0391082763672
truck 0.21360669 106.16231536865234 212.99244689941406 138.018310546875 245.0391082763672
frog 0.20249873 23.0648136138916 97.05570220947266 42.124656677246094 115.97901153564453
