truck 0.99074364 19.185007095336914 110.09333801269531 40.976043701171875 131.98802185058594
cat 0.98499894 53.10190963745117 80.06001281738281 75.01200866699219 102.02513122558594
bird 0.984715 207.98191833496094 195.09844970703125 240.08079528808594 227.00320434570312
cat 0.98454905 133.1045379638672 31.10999298095703 151.9929962158203 50.02317810058594
truck 0.9836214 54.02510070800781 21.992061614990234 82.97727966308594 51.09746170043945
truck 0.98351514 42.00448989868164 128.0722198486328 73.89288330078125 160.0540313720703
ship 0.983358 16.031538009643555 64.03828430175781 32.00870895385742 79.93698120117188
frog 0.975247 154.0001983642578 129.0558624267578 170.04432678222656 144.9574432373047
truck 0.97232425 147.2465057373047 198.0647430419922 181.97789001464844 232.97718811035156
truck 0.96780443 109.0611572265625 128.8813018798828 147.04135131835938 167.04981994628906
truck 0.96088755 91.07853698730469 31.97269058227539 129.04920959472656 70.00860595703125
automobile 0.9498513 197.07444763183594 135.9705352783203 232.02879333496094 170.86778259277344
ship 0.9439198 30.08840560913086 209.09336853027344 56.06135177612305 234.89466857910156
dog 0.93510234 111.9693603515625 195.02037048339844 143.935302734375 226.95606994628906
dog 0.8161123 38.07447052001953 169.9681854248047 57.001007080078125 188.9822235107422
ship 0.6843842 8.119656562805176 160.05105590820312 37.0439453125 188.80142211914062
automobile 0.29234055 38.175987243652344 170.01341247558594 57.00359344482422 188.7344512939453
dog 0.25174838 8.107558250427246 159.9812469482422 37.04916000366211 188.8367156982422
