bird 0.99259096 55.058834075927734 37.04692459106445 77.02705383300781 59.050045013427734
truck 0.9891429 71.08611297607422 148.08648681640625 92.93244171142578 170.010009765625
automobile 0.9884929 83.95103454589844 180.053955078125 106.09120178222656 202.00408935546875
airplane 0.98460203 56.053466796875 192.03981018066406 75.05313110351562 210.97056579589844
automobile 0.97836244 89.0622787475586 44.066612243652344 126.95084381103516 81.98436737060547
airplane 0.9762427 105.9556884765625 5.996621131896973 131.93582153320312 31.95934295654297
dog 0.97258055 161.0146484375 16.076871871948242 187.02310180664062 41.97411346435547
bird 0.9632622 186.02772521972656 207.0383758544922 220.95277404785156 242.00535583496094
dog 0.947989 169.00648498535156 84.11575317382812 197.9390106201172 112.8492431640625
ship 0.9209615 6.093340873718262 75.03076171875 28.040836334228516 97.01274108886719
cat 0.91581124 141.11859130859375 51.08598327636719 167.08767700195312 77.07452392578125
ship 0.8446434 118.01249694824219 99.07465362548828 146.99070739746094 127.83098602294922
truck 0.79224503 210.0771026611328 95.02540588378906 231.9778594970703 117.04347229003906
cat 0.7268338 210.05026245117188 28.0546932220459 247.96994018554688 66.0159683227539
dog 0.6901078 164.04396057128906 205.0946807861328 182.6389617919922 223.9722137451172
ship 0.5826731 113.0411605834961 194.9817657470703 138.8916473388672 220.94459533691406
automobile 0.54537094 113.0411605834961 194.9817657470703 138.8916473388672 220.94459533691406
dog 0.38150263 169.01583862304688 147.9356231689453 200.9136962890625 179.90553283691406
cat 0.31373382 210.06121826171875 94.97953796386719 232.11575317382812 117.07875061035156
airplane 0.25725248 6.087347984313965 75.01241302490234 28.085041046142578 97.05243682861328
truck 0.24405223 117.96881866455078 99.07164764404297 146.96826171875 127.81104278564453
frog 0.20792699 210.06121826171875 94.97953796386719 232.11575317382812 117.07875061035156
