truck 0.9877461 76.03594207763672 143.21353149414062 95.07804107666016 161.8974609375
ship 0.9869739 147.05950927734375 16.073829650878906 169.03146362304688 38.030738830566406
truck 0.9816692 180.04159545898438 49.08894348144531 214.98178100585938 83.92115783691406
airplane 0.9811566 25.155393600463867 96.0074462890625 63.04798889160156 133.95069885253906
dog 0.9810778 181.997802734375 197.9966278076172 201.03912353515625 217.0889434814453
automobile 0.9801642 113.01671600341797 60.02190399169922 148.09912109375 95.03388214111328
deer 0.9689469 18.092342376708984 178.1192626953125 44.00922393798828 203.97842407226562
ship 0.96000564 66.18222045898438 112.97109985351562 92.17276000976562 138.9689178466797
deer 0.9434624 207.06234741210938 216.0101318359375 225.9937744140625 235.03814697265625
dog 0.9256871 110.1329574584961 4.0535783767700195 136.04638671875 30.04220199584961
bird 0.9055166 7.986943244934082 126.02040100097656 23.99334716796875 141.9243927001953
frog 0.9054865 147.1293487548828 107.05941772460938 178.9733428955078 139.07681274414062
airplane 0.89910275 186.0489501953125 117.02408599853516 217.98245239257812 148.98252868652344
cat 0.8743211 45.12815475463867 44.97144317626953 74.04325866699219 73.9341049194336
dog 0.7483475 93.8560791015625 103.92205810546875 122.93144226074219 132.95797729492188
cat 0.59119034 135.04710388183594 211.14654541015625 161.0673370361328 236.97384643554688
cat 0.36438012 61.043785095214844 203.98455810546875 93.0365219116211 236.14157104492188
cat 0.361365 97.1221923828125 158.8828125 132.01844787597656 194.123046875
frog 0.35794103 41.06159973144531 154.00050354003906 60.024131774902344 172.98716735839844
frog 0.3471657 135.04710388183594 211.14654541015625 161.0673370361328 236.97384643554688
dog 0.33588418 60.990272521972656 203.98008728027344 93.06963348388672 236.07044982910156
truck 0.3093102 41.13960266113281 154.0193328857422 59.958641052246094 172.8830108642578
deer 0.28304875 135.04710388183594 211.14654541015625 161.0673370361328 236.97384643554688
airplane 0.2357243 135.04710388183594 211.14654541015625 161.0673370361328 236.97384643554688
deer 0.21843678 93.76701354980469 103.94541931152344 123.06752014160156 132.8905029296875
