deer 0.9876445 101.12344360351562 211.81959533691406 119.95916748046875 230.0185089111328
deer 0.9862064 99.96438598632812 172.00057983398438 119.06146240234375 190.99273681640625
truck 0.98546386 127.0812759399414 198.1125030517578 149.03187561035156 220.0030975341797
truck 0.98479885 202.92637634277344 117.9648208618164 234.81983947753906 149.9518280029297
deer 0.9833373 215.1144256591797 156.10633850097656 247.06651306152344 187.9978485107422
bird 0.9797013 52.08073043823242 6.058361053466797 74.00333404541016 28.041263580322266
airplane 0.978153 120.01400756835938 15.962007522583008 158.07504272460938 53.993682861328125
automobile 0.9718685 185.9599609375 81.06805419921875 220.99606323242188 115.46772766113281
ship 0.97125065 29.98603630065918 105.01620483398438 67.92574310302734 143.08534240722656
dog 0.9697287 161.25186157226562 38.371864318847656 180.01708984375 57.00409698486328
frog 0.9683379 12.053895950317383 21.035558700561523 46.97825622558594 55.99269104003906
deer 0.96766424 167.05703735351562 165.01876831054688 201.93539428710938 199.9193115234375
dog 0.9414909 93.1325454711914 75.01795959472656 118.94445037841797 101.062255859375
bird 0.91407615 188.0338592529297 201.0723876953125 223.06419372558594 236.02194213867188
bird 0.9132985 153.97166442871094 104.9952621459961 180.10252380371094 130.9549102783203
frog 0.81271106 129.0892791748047 57.019657135009766 147.99095153808594 75.96080780029297
dog 0.8083687 95.07289123535156 113.06381225585938 113.95181274414062 131.98324584960938
frog 0.8059801 182.0015106201172 117.87147521972656 201.0060577392578 137.10205078125
airplane 0.729091 10.970602035522461 169.144775390625 49.04412841796875 206.92611694335938
automobile 0.44806752 95.09099578857422 113.0719985961914 114.04390716552734 131.89259338378906
cat 0.4443452 182.18460083007812 117.77005767822266 201.11083984375 137.0627899169922
bird 0.39771897 10.861310958862305 169.2488555908203 48.88720703125 206.91795349121094
frog 0.2635175 10.970602035522461 169.144775390625 49.04412841796875 206.92611694335938
