bird 0.9929776 74.08287811279297 85.04684448242188 96.0090560913086 107.01237487792969
automobile 0.98764914 151.08700561523438 59.01502990722656 172.98971557617188 81.02691650390625
automobile 0.986001 57.02046203613281 22.072566986083984 73.02731323242188 38.060096740722656
bird 0.9824308 150.1292266845703 118.15342712402344 179.10047912597656 147.1085662841797
automobile 0.97978264 172.05943298339844 5.992397308349609 207.0176239013672 41.00062942504883
ship 0.9788892 59.06206512451172 147.05282592773438 94.00428009033203 182.05426025390625
frog 0.9782094 52.02349090576172 46.04362487792969 70.99551391601562 65.02053833007812
frog 0.9738976 23.120128631591797 15.0243558883667 52.00783920288086 43.94725036621094
dog 0.97385275 215.03985595703125 215.04718017578125 234.029296875 234.01055908203125
ship 0.9722042 0.9502792358398438 106.07212829589844 35.979244232177734 141.00299072265625
deer 0.9676665 105.07763671875 5.03164005279541 123.95736694335938 24.04755401611328
frog 0.9546858 0.0 46.01115036010742 32.03846740722656 77.9499282836914
cat 0.94963944 7.120330810546875 182.09608459472656 42.01765823364258 217.0055694580078
dog 0.8620275 120.11675262451172 91.07390594482422 149.03042602539062 119.9246597290039
dog 0.7068417 96.9557876586914 195.96743774414062 112.96881866455078 211.95590209960938
cat 0.2994011 97.05123901367188 196.0197296142578 113.01437377929688 212.01051330566406
bird 0.20987791 120.0286865234375 91.04219055175781 148.9901123046875 119.95378112792969
