deer 0.9840231 139.0345916748047 172.051025390625 157.9459991455078 191.0911865234375
airplane 0.98361945 138.07083129882812 48.01618194580078 175.87481689453125 86.2254867553711
dog 0.98286164 87.96965789794922 100.9679946899414 117.04105377197266 130.0370330810547
airplane 0.98283803 136.97886657714844 88.85115051269531 174.97825622558594 127.06687927246094
airplane 0.9826294 115.13510131835938 195.0291290283203 152.99905395507812 232.97511291503906
truck 0.98044515 198.0929412841797 176.02601623535156 233.03855895996094 211.03929138183594
cat 0.9780242 73.08037567138672 57.99854278564453 111.10424041748047 96.05840301513672
ship 0.9720413 37.236663818359375 27.093608856201172 65.93367767333984 55.99789810180664
ship 0.9715754 182.03573608398438 212.99017333984375 217.05487060546875 248.03903198242188
automobile 0.97156864 10.069344520568848 24.450305938720703 35.82658767700195 50.05575942993164
truck 0.97140527 96.09764099121094 169.04779052734375 118.05670166015625 191.12176513671875
cat 0.9587153 76.07270812988281 206.0328826904297 111.02919006347656 241.01438903808594
cat 0.9534224 115.09495544433594 3.105637550354004 147.0295867919922 35.0055046081543
airplane 0.9354856 213.11221313476562 56.08976364135742 241.99160766601562 84.85221862792969
truck 0.9318227 212.0137939453125 126.02949523925781 244.03253173828125 158.0231475830078
dog 0.92782056 32.11561584472656 128.03912353515625 58.089881896972656 154.10574340820312
cat 0.92115194 36.07475280761719 61.969810485839844 58.015869140625 84.01920318603516
dog 0.8815302 183.01321411132812 103.96656799316406 202.02297973632812 122.96292114257812
cat 0.8399001 9.026378631591797 0.8601570129394531 31.028209686279297 22.921871185302734
ship 0.6937343 15.065211296081543 191.04922485351562 37.001953125 213.07089233398438
automobile 0.39370903 15.078913688659668 191.02552795410156 37.001007080078125 213.05043029785156
