cat 0.98681796 161.0096435546875 130.05465698242188 183.01541137695312 151.98538208007812
ship 0.983382 197.19508361816406 127.06504821777344 225.9925994873047 156.0065155029297
airplane 0.983289 36.12384033203125 122.09235382080078 65.05392456054688 151.0299835205078
cat 0.97932637 55.0003662109375 175.00660705566406 71.0082015991211 190.9584197998047
cat 0.9780601 163.0548095703125 0.5079307556152344 195.05697631835938 32.94644546508789
truck 0.97270715 57.06843566894531 213.10816955566406 95.06828308105469 251.17784118652344
automobile 0.97200876 6.050647735595703 188.98289489746094 41.012184143066406 223.96263122558594
frog 0.9716459 102.03466033935547 160.15390014648438 134.10018920898438 192.00738525390625
frog 0.9713756 93.99957275390625 68.92457580566406 119.96247863769531 94.95780944824219
airplane 0.969539 200.05258178710938 175.08351135253906 228.97601318359375 203.9171905517578
cat 0.9668642 8.031656265258789 67.03279113769531 26.999711990356445 85.9503173828125
ship 0.9634461 149.1017608642578 63.02125549316406 175.00535583496094 88.93849182128906
deer 0.9634186 43.22008514404297 87.06364440917969 72.08423614501953 116.02424621582031
dog 0.9198196 10.811294555664062 88.76122283935547 36.77573776245117 115.10041046142578
deer 0.91935456 72.95966339111328 118.97340393066406 89.03583526611328 134.98594665527344
deer 0.8651974 199.0143280029297 15.944270133972168 215.0282440185547 31.980388641357422
truck 0.7526736 53.98295974731445 29.13543128967285 89.01156616210938 63.951805114746094
dog 0.7032464 105.10723876953125 35.117950439453125 137.06869506835938 67.18425750732422
automobile 0.56584895 40.96719741821289 6.0410566329956055 59.9510612487793 25.06020736694336
ship 0.49258667 53.953582763671875 29.05988121032715 88.99920654296875 63.94654846191406
truck 0.46579918 40.965240478515625 6.021716117858887 60.00132751464844 25.079288482666016
truck 0.28696966 105.1339111328125 35.119449615478516 137.09152221679688 67.193359375
ship 0.2850424 40.8906364440918 6.010780334472656 60.07969284057617 25.132204055786133
truck 0.21832055 198.9680633544922 15.972638130187988 215.0348663330078 31.982105255126953
