truck 0.99198747 148.04885864257812 55.035274505615234 167.00985717773438 74.00801849365234
dog 0.9907553 152.09178161621094 179.97996520996094 174.0116424560547 202.0254364013672
automobile 0.98294747 79.08930969238281 46.08222198486328 117.06224060058594 84.03824615478516
truck 0.9825325 119.06571960449219 137.06515502929688 156.89442443847656 175.03506469726562
dog 0.97455597 94.04945373535156 204.18267822265625 131.95985412597656 242.0242919921875
deer 0.9745236 8.006515502929688 133.00747680664062 45.9884147644043 170.941162109375
ship 0.9739328 29.122512817382812 75.08679962158203 58.11680603027344 104.09770965576172
bird 0.9738167 206.09066772460938 18.036821365356445 244.00936889648438 55.94702911376953
truck 0.97103935 57.05862045288086 141.02894592285156 95.09190368652344 179.0386199951172
dog 0.9643761 170.03024291992188 126.06591033935547 201.96395874023438 157.94265747070312
ship 0.95309925 70.03580474853516 103.02406311035156 102.10750579833984 135.0030975341797
airplane 0.952943 157.06214904785156 93.9919204711914 172.98463439941406 109.99456024169922
dog 0.910858 89.101318359375 7.100586891174316 118.109130859375 36.0715446472168
cat 0.8561156 140.0687255859375 19.079065322875977 161.97442626953125 41.0589599609375
deer 0.80202246 134.03005981445312 81.98994445800781 150.01766967773438 98.04043579101562
automobile 0.79987144 48.05851745605469 9.047911643981934 70.03578186035156 31.057777404785156
ship 0.7776133 47.06471633911133 209.07293701171875 69.01416778564453 231.01150512695312
cat 0.6531769 15.079696655273438 52.02690887451172 33.97745895385742 71.00463104248047
cat 0.64747036 192.96774291992188 213.99571228027344 225.05224609375 245.89454650878906
frog 0.45547724 134.0052490234375 81.98653411865234 150.04495239257812 98.04183197021484
dog 0.3269045 192.9351348876953 214.02755737304688 225.16249084472656 245.8157958984375
automobile 0.29492038 47.07048797607422 209.06239318847656 68.98028564453125 231.0207977294922
frog 0.29116404 140.10775756835938 19.059974670410156 161.99459838867188 41.062644958496094
dog 0.21500766 15.090047836303711 52.09260940551758 34.026512145996094 71.04789733886719
truck 0.2121839 48.0519905090332 9.062145233154297 70.04585266113281 31.030963897705078
frog 0.21056181 15.090047836303711 52.09260940551758 34.026512145996094 71.04789733886719
