bird 0.9903046 141.1475067138672 168.0556640625 163.0287628173828 189.92300415039062
bird 0.9894082 158.03236389160156 75.10909271240234 187.09767150878906 104.05440521240234
automobile 0.9841003 44.07170104980469 172.0089111328125 63.00360870361328 190.9703369140625
truck 0.98113996 160.10507202148438 137.07144165039062 188.90188598632812 165.97930908203125
bird 0.9778055 50.09701919555664 113.00862121582031 82.0152816772461 144.9581756591797
bird 0.9754203 8.070388793945312 108.11052703857422 37.06100845336914 137.04153442382812
frog 0.9711398 141.03024291992188 19.02699851989746 167.03598022460938 44.971961975097656
frog 0.96918285 85.11671447753906 202.03717041015625 120.04801940917969 237.06082153320312
airplane 0.9673972 193.0537872314453 120.04268646240234 219.00831604003906 145.9657440185547
dog 0.965515 10.064148902893066 85.14966583251953 29.07943344116211 103.78955841064453
dog 0.9647128 42.10881042480469 206.075927734375 76.95713806152344 241.07025146484375
cat 0.81097955 100.1894302368164 27.006023406982422 121.95247650146484 49.02078628540039
truck 0.72635394 14.101152420043945 157.0686492919922 36.036582946777344 179.01597595214844
deer 0.7129379 199.0177764892578 15.036768913269043 214.9912567138672 31.045272827148438
cat 0.7022842 23.05320930480957 16.081974029541016 42.01458740234375 34.91684341430664
cat 0.678221 197.1304473876953 58.06153869628906 219.01158142089844 79.993896484375
bird 0.47188377 14.114290237426758 157.093505859375 36.093414306640625 178.99462890625
dog 0.40423355 77.96430969238281 19.10371208190918 94.03958129882812 34.99501419067383
airplane 0.39849216 23.079389572143555 16.034461975097656 42.02953338623047 34.88508605957031
dog 0.38508943 197.0704345703125 58.07417678833008 219.04452514648438 80.0442123413086
dog 0.30980903 198.99603271484375 15.04562759399414 214.96994018554688 31.010150909423828
deer 0.30472684 77.96430969238281 19.10371208190918 94.03958129882812 34.99501419067383
cat 0.29882407 77.97390747070312 19.149608612060547 94.05274963378906 35.00704574584961
deer 0.23672691 100.10345458984375 27.056373596191406 121.95208740234375 49.06700134277344
bird 0.23631993 77.97390747070312 19.149608612060547 94.05274963378906 35.00704574584961
deer 0.22199193 0.9542827606201172 201.97256469726562 33.09877014160156 233.91064453125
dog 0.20501167 23.048480987548828 15.984973907470703 42.108699798583984 34.97974395751953
