deer 0.98920643 152.1123809814453 151.0794219970703 174.0057830810547 172.9888153076172
airplane 0.98488015 182.04046630859375 120.97777557373047 200.99478149414062 140.08251953125
truck 0.9838983 75.12838745117188 65.0258560180664 113.00363159179688 103.01978302001953
bird 0.9828026 122.04786682128906 109.03146362304688 141.0566864013672 128.05084228515625
airplane 0.98032784 38.03821563720703 92.08140563964844 66.97972869873047 121.14532470703125
bird 0.97943187 89.05296325683594 34.09693908691406 117.97723388671875 62.98760223388672
bird 0.9786731 155.04588317871094 28.063880920410156 173.9683074951172 47.02296447753906
frog 0.97816765 48.984214782714844 208.1224822998047 84.03113555908203 242.94371032714844
frog 0.976897 187.10166931152344 13.012657165527344 225.03111267089844 50.97540283203125
ship 0.9692528 152.08848571777344 184.07958984375 181.0879364013672 212.8525390625
dog 0.8689113 197.16038513183594 170.0137176513672 219.0380401611328 192.0174102783203
airplane 0.85956717 27.963695526123047 152.9365997314453 54.00051498413086 179.03855895996094
bird 0.83515465 14.047483444213867 191.1098175048828 33.007225036621094 209.9304656982422
automobile 0.80450714 57.13345718383789 28.077741622924805 79.01139068603516 49.98368835449219
automobile 0.7057348 188.99168395996094 203.9973907470703 204.9348602294922 219.98960876464844
cat 0.5449345 201.99380493164062 70.12755584716797 223.86862182617188 91.98314666748047
dog 0.5364822 82.01274871826172 14.994619369506836 97.97783660888672 31.004213333129883
cat 0.42030516 125.07403564453125 206.2095184326172 146.98675537109375 227.9005889892578
cat 0.41818845 82.0110092163086 15.00595760345459 97.9621353149414 31.021198272705078
truck 0.29275858 82.0110092163086 15.00595760345459 97.9621353149414 31.021198272705078
bird 0.28354293 202.0587921142578 70.06170654296875 223.79518127441406 92.04925537109375
dog 0.250525 125.07403564453125 206.2095184326172 146.98675537109375 227.9005889892578
truck 0.24291107 57.10968017578125 28.079166412353516 79.00895690917969 50.00802230834961
automobile 0.22323218 82.0110092163086 15.00595760345459 97.9621353149414 31.021198272705078
deer 0.20993385 197.12095642089844 170.00624084472656 219.01942443847656 191.9983367919922
truck 0.20536113 188.9744873046875 204.0286865234375 204.981201171875 219.9844970703125
