airplane 0.9859145 55.12427520751953 99.01026153564453 74.06171417236328 118.04816436767578
deer 0.9835571 70.1154556274414 15.989204406738281 105.03101348876953 51.08452606201172
automobile 0.9804991 84.04749298095703 111.0811767578125 116.02643585205078 143.10340881347656
airplane 0.9786442 6.089461326599121 19.03632354736328 34.95862579345703 47.870079040527344
automobile 0.9772473 120.03083801269531 48.89650344848633 157.9747772216797 87.03840637207031
ship 0.9763795 83.06871795654297 184.0784912109375 121.02599334716797 221.94732666015625
bird 0.9736266 143.92967224121094 210.04791259765625 175.9086456298828 241.91946411132812
dog 0.9726944 153.05447387695312 142.1046600341797 179.078125 168.0390167236328
ship 0.9692036 60.00829315185547 141.01303100585938 79.02501678466797 160.0045166015625
ship 0.9685286 27.047821044921875 62.98642349243164 53.05096435546875 89.0218505859375
automobile 0.96588075 160.97900390625 174.92874145507812 177.04400634765625 191.11044311523438
bird 0.96251106 123.02232360839844 165.04241943359375 149.0779266357422 191.02005004882812
frog 0.95985866 192.06280517578125 182.00372314453125 227.06524658203125 217.04833984375
dog 0.79444486 207.10513305664062 100.13591003417969 233.06735229492188 125.96636962890625
dog 0.7816919 166.1779022216797 82.00762176513672 200.98143005371094 117.07633209228516
cat 0.7798177 9.045965194702148 148.0315704345703 31.010820388793945 170.04737854003906
truck 0.77256215 133.08770751953125 102.08995056152344 161.92135620117188 131.0799560546875
automobile 0.7520381 172.09214782714844 32.075103759765625 210.0296173095703 69.93397521972656
dog 0.7504295 19.137344360351562 182.1156005859375 40.98351287841797 204.064453125
airplane 0.42784607 171.9762725830078 32.17223358154297 210.1121368408203 70.11764526367188
automobile 0.3878013 133.08924865722656 102.04779815673828 161.89317321777344 131.07797241210938
cat 0.31516868 19.101118087768555 182.09799194335938 40.96831512451172 204.05072021484375
truck 0.20497775 171.9762725830078 32.17223358154297 210.1121368408203 70.11764526367188
cat 0.20276847 207.08255004882812 100.10663604736328 233.04632568359375 125.9582290649414
