airplane 0.9875015 74.01556396484375 5.945638656616211 103.055419921875 35.016502380371094
frog 0.9863032 115.1500473022461 164.0818328857422 136.976806640625 186.0312042236328
airplane 0.9818629 153.0832061767578 7.026975631713867 188.10011291503906 41.92066955566406
airplane 0.98171544 2.0073013305664062 11.054994583129883 37.01286315917969 46.06898498535156
airplane 0.9814916 96.05216979980469 47.031333923339844 128.00155639648438 79.05955505371094
automobile 0.9808294 161.01510620117188 112.0810317993164 193.10543823242188 143.95458984375
automobile 0.97968066 64.10409545898438 193.031005859375 98.98423767089844 228.00250244140625
truck 0.9783396 138.08242797851562 56.11389923095703 164.00299072265625 81.99877166748047
deer 0.9773276 201.02626037597656 107.09544372558594 233.01918029785156 138.9712677001953
airplane 0.97054374 159.04733276367188 169.0998992919922 180.993408203125 191.0348663330078
ship 0.9701112 197.12599182128906 24.978540420532227 223.0058135986328 51.08396911621094
frog 0.95117056 28.066368103027344 78.02339172363281 47.06306457519531 97.16462707519531
deer 0.9472985 179.28842163085938 196.0008087158203 204.96585083007812 221.9612579345703
dog 0.8661964 0.0 98.0649185180664 35.0950927734375 133.0106201171875
deer 0.82818377 58.130855560302734 43.038448333740234 87.0404052734375 72.0501708984375
airplane 0.6818533 34.0579833984375 167.03555297851562 55.98150634765625 189.08737182617188
bird 0.59276974 205.1949462890625 61.13039016723633 226.94760131835938 83.05590057373047
cat 0.49152097 130.08612060546875 135.1101837158203 149.13156127929688 154.08277893066406
airplane 0.43313083 130.03656005859375 135.08116149902344 148.98098754882812 154.02101135253906
bird 0.4304446 130.05731201171875 135.07330322265625 149.003662109375 154.02435302734375
frog 0.29414225 58.02021789550781 43.04070281982422 87.03182983398438 72.0218734741211
deer 0.28857037 205.1485137939453 61.12212371826172 226.9915313720703 83.00362396240234
