airplane 0.985479 111.04938507080078 99.16461944580078 136.9840087890625 124.95349884033203
automobile 0.9841778 127.07018280029297 207.06602478027344 156.024658203125 235.99562072753906
bird 0.98016894 77.0567855834961 154.04396057128906 105.97795867919922 183.03172302246094
ship 0.9789759 74.04762268066406 10.030808448791504 102.96446228027344 39.005035400390625
ship 0.97873855 31.075565338134766 184.08900451660156 59.96315383911133 213.28953552246094
ship 0.97513574 22.048431396484375 214.8876495361328 53.98663330078125 247.02906799316406
deer 0.9719486 163.1427764892578 177.1621551513672 201.0658721923828 215.1095428466797
frog 0.96912825 13.049455642700195 131.0523681640625 47.85704803466797 165.93246459960938
truck 0.96843433 32.141845703125 25.05099105834961 58.168861389160156 51.03348159790039
dog 0.9683931 54.006893157958984 56.085289001464844 86.11483764648438 87.8851089477539
automobile 0.9466466 95.10758209228516 51.9952507019043 133.03042602539062 89.94541931152344
automobile 0.94635344 185.1813201904297 21.124589920043945 206.97767639160156 43.07380676269531
truck 0.9386553 105.03507995605469 5.092807769775391 140.09341430664062 40.01924514770508
frog 0.9111756 138.0147705078125 138.03797912597656 175.85244750976562 175.8959503173828
dog 0.8730972 83.17115783691406 197.0164031982422 114.53475952148438 235.07041931152344
dog 0.8484789 174.12522888183594 116.91043090820312 192.98243713378906 136.0314178466797
bird 0.788274 60.0775146484375 97.05428314208984 98.03092956542969 134.98342895507812
airplane 0.74007833 174.86846923828125 87.98338317871094 200.97323608398438 113.96757507324219
airplane 0.73628277 204.07235717773438 176.9798126220703 226.01620483398438 198.9264678955078
cat 0.29419506 174.2085418701172 116.80008697509766 192.88121032714844 136.02951049804688
deer 0.23410857 137.77020263671875 138.22052001953125 175.846923828125 175.92523193359375
deer 0.22036952 204.33518981933594 176.8621063232422 226.1098175048828 198.9674530029297
