airplane 0.989972 99.12419891357422 25.97821807861328 120.92998504638672 47.95954895019531
cat 0.9868045 54.989593505859375 79.08507537841797 77.02818298339844 101.06587982177734
airplane 0.9836389 157.85128784179688 130.02108764648438 190.07485961914062 162.15838623046875
automobile 0.9793637 129.95706176757812 46.057464599609375 168.02566528320312 83.95149230957031
cat 0.97923255 114.11862182617188 198.05613708496094 145.99472045898438 230.00669860839844
bird 0.9782408 158.02789306640625 3.094829559326172 187.10562133789062 31.953243255615234
truck 0.97677064 35.00434112548828 8.147075653076172 70.08209991455078 42.99587631225586
truck 0.97462785 198.10208129882812 65.95489501953125 235.94427490234375 104.06814575195312
automobile 0.97416204 12.003949165344238 164.0295867919922 43.99166488647461 195.9661407470703
automobile 0.97068393 121.0630111694336 89.1227035522461 147.1228485107422 114.9398422241211
truck 0.96479344 85.01129150390625 95.08214569091797 111.09799194335938 121.26981353759766
dog 0.96228266 16.012237548828125 91.03546142578125 42.09371566772461 117.03994750976562
truck 0.94944966 88.053955078125 149.10189819335938 120.04557800292969 181.0418701171875
truck 0.9415853 214.0598907470703 151.0967254638672 246.04969787597656 183.02943420410156
cat 0.92862374 135.0387725830078 156.0608367919922 156.9612274169922 178.0499725341797
bird 0.7560501 204.99305725097656 14.175030708312988 237.06739807128906 46.09791564941406
cat 0.6908214 5.975486755371094 210.99539184570312 37.981544494628906 242.96112060546875
airplane 0.60709167 43.999488830566406 108.09659576416016 79.004638671875 143.11537170410156
frog 0.54681534 82.99882507324219 201.05795288085938 108.86338806152344 227.052490234375
ship 0.512313 44.009193420410156 108.09054565429688 79.02180480957031 143.09739685058594
truck 0.46680573 158.0799102783203 200.98133850097656 176.9941864013672 220.0903778076172
airplane 0.4246549 5.998514175415039 211.0345001220703 38.00572204589844 242.94126892089844
ship 0.41109207 158.06991577148438 200.88119506835938 177.04769897460938 220.09259033203125
automobile 0.4105031 158.05235290527344 200.92959594726562 177.05430603027344 220.1060791015625
cat 0.403172 82.99636840820312 201.10096740722656 108.8690185546875 227.0332489013672
