bird 0.98662543 167.98953247070312 21.964712142944336 194.06048583984375 48.01691436767578
truck 0.9847131 165.0579071044922 58.14006042480469 193.9392547607422 87.078369140625
deer 0.98302186 196.00990295410156 80.08978271484375 230.98643493652344 115.04222106933594
airplane 0.98032933 187.94418334960938 117.0251235961914 213.99929809570312 143.0086669921875
frog 0.9775518 118.0147705078125 184.13174438476562 143.96420288085938 210.00155639648438
airplane 0.9775057 17.032886505126953 178.97608947753906 54.85636520385742 217.07276916503906
frog 0.9768338 81.0419692993164 5.979551315307617 119.01630401611328 43.88728332519531
truck 0.9763677 73.06928253173828 180.0028533935547 111.15790557861328 217.9964141845703
airplane 0.97534454 205.0226287841797 43.08792495727539 237.0043487548828 75.15257263183594
cat 0.97354186 35.095298767089844 36.05665588378906 70.1725082397461 70.98148345947266
ship 0.9725075 176.06582641601562 184.92050170898438 194.96823120117188 204.0404052734375
deer 0.9717052 25.107145309448242 84.7958755493164 63.08921813964844 123.13829803466797
deer 0.961733 207.99932861328125 171.12057495117188 242.97817993164062 205.9805908203125
deer 0.95702004 165.97402954101562 155.01229858398438 191.99691772460938 181.14285278320312
frog 0.954952 138.08116149902344 42.107765197753906 163.9160614013672 67.96813201904297
frog 0.95211947 132.0428466796875 92.1355209350586 167.016357421875 127.04398345947266
dog 0.94993484 85.09636688232422 62.05951690673828 117.04386138916016 93.98834991455078
cat 0.94832337 65.93251037597656 99.00021362304688 100.97000122070312 134.02532958984375
frog 0.88966584 37.024959564208984 139.03651428222656 74.99069213867188 176.7910919189453
