automobile 0.9880141 4.016200065612793 151.01194763183594 22.99361801147461 169.9818572998047
automobile 0.98286617 167.07452392578125 56.9868278503418 189.028076171875 79.10946655273438
frog 0.9795492 111.05223083496094 189.134521484375 148.9796600341797 226.93319702148438
truck 0.97954196 206.09707641601562 211.00877380371094 243.98635864257812 249.10585021972656
ship 0.97684383 202.0509033203125 132.14173889160156 224.03076171875 154.0343780517578
truck 0.9729803 127.06132507324219 70.92462158203125 152.99107360839844 96.99864196777344
ship 0.9719932 70.05899047851562 197.03756713867188 96.21405029296875 223.01681518554688
frog 0.96892 159.13682556152344 192.92575073242188 188.07334899902344 222.04412841796875
frog 0.96389496 202.058837890625 97.1365737915039 233.94403076171875 129.16409301757812
cat 0.9576078 4.032831192016602 65.03670501708984 38.948265075683594 99.9992904663086
airplane 0.95636475 139.98060607910156 162.0198974609375 166.05543518066406 188.09341430664062
automobile 0.94796133 13.12704849243164 39.126678466796875 31.99835968017578 58.00568389892578
ship 0.93930304 35.046932220458984 155.1639404296875 66.96073913574219 187.14651489257812
ship 0.9235208 205.21609497070312 17.024385452270508 242.95034790039062 55.013389587402344
ship 0.8600066 194.04066467285156 57.11769104003906 231.8020477294922 95.06529235839844
frog 0.7996776 117.03186798095703 36.070533752441406 138.99057006835938 57.99492645263672
dog 0.745648 64.13896179199219 66.08297729492188 90.00944519042969 92.02883911132812
airplane 0.7090671 58.991756439208984 41.06440734863281 77.93478393554688 59.91926574707031
truck 0.63717145 59.06000518798828 41.02201461791992 78.00676727294922 59.94417953491211
bird 0.55708253 38.08905792236328 8.049148559570312 57.059349060058594 26.967533111572266
airplane 0.5505165 38.19158935546875 8.019923210144043 57.00736999511719 26.880352020263672
bird 0.41411355 64.14997863769531 66.05945587158203 89.97828674316406 92.04479217529297
deer 0.4113164 193.94989013671875 57.174217224121094 231.96151733398438 95.00817108154297
