automobile 0.98805666 149.01885986328125 173.0861358642578 167.9725341796875 192.03440856933594
truck 0.9838941 211.94029235839844 216.03077697753906 227.9654998779297 231.9928436279297
frog 0.9830811 168.00180053710938 116.05763244628906 200.01004028320312 148.0322723388672
ship 0.97502327 52.944725036621094 122.02011108398438 87.95569610595703 157.10293579101562
frog 0.971637 70.96369171142578 212.01353454589844 96.89063262939453 237.96922302246094
ship 0.96230423 91.07444763183594 102.06208801269531 117.04078674316406 127.86555480957031
ship 0.95875734 19.990211486816406 120.07898712158203 49.098182678222656 149.15219116210938
automobile 0.9556092 97.00743865966797 187.08102416992188 119.09430694580078 209.0450439453125
dog 0.9554404 202.12515258789062 145.14785766601562 227.712890625 171.05856323242188
deer 0.9105898 170.94189453125 40.09843444824219 209.16741943359375 78.0587387084961
airplane 0.9009413 74.09123229980469 19.096851348876953 105.85829162597656 51.01711654663086
deer 0.87134224 172.08631896972656 6.041328430175781 201.0187225341797 35.065879821777344
deer 0.8660571 19.087888717651367 8.113128662109375 45.03264617919922 34.02246856689453
deer 0.85490584 212.0935516357422 63.99260330200195 228.0216827392578 79.96212768554688
cat 0.8324777 5.122150421142578 69.98827362060547 31.32223892211914 95.92850494384766
frog 0.63320297 112.06522369384766 80.05787658691406 127.92391204833984 95.87513732910156
bird 0.48734304 96.88278198242188 55.0764274597168 116.02076721191406 73.85966491699219
deer 0.46520194 117.0732650756836 19.078594207763672 136.03335571289062 38.08760070800781
bird 0.46104544 112.08756256103516 80.10311126708984 127.90068817138672 95.87064361572266
truck 0.37054121 97.03266906738281 55.07182312011719 115.99496459960938 73.95195007324219
bird 0.36100003 117.09508514404297 19.057222366333008 136.03640747070312 38.09283447265625
dog 0.34312123 117.07563781738281 19.087060928344727 136.07086181640625 38.06666564941406
frog 0.24942553 97.05441284179688 55.05862808227539 116.02029418945312 73.99179077148438
airplane 0.2466394 96.93551635742188 54.98582458496094 115.99920654296875 73.75346374511719
ship 0.22909817 96.88278198242188 55.0764274597168 116.02076721191406 73.85966491699219
dog 0.22307146 212.11248779296875 63.960994720458984 228.0338134765625 79.99049377441406
bird 0.21329752 212.0434112548828 64.02363586425781 228.0467987060547 79.99212646484375
