truck 0.9878311 6.045925140380859 151.97523498535156 21.9892635345459 167.86473083496094
automobile 0.9825888 67.16110229492188 116.15880584716797 96.1317138671875 144.96046447753906
frog 0.9813428 82.98941040039062 13.033400535583496 99.0159912109375 28.90802764892578
automobile 0.97849345 143.04257202148438 24.898658752441406 169.00552368164062 50.96135711669922
airplane 0.9770013 115.9671630859375 167.93292236328125 154.05117797851562 205.93069458007812
truck 0.9763524 214.04583740234375 191.04559326171875 239.8385009765625 216.99746704101562
airplane 0.97500014 0.074493408203125 61.10515594482422 34.942665100097656 95.99076080322266
frog 0.973914 106.95885467529297 31.23236083984375 133.01966857910156 56.911048889160156
frog 0.9722016 28.04273796081543 128.9672088623047 53.984039306640625 154.96885681152344
truck 0.96712387 37.93910598754883 34.03987121582031 64.09617614746094 60.02198791503906
ship 0.9664711 189.07752990722656 7.991030693054199 214.9437713623047 34.04668426513672
ship 0.9656091 174.03631591796875 38.061553955078125 203.019775390625 66.89974212646484
dog 0.96067953 35.05935287475586 172.07888793945312 57.08968734741211 194.01980590820312
dog 0.91708386 105.132080078125 130.07666015625 127.01091003417969 151.99566650390625
bird 0.7856102 74.01646423339844 203.08694458007812 105.99954223632812 234.95016479492188
airplane 0.71204877 163.11248779296875 89.17623901367188 201.06527709960938 127.05867004394531
automobile 0.69367063 51.961456298828125 72.89484405517578 84.12004089355469 104.94495391845703
airplane 0.6173333 202.98587036132812 117.07952117919922 225.04428100585938 138.96063232421875
ship 0.5503394 51.97228240966797 72.9961929321289 84.0853500366211 104.97098541259766
airplane 0.49644107 74.02943420410156 38.98988342285156 93.0111083984375 58.00749206542969
frog 0.48233935 163.0395965576172 88.93938446044922 201.0143280029297 127.0266342163086
truck 0.42674336 74.00328826904297 39.01673126220703 93.00821685791016 57.96295166015625
bird 0.41059232 203.0085906982422 117.09606170654297 224.9857635498047 139.02951049804688
airplane 0.37397808 74.0216064453125 203.02182006835938 105.96585083007812 234.91159057617188
automobile 0.27357003 74.00328826904297 39.01673126220703 93.00821685791016 57.96295166015625
bird 0.2054072 163.11248779296875 89.17623901367188 201.06527709960938 127.05867004394531
