truck 0.987404 71.03497314453125 146.084228515625 93.03572082519531 167.97454833984375
dog 0.9829757 95.01469421386719 12.028623580932617 117.05233764648438 34.0220947265625
ship 0.9820051 102.007080078125 139.10594177246094 121.00328063964844 157.9680633544922
frog 0.9758818 212.11056518554688 23.058486938476562 244.00692749023438 54.97008514404297
frog 0.974551 123.05398559570312 127.08590698242188 157.93948364257812 162.01925659179688
cat 0.9740211 200.09075927734375 135.95852661132812 232.073974609375 168.05206298828125
automobile 0.97152156 159.0623016357422 96.65815734863281 196.94520568847656 134.0375518798828
bird 0.97045887 25.073474884033203 213.110107421875 60.04811477661133 247.80941772460938
cat 0.96988475 144.99717712402344 215.94137573242188 182.94664001464844 254.065185546875
ship 0.9631361 161.0212860107422 174.97799682617188 199.05699157714844 212.95587158203125
truck 0.96312547 43.095760345458984 123.0576400756836 65.03854370117188 145.054931640625
truck 0.9544927 114.01325988769531 70.03343200683594 139.952880859375 96.02499389648438
truck 0.95375323 27.177488327026367 162.02276611328125 59.13817596435547 194.00323486328125
frog 0.92897904 179.95651245117188 44.16187286376953 209.0972900390625 73.10763549804688
airplane 0.9131576 84.0395736694336 179.08897399902344 118.99030303955078 213.9446258544922
truck 0.7705177 141.98513793945312 34.03385925292969 158.05221557617188 50.11622619628906
deer 0.7480032 19.054903030395508 33.07215118408203 53.9969482421875 67.98204803466797
cat 0.7160075 142.0552215576172 51.901405334472656 177.0531463623047 87.10884857177734
dog 0.59816504 213.02731323242188 176.06849670410156 251.10296630859375 213.89500427246094
airplane 0.5885913 141.98513793945312 34.03385925292969 158.05221557617188 50.11622619628906
ship 0.42538795 142.07444763183594 51.90443420410156 177.08644104003906 87.09962463378906
cat 0.4041225 19.043254852294922 33.05534362792969 54.06367111206055 67.98020935058594
cat 0.25438836 213.02781677246094 176.07461547851562 251.12388610839844 213.94757080078125
bird 0.21057037 179.9346466064453 44.34589385986328 209.13743591308594 73.13433837890625
