bird 0.9920144 114.0882568359375 126.03209686279297 136.00277709960938 148.03359985351562
deer 0.98073083 75.83892059326172 195.00643920898438 108.00751495361328 226.88858032226562
bird 0.976809 155.9491424560547 83.03235626220703 185.07862854003906 111.84770965576172
deer 0.9741842 119.05094909667969 83.02318572998047 153.92295837402344 118.13692474365234
automobile 0.972283 193.12831115722656 70.89840698242188 231.01429748535156 109.03298950195312
truck 0.9699341 171.96139526367188 199.99276733398438 198.09466552734375 226.02786254882812
ship 0.9626818 19.195558547973633 24.047168731689453 57.10502624511719 61.958011627197266
airplane 0.9558672 36.02362823486328 82.01840209960938 65.10929870605469 111.04057312011719
bird 0.9450793 1.92767333984375 160.89096069335938 36.96468734741211 195.9656982421875
ship 0.936908 148.0862274169922 28.04891014099121 170.0143280029297 50.04194641113281
truck 0.8915837 42.10601806640625 195.06573486328125 74.1617660522461 226.92230224609375
frog 0.84911644 200.0027618408203 119.2034683227539 232.0596466064453 150.9573516845703
ship 0.8279189 78.09495544433594 120.94086456298828 113.03218078613281 156.00772094726562
bird 0.7946422 128.97683715820312 206.0655975341797 144.9949951171875 222.0203094482422
deer 0.76369905 119.17561340332031 29.112770080566406 140.9882049560547 51.07488250732422
bird 0.6604314 172.140869140625 128.9872283935547 194.02304077148438 150.99342346191406
deer 0.54331636 171.02938842773438 173.06692504882812 187.031494140625 188.93936157226562
frog 0.5093808 171.02938842773438 173.06692504882812 187.031494140625 188.93936157226562
cat 0.3831212 65.09640502929688 8.060014724731445 87.06015014648438 30.052785873413086
airplane 0.29844582 65.09640502929688 8.060014724731445 87.06015014648438 30.052785873413086
ship 0.28376508 42.015708923339844 195.0715789794922 74.16848754882812 226.8386993408203
deer 0.2566274 200.0027618408203 119.2034683227539 232.0596466064453 150.9573516845703
truck 0.22230935 78.08816528320312 120.96102142333984 113.10610961914062 156.04403686523438
