ship 0.98501146 177.05369567871094 26.01725959777832 196.00709533691406 44.984153747558594
deer 0.9828211 143.9413604736328 179.11383056640625 175.9545135498047 210.90545654296875
dog 0.9809597 185.11874389648438 215.087890625 204.0045166015625 233.9136962890625
automobile 0.9803717 57.93264389038086 69.08026123046875 77.0162353515625 87.86930847167969
automobile 0.97990537 106.08056640625 144.9945831298828 141.32046508789062 179.44996643066406
truck 0.97890586 59.028053283691406 156.0629425048828 94.01322174072266 190.9669952392578
truck 0.97631836 150.11647033691406 213.27029418945312 179.0818634033203 241.9981689453125
cat 0.97579235 86.99757385253906 96.1268310546875 118.99038696289062 128.00526428222656
truck 0.96814907 147.04933166503906 114.94682312011719 179.0083770751953 146.98878479003906
bird 0.96629727 205.98455810546875 31.21211051940918 243.891845703125 68.9308090209961
frog 0.9604194 31.975067138671875 67.98695373535156 48.020843505859375 84.03860473632812
automobile 0.95169073 69.0370101928711 194.19064331054688 95.01323699951172 219.99075317382812
automobile 0.8805846 142.0211639404297 30.02463150024414 164.03077697753906 51.92191696166992
automobile 0.8657277 82.04904174804688 26.05348777770996 113.98593139648438 58.03999328613281
dog 0.8509276 190.0068359375 130.0327911376953 212.03103637695312 152.00013732910156
airplane 0.80021596 112.99589538574219 200.06900024414062 132.03659057617188 218.98788452148438
cat 0.7957796 12.185836791992188 4.233526229858398 38.03192901611328 29.8655948638916
frog 0.76826 166.0268096923828 79.0575942993164 194.98304748535156 108.00569915771484
ship 0.72095823 89.12889862060547 62.044525146484375 118.12427520751953 90.79051208496094
cat 0.48026645 8.186819076538086 119.02719116210938 29.993227005004883 140.9725341796875
automobile 0.44119942 89.13902282714844 62.095420837402344 118.04129028320312 90.86861419677734
cat 0.4396691 166.16954040527344 78.9856948852539 194.96388244628906 108.05391693115234
bird 0.33023068 112.93739318847656 200.0138397216797 132.04342651367188 218.99754333496094
airplane 0.3296471 82.01728820800781 26.063920974731445 114.0091552734375 58.044189453125
