truck 0.99082637 47.011497497558594 121.95951843261719 62.94873046875 137.9213409423828
deer 0.98840046 13.064963340759277 123.04047393798828 35.0484504699707 145.02792358398438
frog 0.9824183 178.08673095703125 62.03933334350586 199.95877075195312 84.01953887939453
automobile 0.9815036 3.9580907821655273 191.0635223388672 35.95513153076172 223.07481384277344
cat 0.9808295 81.96851348876953 115.14649200439453 110.98758697509766 143.9547576904297
deer 0.980816 105.03992462158203 205.03126525878906 137.08177185058594 237.03538513183594
airplane 0.97976565 38.1163330078125 16.9869327545166 73.0512924194336 51.863014221191406
ship 0.97896487 52.06517791748047 177.08377075195312 80.92728424072266 205.97689819335938
ship 0.97144014 120.0630874633789 5.0719757080078125 158.00872802734375 42.97539520263672
bird 0.9677238 159.14683532714844 146.130126953125 194.02281188964844 180.945068359375
deer 0.96233785 83.89019775390625 87.01686096191406 109.93275451660156 112.95999145507812
frog 0.91459125 141.0843048095703 202.05508422851562 178.99510192871094 239.97991943359375
bird 0.91068673 119.0284194946289 162.10520935058594 153.98764038085938 197.0302276611328
ship 0.88723904 206.07168579101562 149.03907775878906 221.92562866210938 164.99134826660156
bird 0.8754045 206.04624938964844 82.01504516601562 225.00282287597656 100.96293640136719
dog 0.70972466 1.995804786682129 150.00149536132812 23.987239837646484 172.04293823242188
bird 0.5186689 153.06805419921875 104.27507019042969 185.01434326171875 135.88143920898438
cat 0.4849177 153.0984344482422 104.36762237548828 184.9701690673828 136.05734252929688
deer 0.33061862 2.0327930450439453 149.9992218017578 23.976472854614258 172.02870178222656
