ship 0.9902078 215.0818634033203 168.0575408935547 237.00657653808594 190.05516052246094
bird 0.98359054 105.08152770996094 14.104129791259766 143.00318908691406 52.03238296508789
bird 0.98214924 177.02749633789062 113.98600006103516 214.93878173828125 151.9418182373047
cat 0.9816318 33.9696159362793 169.28775024414062 66.02456665039062 200.993408203125
deer 0.9814948 3.9375228881835938 206.05242919921875 41.95658874511719 244.04364013671875
frog 0.98082757 20.06997299194336 98.00230407714844 52.033206939697266 130.15264892578125
frog 0.97975445 80.98727416992188 204.16647338867188 106.96221923828125 229.97494506835938
airplane 0.9791763 85.08475494384766 103.06664276123047 119.9589614868164 137.92037963867188
ship 0.9780514 103.03504943847656 57.110382080078125 132.01588439941406 86.09089660644531
ship 0.974792 171.0626983642578 198.0394287109375 206.0105438232422 233.0343017578125
bird 0.9687243 27.13312530517578 51.0083122253418 53.09479522705078 76.97906494140625
truck 0.9658673 87.03111267089844 158.08099365234375 103.039794921875 174.05178833007812
bird 0.9636246 140.9989471435547 171.05972290039062 167.1473846435547 196.9505615234375
airplane 0.9226911 180.0464630126953 64.96622467041016 208.97377014160156 93.98906707763672
deer 0.9125336 120.04600524902344 173.0535125732422 138.9665069580078 192.0165252685547
dog 0.8296703 35.10368728637695 131.2954559326172 56.99808120727539 153.0402374267578
deer 0.7527596 154.06837463378906 38.042083740234375 175.98301696777344 60.04942321777344
bird 0.73884606 203.0001220703125 1.9723472595214844 218.99050903320312 17.994972229003906
truck 0.57510847 71.01814270019531 175.0100860595703 90.08311462402344 193.9965057373047
airplane 0.4177604 70.98015594482422 174.99208068847656 90.06499481201172 194.01939392089844
dog 0.38179106 154.08082580566406 38.06776809692383 175.90892028808594 60.08079147338867
