frog 0.98337674 179.07766723632812 43.0769157409668 211.09152221679688 75.06703186035156
dog 0.9808451 138.02906799316406 152.11419677734375 175.8037567138672 190.04159545898438
ship 0.97880274 107.15908813476562 72.10964965820312 128.9858856201172 94.11048889160156
deer 0.9773767 213.06167602539062 169.0586700439453 250.90093994140625 206.9601593017578
deer 0.9764981 155.8452606201172 207.95730590820312 185.1421661376953 236.9322509765625
airplane 0.9698559 82.07496643066406 31.057300567626953 103.99641418457031 53.00883865356445
airplane 0.969012 201.99917602539062 213.08609008789062 227.92578125 239.110107421875
deer 0.96357584 112.15239715576172 99.09275817871094 141.11380004882812 127.99623107910156
airplane 0.95913273 186.04318237304688 8.999320983886719 204.97384643554688 28.04039764404297
bird 0.9560009 165.15542602539062 100.07996368408203 186.99551391601562 122.00106048583984
dog 0.95550513 64.0238037109375 82.048583984375 99.05946350097656 117.077880859375
ship 0.9464505 215.0263671875 115.02667999267578 234.04360961914062 133.9875946044922
cat 0.92629516 25.029891967773438 42.09236526489258 43.972190856933594 61.05074691772461
bird 0.9166919 114.12736511230469 206.1077423095703 152.08192443847656 244.0705108642578
truck 0.87522566 109.94441223144531 26.97260856628418 136.05162048339844 53.038055419921875
cat 0.7547466 14.114117622375488 103.06031799316406 36.023319244384766 125.02920532226562
bird 0.6599659 19.990297317504883 173.04794311523438 49.034706115722656 202.07034301757812
dog 0.55412096 177.0389404296875 176.0339813232422 192.98440551757812 192.01341247558594
cat 0.5538035 57.04297637939453 166.9713897705078 95.07640838623047 205.0673370361328
deer 0.502937 56.98854064941406 166.97500610351562 95.03359985351562 204.9840087890625
cat 0.4012533 177.03097534179688 176.0838165283203 192.90200805664062 191.9877166748047
frog 0.38940686 14.089882850646973 103.07315826416016 36.038028717041016 124.97644805908203
cat 0.38351077 20.015321731567383 173.0392303466797 49.052154541015625 202.0823516845703
automobile 0.25285843 177.0518798828125 176.09280395507812 192.93630981445312 191.96383666992188
deer 0.22037199 24.840412139892578 42.09415817260742 43.95351791381836 61.042484283447266
