ship 0.98918957 100.04136657714844 135.07493591308594 122.09619140625 157.0794219970703
frog 0.97996676 185.0973358154297 16.016143798828125 220.0211944580078 50.967559814453125
bird 0.97834647 3.990467071533203 156.9508514404297 39.04728698730469 192.02452087402344
airplane 0.9777321 158.1600341796875 33.03664779663086 180.03875732421875 55.07033920288086
cat 0.9743338 208.0692596435547 135.12692260742188 230.07997131347656 157.07431030273438
ship 0.9711752 208.03704833984375 66.0226058959961 243.03826904296875 101.00345611572266
deer 0.97057307 121.1094970703125 70.98530578613281 150.02960205078125 100.00796508789062
airplane 0.97007513 70.04252624511719 139.99977111816406 96.04647827148438 165.9694061279297
ship 0.9688222 35.966922760009766 15.932218551635742 61.979862213134766 41.96000671386719
cat 0.95884126 81.97659301757812 11.334141731262207 110.99139404296875 39.92316436767578
automobile 0.9566943 145.08157348632812 179.21934509277344 164.01495361328125 197.9566192626953
bird 0.9553286 151.00106811523438 82.01509094238281 188.944091796875 120.02397155761719
deer 0.9535692 79.14659118652344 55.01411056518555 113.94947814941406 90.05323791503906
cat 0.93422425 73.0754165649414 93.0301284790039 95.10066986083984 115.04190826416016
airplane 0.9290284 55.064571380615234 52.00048828125 77.0602798461914 74.02423095703125
cat 0.8421381 207.03514099121094 195.6508026123047 242.0951690673828 230.0588836669922
bird 0.78328454 0.032608985900878906 37.07197570800781 26.146709442138672 63.04756164550781
dog 0.6865887 78.93866729736328 202.9818572998047 108.06668853759766 232.0677947998047
