automobile 0.9878088 215.08799743652344 29.006877899169922 246.9369659423828 61.04464340209961
ship 0.98530424 169.0852508544922 32.15190124511719 206.9907684326172 69.96394348144531
automobile 0.9840709 156.0326690673828 3.0245018005371094 182.0095977783203 29.170944213867188
automobile 0.98262084 24.076953887939453 11.029101371765137 55.900821685791016 42.91415023803711
frog 0.9813411 126.11854553222656 25.00128936767578 151.96885681152344 51.057762145996094
airplane 0.97847295 89.07347869873047 76.03559112548828 121.0380630493164 108.07038116455078
dog 0.96152747 201.93310546875 108.06632232666016 233.89242553710938 140.00062561035156
deer 0.9608995 206.0634307861328 151.17201232910156 240.91993713378906 186.07557678222656
bird 0.9606663 166.061279296875 141.05276489257812 192.01690673828125 167.02932739257812
frog 0.94281304 213.99148559570312 194.10414123535156 249.03524780273438 229.0314483642578
cat 0.92726547 12.00363540649414 200.1092529296875 44.71984100341797 235.18063354492188
dog 0.92445445 154.12774658203125 100.94742584228516 192.08334350585938 139.01483154296875
cat 0.91769683 173.153564453125 203.14234924316406 204.97726440429688 234.9434051513672
dog 0.8954778 3.0209474563598633 145.9420166015625 22.071971893310547 164.99838256835938
ship 0.86645913 115.98719024658203 207.01998901367188 135.0427703857422 226.03512573242188
truck 0.8336655 30.982013702392578 114.04864501953125 49.989688873291016 132.98048400878906
deer 0.82312953 59.10417175292969 6.075836181640625 85.01411437988281 32.083824157714844
dog 0.5243702 88.07225036621094 171.9905548095703 104.00672912597656 187.9581756591797
airplane 0.33834922 31.012126922607422 113.96482849121094 49.98708724975586 132.9569549560547
deer 0.30008477 88.1201400756836 172.02833557128906 103.96013641357422 187.9450225830078
dog 0.23867339 27.992008209228516 151.9835662841797 47.0071907043457 171.04624938964844
truck 0.23444024 115.98324584960938 207.03970336914062 135.0698699951172 226.04049682617188
