cat 0.9836228 100.09635162353516 133.0529022216797 128.990966796875 162.0896759033203
deer 0.9802451 17.12567710876465 36.05412292480469 38.99188995361328 58.049339294433594
frog 0.9797528 193.0186309814453 4.085097312927246 215.0574188232422 26.005550384521484
bird 0.9795873 137.08804321289062 180.0264129638672 162.94097900390625 205.9557342529297
automobile 0.9772193 172.0629425048828 68.02458190917969 207.0199432373047 103.06698608398438
ship 0.9756636 15.032273292541504 77.05193328857422 44.055110931396484 105.98699188232422
ship 0.9747208 88.3551254272461 188.0383758544922 125.83585357666016 225.93687438964844
bird 0.97436595 83.99054718017578 115.01293182373047 99.98436737060547 131.0210723876953
frog 0.9737352 215.03684997558594 64.08267211914062 253.1205596923828 102.01637268066406
deer 0.9734596 71.0530014038086 26.00912857055664 109.0605239868164 64.04130554199219
airplane 0.97018445 213.0403289794922 129.0408477783203 247.89707946777344 164.00282287597656
automobile 0.9693978 114.01166534423828 82.00231170654297 130.01962280273438 98.0123062133789
airplane 0.87820816 209.9713897705078 203.04461669921875 242.0277862548828 235.03140258789062
deer 0.73918927 128.09042358398438 55.98297882080078 143.997314453125 71.9837417602539
frog 0.7171582 48.024269104003906 201.01339721679688 85.91124725341797 239.01385498046875
bird 0.71664095 154.0645751953125 110.11248779296875 175.99197387695312 132.01544189453125
dog 0.5407156 141.14248657226562 75.05224609375 167.13455200195312 100.86557006835938
truck 0.5333145 203.0946807861328 181.0435333251953 219.0157012939453 197.03099060058594
cat 0.48566163 203.0946807861328 181.0435333251953 219.0157012939453 197.03099060058594
cat 0.41418052 141.14248657226562 75.05224609375 167.13455200195312 100.86557006835938
frog 0.40438882 154.06488037109375 110.11618041992188 175.97811889648438 131.9905548095703
cat 0.2940029 128.04525756835938 55.993228912353516 144.0472412109375 71.94300842285156
ship 0.21495467 128.04525756835938 55.993228912353516 144.0472412109375 71.94300842285156
deer 0.21415812 48.01842498779297 201.01461791992188 85.98633575439453 239.0184326171875
bird 0.20890892 48.02818298339844 201.0240478515625 85.96162414550781 239.02432250976562
cat 0.20507523 48.06667709350586 201.01194763183594 85.9185791015625 239.0150909423828
