automobile 0.98849654 95.91988372802734 22.07598876953125 118.0839614868164 44.029083251953125
automobile 0.9832219 28.002338409423828 19.06454086303711 49.98403549194336 41.07278060913086
truck 0.9764316 65.0140151977539 206.06716918945312 94.0033187866211 234.92514038085938
deer 0.97523636 6.09385871887207 95.91991424560547 38.038108825683594 127.91275787353516
bird 0.97357786 187.03253173828125 142.96075439453125 219.04550170898438 175.06524658203125
frog 0.9669781 211.12893676757812 80.1480712890625 246.02255249023438 114.99911499023438
ship 0.96621925 109.99969482421875 103.98949432373047 136.04171752929688 130.04489135742188
deer 0.9626672 129.98199462890625 1.93939208984375 168.13064575195312 39.99650192260742
dog 0.93205464 187.15489196777344 177.89935302734375 219.04689025878906 209.97836303710938
cat 0.8567798 4.097942352294922 150.06382751464844 26.022815704345703 172.0438995361328
airplane 0.82155895 127.08772277832031 179.06101989746094 146.06764221191406 198.0094451904297
cat 0.7915532 32.203155517578125 181.1152801513672 54.05079650878906 203.0019073486328
deer 0.71627396 185.0354461669922 36.041099548339844 217.0386505126953 68.0201644897461
dog 0.63339984 23.037681579589844 59.109642028808594 44.99982452392578 80.99835968017578
cat 0.5137908 23.058547973632812 59.086219787597656 45.04887390136719 81.04730987548828
deer 0.48535052 59.03021240234375 23.977977752685547 94.26094055175781 59.01359176635742
deer 0.43600953 104.11768341064453 201.88385009765625 133.12261962890625 230.98678588867188
bird 0.40739095 104.11768341064453 201.88385009765625 133.12261962890625 230.98678588867188
truck 0.3582332 104.05426788330078 201.9333038330078 133.02259826660156 231.00926208496094
cat 0.3018869 185.0436248779297 36.003170013427734 217.03919982910156 68.00395202636719
frog 0.28053755 143.0266876220703 80.84347534179688 174.9185333251953 113.03103637695312
dog 0.20739228 32.10491943359375 181.10801696777344 54.11559295654297 202.95924377441406
