airplane 0.9907854 141.028564453125 145.04348754882812 162.97091674804688 167.02450561523438
automobile 0.9838569 148.00656127929688 49.002952575683594 167.05419921875 68.02133178710938
airplane 0.9836991 73.02155303955078 208.07984924316406 98.97071075439453 233.9278106689453
deer 0.98210835 178.11219787597656 47.01128387451172 213.06321716308594 82.08499908447266
airplane 0.98158574 20.9957332611084 196.06593322753906 59.026580810546875 233.98753356933594
dog 0.97886217 31.08132553100586 2.013115882873535 53.00698471069336 24.00384521484375
airplane 0.97535384 214.17259216308594 56.01472854614258 243.0419158935547 85.06449127197266
frog 0.9680088 106.01052856445312 3.1804275512695312 138.02783203125 35.01423263549805
automobile 0.9648863 4.945058822631836 128.17953491210938 31.05518913269043 154.01821899414062
airplane 0.95870346 5.05189323425293 33.066558837890625 23.970531463623047 52.01311492919922
frog 0.9540276 9.035144805908203 83.99856567382812 47.05563735961914 122.00241088867188
bird 0.93790555 116.09552001953125 213.04342651367188 142.05117797851562 239.03594970703125
truck 0.9375461 150.031494140625 201.0746307373047 176.0513916015625 226.99708557128906
cat 0.9361143 86.96025085449219 112.01910400390625 122.134521484375 146.99349975585938
frog 0.9215976 172.0736083984375 120.03035736083984 203.9603271484375 151.97386169433594
cat 0.79533803 46.08378982543945 44.128604888916016 65.03820037841797 63.06619644165039
frog 0.75784564 207.94142150878906 108.03646087646484 230.01771545410156 130.01589965820312
frog 0.635014 84.11226654052734 164.971435546875 121.92662811279297 203.00338745117188
bird 0.54419744 83.94959259033203 165.02845764160156 121.9391860961914 202.9716033935547
deer 0.41077048 59.098846435546875 8.055087089538574 77.98992919921875 26.946598052978516
frog 0.37329805 46.09851837158203 44.16636276245117 65.00563049316406 63.04575729370117
deer 0.32397893 83.94959259033203 165.02845764160156 121.9391860961914 202.9716033935547
bird 0.3039977 208.0061492919922 108.05421447753906 230.0487518310547 130.08982849121094
deer 0.23427516 208.0061492919922 108.05421447753906 230.0487518310547 130.08982849121094
