bird 0.9907714 61.0313720703125 196.03103637695312 83.04313659667969 218.04269409179688
truck 0.9853062 104.11602783203125 133.105224609375 126.0858154296875 155.0074462890625
ship 0.98520577 145.03509521484375 195.02854919433594 167.053955078125 216.9254608154297
automobile 0.98096156 191.02818298339844 91.02023315429688 217.0955352783203 117.03341674804688
airplane 0.98013484 94.03826904296875 166.10484313964844 131.8643341064453 204.04652404785156
airplane 0.9796232 26.990615844726562 211.99942016601562 58.994781494140625 243.9393310546875
cat 0.9784144 25.027671813964844 159.0982208251953 57.06713104248047 191.0068817138672
dog 0.9772178 67.05671691894531 60.03472137451172 85.93731689453125 79.05614471435547
cat 0.97601324 197.15306091308594 18.102720260620117 228.9066925048828 49.98847198486328
ship 0.97370666 141.97817993164062 147.07470703125 171.03125 175.9202880859375
deer 0.973665 5.065340042114258 71.0635757446289 23.973703384399414 90.0282211303711
airplane 0.97273886 87.0284652709961 113.13375854492188 102.99715423583984 129.03057861328125
bird 0.96847165 44.029502868652344 115.01414489746094 75.9659652709961 147.08116149902344
dog 0.967897 105.05348205566406 95.13392639160156 130.996826171875 120.93717956542969
bird 0.96777236 177.0139923095703 168.0404510498047 205.95240783691406 196.91758728027344
bird 0.95970035 10.110855102539062 15.975765228271484 45.01582336425781 50.99826431274414
dog 0.95812577 154.09451293945312 54.13047790527344 188.98101806640625 89.04568481445312
bird 0.70171875 201.03038024902344 198.13804626464844 226.99940490722656 223.9878692626953
frog 0.32032496 201.07855224609375 198.1243133544922 226.9088134765625 224.0217742919922
