automobile 0.987715 17.095996856689453 50.010032653808594 39.02560043334961 72.02328491210938
airplane 0.981048 205.07479858398438 64.01488494873047 237.03976440429688 96.01744842529297
frog 0.97854406 168.0238800048828 178.00880432128906 197.05543518066406 207.0701446533203
dog 0.9776674 157.0955810546875 42.05218505859375 189.01312255859375 73.964599609375
truck 0.97641504 28.039758682250977 101.07142639160156 66.07372283935547 139.02818298339844
automobile 0.9737015 92.99341583251953 193.99586486816406 111.97937774658203 213.03126525878906
frog 0.971434 46.09248733520508 9.065649032592773 67.99838256835938 31.13471031188965
airplane 0.97109133 19.09351921081543 147.04261779785156 47.9888916015625 175.9861602783203
cat 0.9707196 104.09528350830078 10.99410343170166 133.0432891845703 40.000244140625
ship 0.968187 139.0867462158203 102.04945373535156 174.0941925048828 137.1323699951172
dog 0.9539114 181.16383361816406 113.00841522216797 218.9829864501953 151.11407470703125
truck 0.948679 85.06849670410156 101.07769775390625 119.92306518554688 136.06781005859375
truck 0.94295 127.11245727539062 139.0500030517578 153.06182861328125 164.8838653564453
frog 0.9370427 83.09090423583984 61.111968994140625 101.9838638305664 80.02186584472656
airplane 0.9233149 82.02792358398438 169.9993133544922 100.95613098144531 188.9969940185547
dog 0.8626628 32.06269454956055 198.9911651611328 60.905826568603516 228.03453063964844
deer 0.83957756 116.12721252441406 176.8495330810547 153.78208923339844 214.93458557128906
ship 0.7644482 127.0444564819336 67.08685302734375 155.97528076171875 96.08604431152344
cat 0.52340895 72.0559310913086 214.0146026611328 93.96007537841797 235.97874450683594
dog 0.4196389 72.09197998046875 214.0541534423828 93.83834838867188 235.89659118652344
airplane 0.3439123 127.10115051269531 67.09597778320312 155.95445251464844 96.17030334472656
deer 0.2187857 82.04117584228516 169.9652099609375 100.98511505126953 188.92709350585938
