dog 0.984073 169.07896423339844 102.07343292236328 187.9993438720703 120.9612045288086
ship 0.98340505 165.0449981689453 38.993770599365234 187.06956481933594 61.121707916259766
airplane 0.9818411 214.035400390625 107.07525634765625 246.02996826171875 138.9390869140625
dog 0.9772284 10.147350311279297 199.0989227294922 39.10393524169922 228.00355529785156
bird 0.9771559 111.0327377319336 97.01789093017578 145.92979431152344 132.16683959960938
deer 0.9757478 33.008811950683594 85.01236724853516 64.99906158447266 117.0054702758789
cat 0.9722812 109.05891418457031 46.0225830078125 144.0184326171875 80.9930191040039
bird 0.97140145 77.0946273803711 207.07656860351562 114.97863006591797 245.07528686523438
ship 0.96885407 153.0865478515625 7.052028656005859 172.02581787109375 26.004261016845703
bird 0.96615255 43.02819061279297 184.99636840820312 75.04566192626953 216.927978515625
frog 0.9484234 187.03948974609375 127.09912872314453 205.95028686523438 145.97946166992188
truck 0.93901896 116.0412826538086 134.02137756347656 135.06777954101562 153.05967712402344
cat 0.9337019 45.09757614135742 145.10592651367188 70.92153930664062 170.95098876953125
ship 0.92617494 197.02911376953125 186.0662384033203 226.01223754882812 215.0693817138672
ship 0.9070734 152.9467010498047 189.97352600097656 185.0561981201172 222.05906677246094
airplane 0.73742765 68.1197738647461 8.067008972167969 89.98485565185547 29.962383270263672
deer 0.658824 179.01466369628906 153.00543212890625 211.1135711669922 185.15924072265625
dog 0.6260315 179.00979614257812 153.0502166748047 211.08230590820312 185.0529327392578
dog 0.6195487 196.2476806640625 38.17839050292969 234.16879272460938 75.93968200683594
cat 0.5680994 196.0267333984375 37.99795913696289 233.96707153320312 76.06550598144531
ship 0.26795733 116.06118774414062 134.00169372558594 135.0899200439453 153.1271209716797
frog 0.21426183 179.01466369628906 153.00543212890625 211.1135711669922 185.15924072265625
ship 0.20067891 68.09550476074219 8.029988288879395 90.01968383789062 29.95083999633789
