truck 0.98507446 186.115234375 162.96072387695312 215.094970703125 191.9791259765625
bird 0.9840567 196.12481689453125 18.070022583007812 225.0760498046875 47.02619934082031
truck 0.98363256 65.04737854003906 121.97457885742188 94.02749633789062 151.00274658203125
dog 0.98202825 27.06145477294922 162.04075622558594 65.01131439208984 199.9827117919922
cat 0.98105985 156.04092407226562 13.06307315826416 187.97592163085938 44.992618560791016
automobile 0.9762128 149.0248260498047 102.09053039550781 177.9962921142578 131.0441131591797
frog 0.9742693 168.04872131347656 211.1402130126953 194.0331573486328 236.8969268798828
bird 0.9703197 115.05931091308594 135.02784729003906 147.1153106689453 167.03773498535156
automobile 0.9701317 173.96026611328125 47.91556930541992 206.09445190429688 79.56631469726562
truck 0.9575289 213.9087371826172 197.06956481933594 252.33277893066406 234.86903381347656
cat 0.9563894 148.2454071044922 55.57337188720703 170.04603576660156 75.0739974975586
ship 0.9475351 132.9260711669922 78.02935791015625 149.0496368408203 94.13821411132812
cat 0.9203942 178.9976043701172 88.78495788574219 207.92430114746094 117.09759521484375
airplane 0.8974941 27.99367904663086 23.986146926879883 43.985286712646484 40.000404357910156
dog 0.84079194 98.05308532714844 87.99467468261719 123.98634338378906 113.83416748046875
automobile 0.8126662 90.06743621826172 42.54097366333008 105.90381622314453 56.235469818115234
truck 0.80499434 12.433533668518066 120.29188537597656 42.23133087158203 144.1054229736328
frog 0.79611665 102.07022094726562 205.42010498046875 130.606689453125 233.09799194335938
truck 0.55954355 0.054050445556640625 178.99063110351562 16.002952575683594 194.98324584960938
automobile 0.46047464 0.054050445556640625 178.99063110351562 16.002952575683594 194.98324584960938
