deer 0.98350364 114.05441284179688 60.98948669433594 151.99176025390625 98.90370178222656
bird 0.9834733 15.062255859375 13.069005012512207 36.64214324951172 35.005313873291016
automobile 0.98137546 121.08753204345703 185.94847106933594 155.9842529296875 220.9845733642578
bird 0.9766902 82.0398941040039 203.09242248535156 111.06609344482422 232.04066467285156
bird 0.9758768 207.99221801757812 208.99114990234375 246.003662109375 246.97543334960938
frog 0.9755442 66.0472640991211 76.0362548828125 87.92903900146484 98.13026428222656
deer 0.9703455 61.091365814208984 7.027746200561523 90.08453369140625 36.105377197265625
deer 0.9672137 158.0187225341797 27.92662811279297 195.8502960205078 65.7171630859375
automobile 0.9637071 119.05138397216797 102.09153747558594 138.06683349609375 121.04750061035156
cat 0.9610564 157.96380615234375 103.04389953613281 183.83978271484375 129.0084686279297
dog 0.95462596 197.1226043701172 48.823890686035156 234.92027282714844 86.96349334716797
truck 0.9538154 164.04098510742188 170.00709533691406 192.9951171875 198.9958953857422
deer 0.87085825 43.09123992919922 213.14633178710938 65.05538940429688 235.01870727539062
bird 0.8235502 185.2012939453125 98.0826644897461 206.98452758789062 119.95662689208984
cat 0.5349856 42.042457580566406 183.18060302734375 71.08206176757812 211.98095703125
dog 0.5237095 42.0799560546875 183.1904296875 71.09986877441406 211.961669921875
deer 0.40033767 91.13833618164062 14.134785652160645 109.99026489257812 33.038177490234375
cat 0.23374179 185.18048095703125 98.0387954711914 206.94451904296875 119.95246124267578
