truck 0.9893318 149.00132751464844 81.06321716308594 167.98133850097656 99.97895812988281
airplane 0.98256457 52.00923156738281 26.010766983032227 84.074951171875 58.17463684082031
airplane 0.9776131 187.09857177734375 182.0560302734375 222.02255249023438 216.91110229492188
deer 0.9769863 55.058509826660156 67.99174499511719 83.99665069580078 96.97586059570312
ship 0.9734862 110.07498931884766 158.0670623779297 148.07156372070312 195.9395294189453
truck 0.9721497 19.154743194580078 37.99327850341797 51.06887435913086 70.01577758789062
ship 0.96718836 148.982666015625 180.06912231445312 184.03936767578125 215.04248046875
deer 0.9395865 80.97721099853516 199.05557250976562 113.09867095947266 231.07565307617188
cat 0.9203676 102.08470153808594 9.063324928283691 124.02374267578125 31.069210052490234
airplane 0.9078988 140.0135955810547 119.99880981445312 156.01268005371094 135.89669799804688
cat 0.8960167 103.41056060791016 128.0172576904297 122.04549407958984 147.05088806152344
frog 0.87960184 8.01657772064209 112.08100891113281 30.076263427734375 134.01644897460938
truck 0.87409675 208.0228271484375 89.07884979248047 227.05233764648438 107.95955657958984
airplane 0.80795276 166.0843048095703 14.021475791931152 195.0487518310547 43.01688003540039
cat 0.67757475 202.1015625 7.9600725173950195 218.010009765625 23.988964080810547
bird 0.35173625 166.1163787841797 14.024731636047363 195.0891571044922 43.03704833984375
airplane 0.2989045 208.01231384277344 89.00924682617188 227.02662658691406 107.9835205078125
bird 0.28622866 202.0860137939453 7.940842628479004 218.0031280517578 24.017803192138672
automobile 0.20137563 208.01231384277344 89.00924682617188 227.02662658691406 107.9835205078125
