frog 0.98783827 40.04142379760742 120.0087890625 58.99691390991211 139.00918579101562
truck 0.98756355 101.08352661132812 17.07912826538086 130.0036163330078 45.8969841003418
airplane 0.9869006 30.048898696899414 83.04008483886719 49.013023376464844 101.93077087402344
frog 0.986819 123.031494140625 119.1081771850586 145.0078125 140.99473571777344
airplane 0.98675776 134.10438537597656 163.07774353027344 155.93739318847656 185.0847625732422
truck 0.98653525 109.05300903320312 53.039772033691406 125.06829833984375 69.04650115966797
automobile 0.9864917 83.0965347290039 65.11746978759766 102.0041275024414 83.9785385131836
truck 0.98578036 121.0526123046875 72.96810913085938 150.07241821289062 101.94598388671875
frog 0.977242 115.11900329589844 201.0325164794922 152.98255920410156 239.03782653808594
automobile 0.9754853 52.02862548828125 170.01698303222656 89.90634155273438 207.9839630126953
automobile 0.97516716 184.12118530273438 5.088422775268555 219.0162353515625 40.016632080078125
cat 0.9727776 151.1334686279297 48.253013610839844 180.0116424560547 77.09107971191406
bird 0.97271997 92.03005981445312 171.9272918701172 118.02531433105469 197.8944854736328
airplane 0.97142273 6.051313400268555 138.1014862060547 34.94824981689453 167.0038604736328
deer 0.9675351 214.99005126953125 190.0859832763672 253.023193359375 227.96287536621094
frog 0.96659917 10.9915132522583 102.05575561523438 27.090946197509766 118.03866577148438
airplane 0.8365983 159.7226104736328 147.06741333007812 198.0876007080078 184.87313842773438
automobile 0.8290299 169.02975463867188 215.01724243164062 194.5771484375 239.39468383789062
truck 0.70586586 17.05386734008789 186.10665893554688 36.04373550415039 205.03921508789062
airplane 0.3649304 17.05386734008789 186.10665893554688 36.04373550415039 205.03921508789062
deer 0.33344102 159.9403533935547 147.00241088867188 198.0670623779297 185.02474975585938
