frog 0.9840516 93.03279113769531 193.98731994628906 124.90896606445312 226.0310821533203
automobile 0.98047054 59.9890251159668 32.0169677734375 78.9834976196289 51.00531005859375
dog 0.97963786 149.0159149169922 176.99530029296875 164.96070861816406 192.96319580078125
airplane 0.97808343 157.119873046875 210.0297393798828 179.10748291015625 231.9630584716797
truck 0.9761387 95.10527801513672 30.159683227539062 116.95446014404297 51.99958038330078
truck 0.9758116 5.062406539916992 199.05052185058594 37.14378356933594 231.1216278076172
automobile 0.97566736 6.054405212402344 115.0966567993164 24.9886474609375 134.08245849609375
dog 0.9746771 97.90365600585938 87.06137084960938 136.00173950195312 124.95050048828125
deer 0.96898735 170.04940795898438 82.09536743164062 188.9852294921875 100.95320129394531
frog 0.9574082 77.08216094970703 115.98052215576172 93.03670501708984 131.92752075195312
deer 0.9552398 71.96150207519531 156.0083770751953 88.01853942871094 172.01527404785156
dog 0.9523535 26.134796142578125 109.01748657226562 47.97135925292969 130.91259765625
cat 0.94503105 107.10686492919922 131.06236267089844 141.987060546875 166.01658630371094
bird 0.9273429 57.041900634765625 99.06016540527344 76.04788208007812 117.97799682617188
truck 0.87967885 39.06854248046875 179.93438720703125 76.96068572998047 218.0611572265625
bird 0.84035254 171.01844787597656 140.0305633544922 202.9729461669922 172.04295349121094
bird 0.72746706 22.98672866821289 70.06731414794922 48.968441009521484 95.9889907836914
automobile 0.6706848 211.16661071777344 77.08277893066406 233.0487823486328 99.01469421386719
truck 0.45491365 211.12933349609375 76.98851013183594 233.02520751953125 98.94844055175781
