frog 0.98716164 179.01739501953125 104.02653503417969 198.00747680664062 122.99363708496094
deer 0.9787239 48.05104446411133 77.09707641601562 63.98995590209961 92.98301696777344
automobile 0.9785038 187.2239227294922 41.0330810546875 221.9533233642578 76.01850128173828
frog 0.976611 119.07034301757812 140.0137939453125 150.97860717773438 171.9306640625
bird 0.9736706 137.09913635253906 47.04922866821289 166.10008239746094 75.88179016113281
cat 0.9720216 115.99900817871094 9.025259017944336 148.1437225341797 41.07087707519531
bird 0.96885896 147.99664306640625 197.01974487304688 186.0557861328125 234.9468994140625
ship 0.9662977 160.9407501220703 162.01470947265625 176.9918670654297 178.03317260742188
deer 0.964223 194.02206420898438 209.9458465576172 219.9715576171875 236.0388641357422
dog 0.95801985 36.03268051147461 26.02787971496582 64.94757080078125 55.01641082763672
airplane 0.954739 211.9687042236328 16.99380111694336 227.98020935058594 33.0422248840332
cat 0.9423493 150.02330017089844 10.986949920654297 185.0171356201172 46.08278274536133
cat 0.9421674 2.0099496841430664 105.04238891601562 31.108657836914062 133.98138427734375
bird 0.93400776 18.026268005371094 59.0636100769043 37.00619125366211 77.97549438476562
airplane 0.8710197 30.033794403076172 152.3218536376953 67.98202514648438 189.8454132080078
cat 0.6246257 182.01513671875 151.04751586914062 210.99371337890625 180.0673828125
cat 0.5755516 121.06193542480469 94.08495330810547 155.88490295410156 129.15345764160156
cat 0.5325047 24.05188751220703 191.2812042236328 42.99657440185547 209.91966247558594
cat 0.44479957 100.01295471191406 177.90797424316406 119.15769958496094 196.82960510253906
automobile 0.4369133 121.04325103759766 94.10308074951172 155.93838500976562 129.18075561523438
dog 0.32733446 100.07337188720703 177.96743774414062 119.16764068603516 196.98214721679688
bird 0.32682484 182.02618408203125 151.0570526123047 211.01934814453125 180.04075622558594
automobile 0.30837655 24.05188751220703 191.2812042236328 42.99657440185547 209.91966247558594
frog 0.26940855 182.01513671875 151.04751586914062 210.99371337890625 180.0673828125
bird 0.23398721 30.090951919555664 152.1099853515625 67.95606231689453 189.91259765625
dog 0.2248374 24.05188751220703 191.2812042236328 42.99657440185547 209.91966247558594
frog 0.21269348 24.05188751220703 191.2812042236328 42.99657440185547 209.91966247558594
