bird 0.98683524 89.06536102294922 27.07558822631836 111.05632781982422 49.03474807739258
deer 0.98481286 215.00180053710938 134.08917236328125 249.960693359375 169.06997680664062
airplane 0.98296696 143.98431396484375 13.007636070251465 173.023681640625 41.981597900390625
truck 0.97476524 67.98074340820312 180.04934692382812 105.93222045898438 218.03720092773438
dog 0.974494 129.0634765625 53.2041015625 163.94781494140625 88.15760803222656
frog 0.9726325 57.07489776611328 69.9949722290039 83.03386688232422 95.89005279541016
bird 0.9689707 174.02877807617188 9.049715042114258 209.00579833984375 44.01557159423828
automobile 0.96018755 15.068060874938965 29.011695861816406 47.019561767578125 60.87372589111328
frog 0.9589529 149.1055145263672 133.99624633789062 183.94325256347656 169.03488159179688
deer 0.9327637 32.020179748535156 166.02313232421875 47.97611999511719 182.0306396484375
cat 0.90317374 7.094142913818359 115.02035522460938 39.167903900146484 147.10482788085938
bird 0.90192616 159.10528564453125 198.888916015625 194.07501220703125 233.98776245117188
ship 0.88992035 199.9640350341797 113.95066833496094 216.02171325683594 130.02035522460938
cat 0.86756516 160.060546875 100.10188293457031 182.07492065429688 121.9395751953125
dog 0.8536502 42.083595275878906 130.09201049804688 61.05174255371094 149.01235961914062
automobile 0.7822281 214.1731414794922 57.972755432128906 248.95033264160156 92.89838409423828
automobile 0.73784226 139.99850463867188 89.98577880859375 158.91537475585938 108.98953247070312
cat 0.6488869 115.01659393310547 193.33041381835938 133.58303833007812 214.10311889648438
cat 0.43545076 214.11817932128906 58.043373107910156 249.00096130371094 92.94055938720703
deer 0.42621118 18.03392791748047 71.93952941894531 46.94102478027344 101.01211547851562
airplane 0.31644106 200.02017211914062 113.96521759033203 215.96389770507812 130.02011108398438
airplane 0.28296447 140.02056884765625 90.01722717285156 158.91363525390625 109.01083374023438
frog 0.27178818 139.98202514648438 89.67049407958984 158.87313842773438 108.95430755615234
ship 0.23304203 214.1731414794922 57.972755432128906 248.95033264160156 92.89838409423828
frog 0.22732943 160.07156372070312 100.07264709472656 182.10015869140625 121.9637451171875
deer 0.20475665 42.14044952392578 130.1669158935547 60.941375732421875 149.0527801513672
