truck 0.98834383 70.13993835449219 138.06443786621094 98.97340393066406 167.11524963378906
truck 0.98519886 141.0124969482422 97.03530883789062 160.0188446044922 115.97418212890625
airplane 0.9841056 113.06387329101562 77.07012939453125 135.03009033203125 98.98750305175781
automobile 0.98272943 43.98978042602539 173.00242614746094 78.99258422851562 207.90940856933594
ship 0.9815992 177.02566528320312 111.06981658935547 206.12771606445312 140.03782653808594
dog 0.97789055 41.927764892578125 83.06903076171875 58.11692810058594 99.02481079101562
deer 0.9764789 1.0318450927734375 114.00626373291016 39.03864669799805 151.93345642089844
frog 0.9763005 165.912353515625 25.023786544799805 184.99578857421875 43.99401092529297
automobile 0.97440845 64.00291442871094 90.05091094970703 96.1005859375 122.06108856201172
frog 0.97329855 115.0810317993164 123.19320678710938 141.07803344726562 149.03305053710938
truck 0.9713647 70.10284423828125 210.9696044921875 98.98660278320312 239.99172973632812
cat 0.96734494 206.00730895996094 26.02102279663086 238.0917510986328 57.94782638549805
frog 0.9661474 211.03659057617188 119.1061782836914 237.01531982421875 144.97531127929688
ship 0.96308005 36.08502960205078 10.044488906860352 73.92264556884766 47.78065490722656
dog 0.95943135 186.119384765625 166.05824279785156 211.94390869140625 191.87684631347656
airplane 0.9536388 136.05836486816406 187.9774627685547 171.06654357910156 223.1741485595703
cat 0.80252314 133.0487823486328 13.979073524475098 159.03285217285156 40.073909759521484
truck 0.7559942 140.080322265625 45.06006622314453 171.99166870117188 76.96954345703125
deer 0.6008309 18.014110565185547 184.01785278320312 37.02043533325195 203.04598999023438
automobile 0.30560476 140.080322265625 45.06006622314453 171.99166870117188 76.96954345703125
deer 0.21694419 140.080322265625 45.06006622314453 171.99166870117188 76.96954345703125
