deer 0.99277854 130.04539489746094 126.05422973632812 148.99205017089844 144.94784545898438
ship 0.98421127 197.1190643310547 3.119044303894043 216.0187225341797 22.026500701904297
frog 0.98304933 52.005409240722656 55.00939178466797 68.04108428955078 71.04074096679688
truck 0.9830282 10.008718490600586 204.88121032714844 42.077308654785156 237.12449645996094
frog 0.98224723 196.03805541992188 104.04533386230469 233.99127197265625 141.9945831298828
bird 0.9821805 200.9879608154297 52.07856750488281 239.09202575683594 89.991943359375
truck 0.9787878 85.9993896484375 89.00920104980469 118.0181884765625 121.04736328125
dog 0.9729812 41.18502426147461 77.04487609863281 66.9298095703125 103.11392211914062
ship 0.97029114 124.06710052490234 152.06114196777344 150.02867126464844 177.8527374267578
airplane 0.9614034 207.08718872070312 24.01483726501465 233.05111694335938 50.03345489501953
dog 0.9171449 6.978221893310547 150.08575439453125 44.952903747558594 187.93548583984375
frog 0.90497196 160.1605987548828 172.03123474121094 179.02903747558594 190.94773864746094
ship 0.9006206 84.04986572265625 8.025205612182617 112.9696044921875 36.93364715576172
bird 0.81446874 26.056476593017578 42.03644561767578 45.0192985534668 61.00299835205078
deer 0.6139076 153.95533752441406 79.0104751586914 170.0017852783203 95.05687713623047
dog 0.56683636 43.387725830078125 190.13531494140625 74.9608383178711 221.91168212890625
cat 0.41847596 43.35771179199219 190.13218688964844 74.98607635498047 221.9535675048828
deer 0.24235678 26.136192321777344 42.11689376831055 44.984649658203125 60.910152435302734
dog 0.20404103 132.34872436523438 19.201778411865234 161.0174560546875 47.97665023803711
