bird 0.99001276 99.03535461425781 81.29996490478516 127.98617553710938 109.9887924194336
automobile 0.98776627 195.07252502441406 83.09295654296875 217.0296173095703 105.0577392578125
automobile 0.9861005 60.0101318359375 203.06593322753906 89.024658203125 232.0740509033203
frog 0.98264456 160.1650390625 6.00169563293457 191.96173095703125 38.014183044433594
airplane 0.9803801 209.08090209960938 206.10986328125 244.05740356445312 240.996337890625
airplane 0.9782058 201.0970916748047 49.081905364990234 223.0640411376953 71.1041259765625
truck 0.9781094 50.1070442199707 95.99830627441406 81.97891235351562 128.03219604492188
dog 0.97342396 192.10177612304688 130.04827880859375 230.05801391601562 168.06292724609375
ship 0.9713919 85.04656982421875 43.136878967285156 119.98675537109375 78.03031158447266
deer 0.9703516 94.98934936523438 210.98660278320312 121.06765747070312 237.04541015625
truck 0.96475434 127.05818176269531 210.16030883789062 153.01539611816406 235.94781494140625
ship 0.961943 141.10284423828125 57.9901008605957 178.937255859375 95.85227966308594
bird 0.9523213 149.01316833496094 142.02406311035156 175.0089569091797 168.03358459472656
bird 0.9511123 37.0784797668457 12.033716201782227 74.99932861328125 50.036033630371094
deer 0.9040623 123.98483276367188 142.01876831054688 143.0980224609375 161.00909423828125
frog 0.6773401 83.07897186279297 127.16297912597656 114.98339080810547 158.9286346435547
automobile 0.62762207 32.038543701171875 214.12757873535156 51.052093505859375 233.03672790527344
truck 0.5882469 32.01390075683594 214.01739501953125 50.972877502441406 233.04522705078125
cat 0.40948862 83.05517578125 127.10760498046875 115.09378051757812 159.00543212890625
