dog 0.98990023 29.117473602294922 118.05284118652344 51.01253890991211 139.9760284423828
automobile 0.9885323 70.04574584960938 24.026866912841797 88.97694396972656 43.0223274230957
bird 0.9833952 117.06770324707031 135.9570770263672 155.0406036376953 173.95265197753906
bird 0.98269904 57.07748031616211 156.0189971923828 88.98065948486328 188.0417938232422
ship 0.9811313 99.11849212646484 18.08173179626465 128.00140380859375 47.193389892578125
bird 0.98060846 165.02886962890625 103.92619323730469 203.0059814453125 141.95132446289062
automobile 0.9782332 81.05967712402344 189.21372985839844 107.00224304199219 214.96336364746094
cat 0.9765856 158.9918975830078 193.07608032226562 178.0266876220703 211.9434814453125
automobile 0.9756423 210.99642944335938 127.07952117919922 245.97872924804688 162.08482360839844
truck 0.9753252 142.04806518554688 6.024213790893555 179.94711303710938 44.097633361816406
frog 0.9737425 31.073341369628906 208.11920166015625 63.02476501464844 239.87982177734375
ship 0.9630909 120.02285766601562 84.14144134521484 148.96124267578125 113.01445770263672
truck 0.96153045 70.11114501953125 75.05345916748047 96.01187133789062 100.9332046508789
truck 0.95938015 4.98344612121582 155.08966064453125 23.996543884277344 174.0279541015625
deer 0.9583012 215.04710388183594 190.98403930664062 240.9894561767578 216.97647094726562
cat 0.95664454 12.089179992675781 55.10027313232422 47.19633865356445 90.04016876220703
ship 0.9485228 200.07992553710938 61.04447555541992 222.02041625976562 82.97467041015625
dog 0.91187155 21.053239822387695 184.06051635742188 42.958770751953125 206.02099609375
deer 0.69149876 146.09027099609375 61.024070739746094 164.91717529296875 79.91999053955078
dog 0.6550114 157.1659393310547 162.8338623046875 175.87522888183594 182.09649658203125
dog 0.53448915 146.09027099609375 61.024070739746094 164.91717529296875 79.91999053955078
cat 0.29067758 157.0978240966797 162.7858123779297 175.88243103027344 182.03135681152344
