dog 0.9853034 39.07695388793945 68.09237670898438 58.03010940551758 86.95944213867188
frog 0.9818962 11.980742454528809 100.1396484375 41.08195495605469 129.0784912109375
airplane 0.9813363 43.9990234375 94.06269836425781 76.01732635498047 125.96502685546875
ship 0.98021907 14.007028579711914 210.10870361328125 46.03117370605469 242.0184326171875
ship 0.9801382 150.01930236816406 194.02027893066406 176.00767517089844 219.87400817871094
deer 0.97844136 131.9643096923828 95.03170776367188 169.87806701660156 132.98143005371094
deer 0.9760843 59.0291748046875 163.07089233398438 93.98857116699219 197.94110107421875
ship 0.967829 81.02765655517578 72.99038696289062 118.9765396118164 111.08583068847656
deer 0.9640109 156.10369873046875 64.86417388916016 182.00408935546875 91.07047271728516
bird 0.96395636 214.00096130371094 150.09243774414062 249.08338928222656 185.10879516601562
deer 0.9033355 100.06263732910156 196.02801513671875 119.05326843261719 214.97613525390625
cat 0.87386554 214.07240295410156 10.13291072845459 240.08787536621094 35.94232177734375
cat 0.78529656 155.054931640625 13.136859893798828 174.081787109375 32.03508377075195
frog 0.7525904 109.999267578125 133.04278564453125 125.94013977050781 149.04977416992188
frog 0.7389643 186.052734375 93.06196594238281 224.00283813476562 131.0894012451172
ship 0.70350987 109.03118896484375 152.02117919921875 143.92364501953125 187.02633666992188
frog 0.6767073 5.109732627868652 15.143903732299805 37.07810974121094 47.05284118652344
cat 0.6226353 176.23294067382812 39.177330017089844 198.02346801757812 61.004119873046875
automobile 0.6026425 109.12227630615234 151.97703552246094 143.91021728515625 187.1317901611328
bird 0.5069885 160.04013061523438 157.00778198242188 195.03176879882812 192.02328491210938
truck 0.34789532 176.19837951660156 39.17637252807617 198.0242156982422 61.00416946411133
cat 0.3178769 12.13797378540039 138.87107849121094 47.03571319580078 174.0211944580078
dog 0.28260025 12.178474426269531 138.97579956054688 47.03526306152344 173.92324829101562
deer 0.26603013 109.96117401123047 133.03390502929688 125.9800796508789 149.0528564453125
deer 0.26440126 155.12716674804688 13.100130081176758 174.21209716796875 32.125633239746094
dog 0.24023789 5.109732627868652 15.143903732299805 37.07810974121094 47.05284118652344
dog 0.22614002 155.23037719726562 13.034600257873535 174.38845825195312 32.1177864074707
cat 0.22482133 186.1515350341797 92.88798522949219 224.03648376464844 130.8295440673828
airplane 0.21582028 160.04013061523438 157.00778198242188 195.03176879882812 192.02328491210938
bird 0.21125746 100.00930786132812 196.1400909423828 118.96717834472656 215.04249572753906
