airplane 0.9852224 183.0942840576172 42.05858612060547 205.02598571777344 64.03489685058594
frog 0.9843085 172.06402587890625 132.08895874023438 194.00985717773438 154.05218505859375
automobile 0.9833924 142.9976348876953 165.0164031982422 161.9799346923828 184.0198211669922
frog 0.97990036 204.03517150878906 85.08317565917969 235.99620056152344 117.03578186035156
bird 0.97961515 68.02167510986328 76.0320816040039 102.98546600341797 111.01744842529297
dog 0.9794164 40.04597091674805 120.02315521240234 66.10179138183594 145.97836303710938
frog 0.978608 211.08929443359375 42.99626159667969 248.9989013671875 80.9744644165039
airplane 0.97854924 213.01803588867188 177.03192138671875 251.03927612304688 214.98446655273438
frog 0.9711365 107.0111083984375 208.99554443359375 138.93067932128906 241.01116943359375
ship 0.96928906 46.01051330566406 191.12515258789062 74.93505859375 220.02682495117188
automobile 0.96892804 19.045211791992188 14.061272621154785 38.101417541503906 33.066192626953125
airplane 0.9457053 131.95921325683594 88.07880401611328 158.0034637451172 113.95435333251953
dog 0.91697156 148.0366973876953 0.9507131576538086 169.99916076660156 23.024002075195312
cat 0.9133391 153.05014038085938 54.02738952636719 179.15509033203125 79.99467468261719
ship 0.8922113 111.00306701660156 129.08338928222656 140.00930786132812 158.01893615722656
bird 0.883685 49.012229919433594 30.00383949279785 64.99938201904297 46.01140594482422
cat 0.5430966 81.04966735839844 204.99412536621094 97.13665771484375 220.98988342285156
truck 0.51568615 6.0480241775512695 109.07257080078125 28.004505157470703 131.03216552734375
dog 0.40433416 6.027524948120117 109.04913330078125 27.992292404174805 130.9595489501953
dog 0.36506492 81.04966735839844 204.99412536621094 97.13665771484375 220.98988342285156
cat 0.2742393 6.044004440307617 109.0639877319336 28.020170211791992 130.99705505371094
cat 0.26831567 167.9638214111328 187.024169921875 197.05747985839844 216.071533203125
