ship 0.98740625 169.08949279785156 108.02058410644531 191.0196075439453 129.99107360839844
dog 0.9867649 12.116007804870605 200.17330932617188 34.028987884521484 222.04055786132812
automobile 0.9866682 73.04817199707031 21.119155883789062 95.05441284179688 42.991607666015625
frog 0.9859705 153.07745361328125 40.046783447265625 175.02191162109375 62.013916015625
deer 0.9773129 198.9803466796875 38.03511047363281 231.03485107421875 70.00312042236328
bird 0.976533 54.04430389404297 206.05332946777344 92.0063247680664 243.98963928222656
cat 0.9743011 80.03009033203125 57.01526641845703 111.97087097167969 89.01656341552734
frog 0.9739808 29.985233306884766 48.039939880371094 55.96871566772461 73.95575714111328
frog 0.96856475 214.03085327148438 1.0663871765136719 249.0274658203125 36.06419372558594
dog 0.94821954 198.04852294921875 111.95613098144531 230.125732421875 143.81436157226562
automobile 0.94291687 97.07933044433594 100.96854400634766 129.19546508789062 131.15463256835938
deer 0.9401142 102.12164306640625 170.16622924804688 127.99937438964844 196.01620483398438
dog 0.934726 206.06044006347656 156.9607391357422 231.89369201660156 182.91505432128906
airplane 0.8823031 27.16054916381836 123.08551025390625 52.983455657958984 149.12454223632812
cat 0.75317943 13.93387222290039 151.90818786621094 46.01579284667969 183.92845153808594
dog 0.7145506 7.9730119705200195 118.05288696289062 24.13516616821289 133.9996337890625
dog 0.6242225 102.04428100585938 197.1151580810547 137.01942443847656 231.9603729248047
frog 0.34525624 13.96211051940918 151.9910888671875 46.02296447753906 183.8829345703125
cat 0.34518838 102.03578186035156 197.08547973632812 136.9712677001953 231.89981079101562
cat 0.2932279 135.984130859375 70.92457580566406 170.96511840820312 105.96798706054688
