bird 0.99214363 91.04631805419922 39.11222839355469 113.0306167602539 60.993995666503906
automobile 0.9896306 38.04310607910156 141.08624267578125 59.983238220214844 163.05508422851562
automobile 0.9852457 61.997779846191406 54.050506591796875 81.0038070678711 73.05713653564453
ship 0.9840355 82.11431884765625 216.0580596923828 111.02915954589844 245.09779357910156
automobile 0.97901344 1.9254951477050781 81.13287353515625 17.943870544433594 97.03926086425781
truck 0.9720398 152.09524536132812 120.05619812011719 183.90191650390625 151.96791076660156
automobile 0.9710282 188.32791137695312 163.18295288085938 216.92745971679688 191.79254150390625
ship 0.96982974 47.970333099365234 174.08543395996094 77.03729248046875 202.98561096191406
airplane 0.9693238 155.99757385253906 15.10151481628418 191.0581512451172 49.985687255859375
bird 0.9687431 189.96405029296875 117.92326354980469 222.05136108398438 150.07859802246094
cat 0.96819425 12.102044105529785 205.0298614501953 44.062984466552734 237.03208923339844
frog 0.92105794 57.092254638671875 82.03842163085938 75.99502563476562 101.03045654296875
automobile 0.912155 78.98554992675781 189.05506896972656 97.98851013183594 207.95762634277344
frog 0.7174873 109.09925842285156 67.0853042602539 131.03065490722656 88.95140838623047
truck 0.6603421 189.18576049804688 82.06671142578125 223.91912841796875 116.85653686523438
cat 0.55874664 23.069303512573242 3.9238414764404297 60.984283447265625 41.888282775878906
cat 0.5285724 108.07249450683594 12.06167984008789 127.08073425292969 31.047775268554688
bird 0.5223005 1.1079721450805664 40.039207458496094 20.06597900390625 58.96855163574219
dog 0.5057622 108.1207275390625 12.03856086730957 127.08270263671875 31.0351619720459
automobile 0.4733421 189.11520385742188 82.02256774902344 223.94866943359375 116.964111328125
ship 0.38274184 79.0120849609375 189.09426879882812 98.01097106933594 207.94183349609375
airplane 0.36179066 109.13134765625 67.10029602050781 130.9742889404297 88.87699890136719
dog 0.34445727 1.077113151550293 40.016510009765625 20.049663543701172 58.98722839355469
