truck 0.9841682 8.101654052734375 181.17543029785156 40.115150451660156 213.0634307861328
airplane 0.9819627 211.1009063720703 25.00446319580078 246.02174377441406 60.07587432861328
frog 0.97553337 89.10027313232422 121.04126739501953 127.0381088256836 159.01434326171875
dog 0.97493964 10.044278144836426 82.1392593383789 41.99588394165039 113.8854751586914
deer 0.974141 52.071556091308594 191.1302947998047 86.9737777709961 225.9534149169922
deer 0.9733534 140.00701904296875 86.01034545898438 177.96902465820312 124.02890014648438
ship 0.9681877 211.9364776611328 112.02437591552734 227.97853088378906 127.97925567626953
airplane 0.96555245 151.13278198242188 181.11166381835938 176.94357299804688 207.10345458984375
automobile 0.95757496 197.41949462890625 204.08006286621094 227.967529296875 235.64088439941406
frog 0.9475131 31.189786911010742 32.97304153442383 69.00308990478516 71.07611083984375
ship 0.9439161 51.110206604003906 104.02330017089844 83.11466217041016 136.00132751464844
cat 0.88495916 131.21009826660156 208.07327270507812 168.97132873535156 245.88967895507812
ship 0.8725668 117.1169662475586 85.05615234375 132.96835327148438 101.05580139160156
cat 0.8457256 5.108660697937012 156.11672973632812 23.969497680664062 174.97918701171875
ship 0.81724626 75.96981811523438 11.984350204467773 111.05821228027344 47.011268615722656
frog 0.7385589 209.02674865722656 154.0066680908203 228.01963806152344 173.0349884033203
truck 0.51323545 52.03978729248047 6.06596565246582 74.06027221679688 28.082990646362305
deer 0.48961824 52.0337028503418 6.060791969299316 74.03350830078125 28.06723403930664
truck 0.31085366 5.150596618652344 156.0863494873047 23.89850616455078 175.0419158935547
bird 0.27119464 131.22628784179688 208.03884887695312 168.93331909179688 245.87240600585938
deer 0.23506352 91.20106506347656 60.21506118774414 109.8604736328125 79.03848266601562
cat 0.23432827 209.06283569335938 153.9856414794922 228.02182006835938 173.0429229736328
