automobile 0.9822025 90.04132080078125 215.0262451171875 127.99559020996094 253.31207275390625
truck 0.981463 4.020526885986328 61.02522277832031 38.999935150146484 95.91033935546875
automobile 0.9797144 22.024578094482422 208.99090576171875 40.987979888916016 228.01132202148438
bird 0.9787915 41.00970458984375 56.003990173339844 63.08130645751953 77.94898223876953
ship 0.9727718 212.0599365234375 86.13070678710938 247.0321044921875 121.02264404296875
cat 0.9693923 183.15283203125 136.04014587402344 218.03082275390625 171.0127716064453
automobile 0.9662477 194.07650756835938 2.010496139526367 222.9697265625 30.92717933654785
ship 0.9658397 103.99038696289062 163.05715942382812 141.93899536132812 201.02993774414062
bird 0.96254534 20.999975204467773 105.00497436523438 59.02098083496094 143.0372772216797
ship 0.93569815 208.35150146484375 36.074119567871094 236.938720703125 65.08914947509766
deer 0.93446434 29.08139419555664 160.9888153076172 60.94405746459961 193.0959014892578
cat 0.90801764 162.99488830566406 19.144695281982422 178.9607391357422 35.03958511352539
cat 0.8702549 69.09093475341797 152.88255310058594 94.99262237548828 178.98692321777344
airplane 0.8549056 206.07623291015625 188.03125 241.0260009765625 223.09530639648438
automobile 0.7249909 153.13368225097656 95.9841079711914 182.01991271972656 124.91324615478516
airplane 0.7166759 144.00601196289062 202.0649871826172 176.05825805664062 233.95896911621094
deer 0.5585973 139.03634643554688 52.03852844238281 176.87847900390625 90.00958251953125
truck 0.4643899 78.02731323242188 80.98712158203125 93.99528503417969 96.96131896972656
bird 0.43521443 144.00601196289062 202.0649871826172 176.05825805664062 233.95896911621094
cat 0.40560633 139.14334106445312 52.05253601074219 176.89208984375 90.00428771972656
truck 0.29234314 153.12155151367188 96.01071166992188 181.99679565429688 124.95033264160156
airplane 0.22665545 153.26268005371094 95.89089965820312 182.0209197998047 124.93145751953125
cat 0.21945897 206.09262084960938 187.92642211914062 241.03497314453125 223.09115600585938
