ship 0.98721516 35.133880615234375 18.047948837280273 56.99089050292969 39.893829345703125
truck 0.9843402 144.03567504882812 9.045947074890137 169.93463134765625 35.1787223815918
automobile 0.9829252 36.970054626464844 191.07086181640625 68.9700698852539 223.13311767578125
truck 0.9806794 211.0374298095703 215.0968475341797 243.0232391357422 247.06568908691406
dog 0.9798244 207.09410095214844 24.087308883666992 241.9050750732422 59.094627380371094
deer 0.9764485 210.14581298828125 117.04165649414062 241.9947509765625 149.143310546875
frog 0.97524965 174.0218963623047 69.07228088378906 212.0493621826172 106.96836853027344
truck 0.9731555 148.10916137695312 40.02909851074219 174.00387573242188 66.08323669433594
airplane 0.9712165 85.12449645996094 163.00900268554688 110.99615478515625 188.92352294921875
cat 0.9459615 4.024862289428711 203.1053924560547 32.99275207519531 231.99925231933594
automobile 0.94376224 86.03857421875 22.162614822387695 120.88430786132812 57.131011962890625
deer 0.783388 189.1685333251953 166.98599243164062 224.0304718017578 202.03225708007812
deer 0.77059984 148.05059814453125 138.0066375732422 167.08670043945312 157.0511932373047
airplane 0.73319465 11.023700714111328 119.10127258300781 45.99925231933594 153.96385192871094
deer 0.7146945 120.0760269165039 93.05020141601562 138.97518920898438 111.98554992675781
cat 0.5807329 125.07186126708984 162.14466857910156 162.93386840820312 199.8220672607422
airplane 0.39796928 124.99502563476562 161.9763641357422 162.97418212890625 200.03468322753906
dog 0.36053157 125.01802062988281 161.98336791992188 162.97190856933594 200.03240966796875
frog 0.34320217 189.1685333251953 166.98599243164062 224.0304718017578 202.03225708007812
airplane 0.32739094 120.0875473022461 93.13495635986328 138.91299438476562 111.98949432373047
bird 0.28396562 11.023700714111328 119.10127258300781 45.99925231933594 153.96385192871094
cat 0.25387442 148.00665283203125 138.10511779785156 167.075927734375 157.18177795410156
automobile 0.2490054 125.07186126708984 162.14466857910156 162.93386840820312 199.8220672607422
cat 0.24249661 120.0848617553711 93.09393310546875 138.9105224609375 111.9669189453125
frog 0.20610678 148.02691650390625 138.12255859375 167.04812622070312 157.16241455078125
truck 0.20518908 125.07186126708984 162.14466857910156 162.93386840820312 199.8220672607422
