frog 0.98324627 171.10618591308594 11.069906234741211 192.95372009277344 33.07783508300781
airplane 0.9830589 103.98178100585938 88.99624633789062 123.033935546875 108.03857421875
airplane 0.9805101 77.13103485107422 187.9873046875 106.05286407470703 217.05160522460938
airplane 0.9801228 54.074134826660156 146.06588745117188 86.02355194091797 178.00018310546875
airplane 0.97851616 195.15789794921875 19.0352840423584 214.03732299804688 38.04814147949219
ship 0.9767515 166.113037109375 71.09880065917969 198.04315185546875 103.08146667480469
ship 0.97376454 27.063400268554688 4.134526252746582 52.98701477050781 29.965930938720703
automobile 0.97367907 1.9806327819824219 135.0146484375 40.0933723449707 172.99734497070312
ship 0.9732204 125.92027282714844 59.98743438720703 163.8973846435547 98.06368255615234
frog 0.9525931 72.06004333496094 95.03948211669922 98.01203918457031 120.96768951416016
airplane 0.94825494 32.95688247680664 202.8594512939453 65.29704284667969 233.34239196777344
deer 0.9035927 136.30264282226562 153.11383056640625 164.91192626953125 182.56863403320312
dog 0.8108766 22.086952209472656 95.09007263183594 51.00666809082031 123.9195556640625
dog 0.6575367 66.03024291992188 31.97698974609375 95.02804565429688 61.04327392578125
airplane 0.57426304 95.98760986328125 132.1162872314453 131.00332641601562 166.94346618652344
frog 0.49115655 184.1536102294922 162.90892028808594 222.04237365722656 201.4764862060547
bird 0.4470391 184.16998291015625 162.99591064453125 221.97024536132812 201.146728515625
airplane 0.38958272 33.088340759277344 217.67909240722656 64.80924987792969 234.8231658935547
cat 0.38647002 95.98760986328125 132.1162872314453 131.00332641601562 166.94346618652344
cat 0.29956013 66.03024291992188 31.97698974609375 95.02804565429688 61.04327392578125
cat 0.29291064 184.1536102294922 162.90892028808594 222.04237365722656 201.4764862060547
bird 0.2561904 22.02081298828125 95.10758972167969 51.00677490234375 123.94920349121094
airplane 0.23230079 35.65204620361328 203.04440307617188 65.16271209716797 216.84234619140625
