truck 0.9846758 112.16116333007812 105.03168487548828 137.9720458984375 130.97116088867188
deer 0.9816077 71.07279205322266 194.9961395263672 102.99170684814453 226.96644592285156
automobile 0.9795054 85.04791259765625 148.88748168945312 117.03507995605469 181.09793090820312
truck 0.9794776 51.12200164794922 43.03207015991211 89.02191925048828 81.02923583984375
truck 0.9785689 202.07113647460938 183.01771545410156 227.94027709960938 209.03172302246094
ship 0.97856677 159.03012084960938 166.05029296875 194.00466918945312 201.1846923828125
truck 0.9768983 104.93804168701172 73.92560577392578 121.06732940673828 90.05309295654297
frog 0.97217524 148.02932739257812 201.98623657226562 182.99423217773438 236.98239135742188
ship 0.9696479 6.111848831176758 16.929847717285156 32.02916717529297 42.85005569458008
deer 0.96784085 38.03911209106445 215.06365966796875 64.02574920654297 240.97018432617188
cat 0.96228755 37.985267639160156 120.01274108886719 70.07682800292969 151.8974151611328
cat 0.95147467 191.1942138671875 117.08221435546875 225.12200927734375 151.2232666015625
dog 0.9211516 132.19619750976562 59.18804931640625 169.93994140625 97.16716003417969
dog 0.91269606 173.10208129882812 27.089445114135742 207.94754028320312 62.063865661621094
bird 0.8541343 90.08615112304688 129.0773468017578 109.00579833984375 147.8899383544922
dog 0.81836563 130.05316162109375 10.092248916625977 156.0396728515625 36.016822814941406
frog 0.6382917 189.2060546875 73.06420135498047 215.01318359375 98.93878936767578
deer 0.2482186 189.13739013671875 72.98038482666016 214.98538208007812 98.92504119873047
dog 0.21276298 120.21295928955078 214.22488403320312 139.09193420410156 233.01986694335938
bird 0.21203479 189.13739013671875 72.98038482666016 214.98538208007812 98.92504119873047
