dog 0.9858812 28.056346893310547 114.08409881591797 49.99857711791992 135.83059692382812
automobile 0.98442584 202.060302734375 15.002138137817383 233.8807373046875 46.98169708251953
automobile 0.98241484 151.05361938476562 158.96763610839844 188.98733520507812 197.01158142089844
ship 0.98187214 10.050671577453613 145.0269317626953 32.00341033935547 167.02769470214844
airplane 0.9816344 111.013671875 216.1339111328125 143.03285217285156 248.00167846679688
automobile 0.9815402 142.02822875976562 22.01295280456543 163.99569702148438 44.10633087158203
truck 0.98053706 148.1092529296875 75.08441162109375 182.99398803710938 109.92807006835938
ship 0.9804808 63.130577087402344 39.96790313720703 98.05937957763672 74.9570083618164
truck 0.98009527 118.0986328125 176.0584716796875 147.04782104492188 205.09658813476562
truck 0.9792931 193.973388671875 93.98422241210938 231.94110107421875 132.04832458496094
cat 0.97424215 65.12445831298828 199.0271759033203 94.0772476196289 227.9063262939453
ship 0.97182536 195.04818725585938 197.101806640625 232.9505615234375 234.972900390625
truck 0.96996284 48.970542907714844 171.07102966308594 74.94925689697266 197.0908966064453
ship 0.96973884 110.1164321899414 46.98554992675781 139.02557373046875 75.97183227539062
bird 0.96324396 193.11627197265625 156.0145263671875 221.9483642578125 185.02029418945312
automobile 0.9607655 14.006897926330566 20.020244598388672 43.02588653564453 48.99375534057617
bird 0.958343 191.10220336914062 63.029205322265625 217.05056762695312 88.91642761230469
automobile 0.94215035 102.05755615234375 86.99260711669922 133.92718505859375 119.13591766357422
frog 0.8889599 13.077641487121582 210.01539611816406 31.989395141601562 229.0069122314453
airplane 0.8741562 96.00978088378906 148.07211303710938 122.05242919921875 173.91165161132812
airplane 0.25938183 13.015793800354004 209.98301696777344 31.97808074951172 229.0178680419922
truck 0.23873296 96.01167297363281 148.08645629882812 122.08883666992188 173.97958374023438
bird 0.21979386 13.080606460571289 209.91552734375 31.950082778930664 228.982421875
