truck 0.9872614 85.06155395507812 208.0792999267578 107.03933715820312 229.9845733642578
frog 0.98516 37.02875518798828 74.93061828613281 66.08326721191406 103.97657775878906
automobile 0.9847722 189.9785919189453 78.0389633178711 221.96681213378906 110.00145721435547
truck 0.9813949 134.162109375 157.81317138671875 165.77386474609375 187.9158935546875
bird 0.98129463 209.0447998046875 32.077877044677734 246.9720458984375 69.94281005859375
bird 0.9739053 67.79837036132812 89.9671401977539 97.09815979003906 119.01468658447266
truck 0.97264385 14.013116836547852 112.09518432617188 52.03858184814453 149.97293090820312
truck 0.9710543 27.042217254638672 166.02978515625 58.9625358581543 198.05856323242188
truck 0.96719813 132.0464324951172 207.10150146484375 169.99769592285156 245.04244995117188
truck 0.96183765 3.99375057220459 48.98479080200195 35.979591369628906 81.05859375
truck 0.95440346 97.13896179199219 138.0786895751953 129.07530212402344 170.0227813720703
automobile 0.93586075 27.033405303955078 8.997011184692383 61.9655876159668 43.78861999511719
airplane 0.9344127 156.05535888671875 31.050189971923828 187.9210205078125 63.13190841674805
automobile 0.9259008 40.07296371459961 48.96308517456055 58.956729888916016 64.25637817382812
automobile 0.90746254 67.05789184570312 139.0234832763672 89.03097534179688 161.02308654785156
frog 0.87598836 212.0331268310547 168.99879455566406 244.0099639892578 201.0587921142578
frog 0.8551098 138.14093017578125 116.08122253417969 173.04269409179688 150.9151153564453
truck 0.6188452 70.9980697631836 7.053705215454102 97.0872573852539 32.84845733642578
automobile 0.61111015 70.9980697631836 7.053705215454102 97.0872573852539 32.84845733642578
dog 0.36512426 100.02310180664062 108.02019500732422 119.12696838378906 127.0066146850586
cat 0.25630993 27.078908920288086 9.061529159545898 61.9302978515625 43.965301513671875
