frog 0.98462737 195.93067932128906 36.098785400390625 225.0396270751953 65.05659484863281
cat 0.98077834 157.01560974121094 123.07926940917969 188.95103454589844 154.95091247558594
ship 0.98009336 215.09718322753906 78.14082336425781 246.9607391357422 110.03884887695312
frog 0.979952 6.016721725463867 131.0343780517578 25.074647903442383 150.0446014404297
ship 0.9753763 161.0105743408203 16.024574279785156 193.01023864746094 47.931270599365234
deer 0.9753679 42.06199645996094 70.09834289550781 63.77985382080078 92.02755737304688
truck 0.9690987 42.03763961791992 156.01101684570312 63.992191314697266 178.01419067382812
dog 0.9680901 69.04158020019531 71.01480102539062 95.10768127441406 97.07237243652344
bird 0.9677365 108.04000854492188 22.140727996826172 143.01014709472656 56.94459915161133
airplane 0.96643144 201.10714721679688 113.06059265136719 239.07028198242188 151.02793884277344
frog 0.9645783 77.99872589111328 213.06155395507812 112.92525482177734 248.0059814453125
deer 0.9627776 149.03436279296875 51.90644073486328 174.9722900390625 77.9773178100586
cat 0.925513 1.0600862503051758 210.1172332763672 26.91674041748047 236.0117950439453
airplane 0.9058527 91.1014404296875 177.025390625 125.92781066894531 211.93685913085938
cat 0.83804464 108.14208984375 117.0396499633789 143.00396728515625 151.89447021484375
bird 0.83489096 44.06835174560547 27.07538604736328 66.0353775024414 49.026397705078125
cat 0.6448462 197.18356323242188 188.04971313476562 215.88421630859375 207.00222778320312
dog 0.4111978 197.10800170898438 188.03781127929688 215.96279907226562 207.03549194335938
airplane 0.3564443 60.02067565917969 192.02552795410156 79.07064819335938 211.0800018310547
airplane 0.2791934 197.18356323242188 188.04971313476562 215.88421630859375 207.00222778320312
truck 0.21550456 60.02067565917969 192.02552795410156 79.07064819335938 211.0800018310547
