frog 0.9871871 199.10166931152344 107.0422592163086 221.0352325439453 128.90440368652344
frog 0.98701483 136.08250427246094 8.084206581115723 154.97975158691406 27.01079559326172
frog 0.98387855 20.085853576660156 154.04150390625 49.040130615234375 182.9932861328125
ship 0.9815234 179.02886962890625 31.105819702148438 207.9638671875 60.134368896484375
deer 0.97878385 78.05952453613281 86.05448913574219 97.00820922851562 105.04737854003906
airplane 0.97793 184.01487731933594 195.04940795898438 203.02024841308594 214.040771484375
cat 0.9773854 73.08609008789062 119.06796264648438 95.08018493652344 141.040771484375
truck 0.97466654 76.07688903808594 203.95516967773438 107.96124267578125 236.03369140625
cat 0.97309136 20.007591247558594 30.022567749023438 52.06121063232422 61.96092224121094
truck 0.97270393 152.03025817871094 84.95205688476562 177.9790496826172 111.15045166015625
automobile 0.9691572 70.13578796386719 11.080543518066406 108.05235290527344 48.973941802978516
dog 0.96887016 20.01085090637207 215.03189086914062 49.08141326904297 244.06655883789062
bird 0.9571103 205.0106201171875 130.18063354492188 236.80291748046875 161.8287353515625
automobile 0.9437999 77.0406723022461 162.0128173828125 93.01757049560547 178.04183959960938
cat 0.80229926 2.0012459754943848 122.03395080566406 17.950300216674805 137.95347595214844
cat 0.7155286 126.071533203125 112.09510040283203 142.0316162109375 128.037841796875
cat 0.5804166 133.05320739746094 193.95916748046875 159.1085662841797 220.05218505859375
cat 0.4400016 176.91433715820312 121.0494384765625 196.18307495117188 140.17071533203125
frog 0.38071555 133.05320739746094 193.95916748046875 159.1085662841797 220.05218505859375
frog 0.28232273 176.92648315429688 121.075927734375 196.14825439453125 140.0355224609375
deer 0.23185426 126.05975341796875 112.06877899169922 142.01345825195312 128.0316619873047
airplane 0.21445727 126.00931549072266 112.04354858398438 141.99502563476562 128.02183532714844
dog 0.20586717 133.05320739746094 193.95916748046875 159.1085662841797 220.05218505859375
dog 0.20081937 2.0012459754943848 122.03395080566406 17.950300216674805 137.95347595214844
