truck 0.98966986 51.09564208984375 202.04969787597656 69.948486328125 220.9705047607422
frog 0.9893148 55.068763732910156 38.04078674316406 84.08097076416016 67.00350952148438
dog 0.9839406 172.04046630859375 36.086181640625 194.08670043945312 58.025245666503906
cat 0.9810507 187.00257873535156 9.077421188354492 205.98561096191406 27.98082160949707
ship 0.98102784 113.02485656738281 26.024520874023438 148.07337951660156 61.0556640625
cat 0.9787327 57.05558395385742 155.10745239257812 86.00369262695312 183.90542602539062
bird 0.97695124 75.9435043334961 212.0132293701172 104.95694732666016 240.97792053222656
ship 0.9765153 0.004033088684082031 8.08913516998291 28.95153045654297 36.97513198852539
dog 0.9744792 184.06304931640625 96.03279113769531 221.941162109375 134.03114318847656
automobile 0.9743217 134.9566192626953 6.021791458129883 151.05030822753906 22.015743255615234
cat 0.97421825 17.030715942382812 99.0237045288086 49.009063720703125 131.038330078125
deer 0.9577648 149.0806884765625 208.07395935058594 180.97128295898438 239.94349670410156
truck 0.9066239 151.02401733398438 152.93527221679688 185.9666748046875 188.05801391601562
frog 0.88136154 98.04090881347656 134.03317260742188 119.99452209472656 155.95919799804688
ship 0.8646359 58.06724548339844 113.0828857421875 80.03483581542969 135.02320861816406
cat 0.86457205 142.048828125 73.04914855957031 180.03848266601562 110.99777221679688
automobile 0.7792157 9.032419204711914 161.0496063232422 31.061185836791992 182.91444396972656
cat 0.74201953 92.0259780883789 67.03605651855469 123.90206146240234 99.02836608886719
ship 0.24574539 142.0243377685547 73.03695678710938 180.0362091064453 111.04824829101562
truck 0.24465522 9.099675178527832 161.04824829101562 31.033824920654297 182.92254638671875
dog 0.22998723 92.08052062988281 66.994140625 123.88174438476562 99.00956726074219
