ship 0.98584163 76.08958435058594 98.05176544189453 108.05949401855469 130.0703887939453
cat 0.9844507 179.1344757080078 207.99652099609375 207.9703826904297 236.98260498046875
airplane 0.9806067 177.02694702148438 138.0034637451172 214.97463989257812 175.92103576660156
deer 0.9798671 73.08317565917969 203.1734161376953 108.02821350097656 237.93751525878906
bird 0.9777547 52.11269760131836 61.06657028198242 83.99327087402344 92.93380737304688
dog 0.9777518 16.00613784790039 92.96195983886719 42.00992965698242 118.98548889160156
cat 0.970885 201.9846649169922 90.03047943115234 239.98033142089844 127.9579849243164
dog 0.9701301 209.03529357910156 185.08169555664062 241.0193328857422 216.98379516601562
deer 0.9625561 122.06648254394531 57.0827751159668 148.0464324951172 83.07455444335938
cat 0.9575603 154.975341796875 80.06846618652344 174.12640380859375 99.01673889160156
deer 0.93457425 53.044090270996094 153.03262329101562 87.8998794555664 188.00823974609375
dog 0.92158866 174.97329711914062 54.03080368041992 194.03402709960938 73.01113891601562
airplane 0.87530637 27.062057495117188 38.03791046142578 46.01206970214844 57.020652770996094
truck 0.8320571 153.13050842285156 17.03784942626953 171.98207092285156 36.02864074707031
truck 0.55138195 212.0371856689453 57.029483795166016 231.0840301513672 76.01115417480469
automobile 0.47582558 212.0371856689453 57.029483795166016 231.0840301513672 76.01115417480469
airplane 0.2718625 31.084125518798828 149.0341796875 50.04396438598633 167.98123168945312
automobile 0.23385212 153.05816650390625 17.121891021728516 171.99066162109375 36.010658264160156
automobile 0.2273129 27.012500762939453 38.03468322753906 46.039737701416016 57.038490295410156
