bird 0.9898185 107.09005737304688 203.04457092285156 126.00834655761719 222.0268096923828
deer 0.9878 154.07327270507812 154.03778076171875 176.03570556640625 176.02362060546875
truck 0.98555446 54.032814025878906 175.04627990722656 73.07421875 194.0583038330078
ship 0.98552907 107.04988861083984 178.03085327148438 126.00183868408203 196.96981811523438
frog 0.9851568 167.0354461669922 110.06781768798828 186.0095977783203 129.08636474609375
automobile 0.9839457 117.06861877441406 110.00109100341797 149.06239318847656 141.89422607421875
deer 0.9828319 165.13352966308594 22.065603256225586 194.03370666503906 51.05046081542969
dog 0.9769784 179.2166290283203 70.0654067993164 211.02659606933594 102.04032135009766
truck 0.97352314 177.98948669433594 167.94671630859375 203.9352264404297 194.05398559570312
automobile 0.97137654 44.02023696899414 138.0513916015625 69.9921875 163.921630859375
truck 0.96830523 110.0607681274414 7.1026811599731445 138.94906616210938 35.8713493347168
deer 0.9638859 9.142813682556152 81.12151336669922 35.11283874511719 106.93074798583984
dog 0.95938694 96.05265045166016 46.07246398925781 131.04185485839844 81.01232147216797
cat 0.9558648 41.12944793701172 195.10238647460938 59.98823547363281 214.04217529296875
airplane 0.9544246 0.06627130508422852 187.046630859375 16.000022888183594 202.98696899414062
airplane 0.9215423 50.097999572753906 96.09291076660156 72.03231048583984 118.03738403320312
cat 0.7435396 109.04330444335938 83.88079833984375 125.13096618652344 100.00076293945312
cat 0.7168562 40.025753021240234 52.12316131591797 65.9947509765625 78.00751495361328
cat 0.59719193 214.94200134277344 67.13398742675781 252.9037322998047 104.85189819335938
dog 0.3669281 215.09852600097656 66.96125793457031 253.0786895751953 105.09034729003906
airplane 0.33519912 108.99109649658203 83.89305877685547 125.12200164794922 100.00325775146484
dog 0.24757731 40.05571365356445 52.08095932006836 65.9989013671875 78.03483581542969
ship 0.20697266 50.19900131225586 95.99847412109375 72.0570297241211 118.18559265136719
frog 0.20306331 50.1270866394043 96.03295135498047 72.01332092285156 118.11797332763672
