bird 0.99191797 203.0828857421875 48.06113052368164 232.0648193359375 77.04608154296875
truck 0.98740757 163.15475463867188 68.05925750732422 184.9791259765625 90.0646743774414
ship 0.979918 114.05113983154297 90.02787017822266 146.0182342529297 122.09957122802734
frog 0.97931385 163.0364532470703 166.0347137451172 198.05616760253906 201.0301971435547
truck 0.9778942 128.04388427734375 24.995018005371094 160.02145385742188 56.96277618408203
deer 0.9778227 14.015999794006348 174.97332763671875 42.971717834472656 203.8985595703125
ship 0.97566104 110.03950500488281 130.0233154296875 132.00746154785156 151.97109985351562
bird 0.97554696 77.0451431274414 168.05514526367188 105.98900604248047 196.99456787109375
bird 0.97181004 147.055908203125 134.11270141601562 166.05545043945312 152.97393798828125
cat 0.97017527 209.05364990234375 139.03509521484375 237.98489379882812 168.02032470703125
truck 0.9584383 131.12548828125 57.92311096191406 160.15945434570312 87.14129638671875
cat 0.9483949 26.03475570678711 2.0774612426757812 48.01457595825195 23.99256706237793
airplane 0.9181922 56.04700469970703 111.95452880859375 82.03203582763672 137.95941162109375
dog 0.8737074 175.94378662109375 208.04991149902344 213.97134399414062 245.7458953857422
automobile 0.8085644 45.12406539916992 150.1172332763672 71.03113555908203 176.08583068847656
airplane 0.5695553 11.092708587646484 107.10416412353516 49.076927185058594 144.94253540039062
deer 0.44214672 11.092708587646484 107.10416412353516 49.076927185058594 144.94253540039062
truck 0.24766141 45.10694122314453 150.07363891601562 70.97114562988281 176.09051513671875
ship 0.24062875 11.092708587646484 107.10416412353516 49.076927185058594 144.94253540039062
