airplane 0.9919534 76.96113586425781 111.01831817626953 96.01333618164062 130.03611755371094
airplane 0.991822 10.088167190551758 104.06298065185547 32.001068115234375 125.94103240966797
bird 0.98110586 153.12728881835938 189.08172607421875 190.86782836914062 226.93862915039062
ship 0.98047817 78.98301696777344 22.050662994384766 111.05711364746094 54.03480911254883
deer 0.97389126 163.1722412109375 155.02609252929688 184.97711181640625 176.96987915039062
dog 0.97040945 40.9712028503418 80.02042388916016 72.99346923828125 111.9336929321289
bird 0.96698356 133.15298461914062 15.04738998413086 171.04031372070312 52.98746871948242
airplane 0.94874424 191.0490264892578 147.11312866210938 210.0136260986328 166.00619506835938
bird 0.9323602 43.05082321166992 204.04061889648438 62.02827835083008 223.03448486328125
truck 0.86345047 146.07815551757812 66.01241302490234 174.98190307617188 95.1997299194336
dog 0.7912097 136.04379272460938 133.9916534423828 155.080322265625 153.0455780029297
deer 0.7299262 19.10009002685547 139.04287719726562 54.010475158691406 173.95028686523438
cat 0.68940926 176.30429077148438 77.02374267578125 191.9630126953125 93.0924072265625
truck 0.63977706 75.06082153320312 153.0167694091797 97.0096435546875 175.02854919433594
airplane 0.60717547 75.07843017578125 152.95758056640625 97.02517700195312 175.10272216796875
frog 0.57623017 178.01329040527344 96.1170654296875 197.11619567871094 115.04515075683594
cat 0.538035 82.14550018310547 181.08700561523438 120.02066802978516 218.69705200195312
deer 0.49937427 10.013049125671387 14.289449691772461 29.088607788085938 32.945701599121094
ship 0.48899353 177.99681091308594 96.13934326171875 197.06398010253906 115.03431701660156
truck 0.40930068 82.29042053222656 181.24908447265625 120.06553649902344 218.43594360351562
frog 0.32480738 176.2650909423828 76.96986389160156 191.9280548095703 93.13076782226562
frog 0.30119562 82.24623107910156 181.2743377685547 119.99737548828125 218.5475311279297
automobile 0.21982619 146.08438110351562 65.93537902832031 174.91567993164062 95.15608215332031
cat 0.20557362 135.9921417236328 133.91876220703125 155.13792419433594 153.14385986328125
