truck 0.9854172 189.04559326171875 129.9923095703125 214.98318481445312 156.108154296875
automobile 0.9852444 11.055091857910156 183.04844665527344 30.01193618774414 201.9801788330078
frog 0.9848734 160.13734436035156 52.09064483642578 179.0271759033203 71.07447052001953
automobile 0.9798627 61.081947326660156 212.03262329101562 95.99047088623047 246.9334716796875
cat 0.9761268 6.042734146118164 213.0630340576172 44.009300231933594 251.0510711669922
truck 0.9751762 167.99269104003906 117.0219955444336 186.98252868652344 136.0059051513672
automobile 0.9747641 107.00584411621094 19.050790786743164 144.99014282226562 57.108802795410156
deer 0.97110987 41.030948638916016 107.98584747314453 79.04823303222656 145.93141174316406
truck 0.95217186 182.04554748535156 54.01626205444336 220.00486755371094 91.95367431640625
deer 0.8846265 2.048776626586914 54.00426483154297 40.173187255859375 91.89960479736328
dog 0.83399916 13.998321533203125 119.00284576416016 39.935585021972656 144.98345947265625
truck 0.82769597 156.03890991210938 215.0195770263672 175.03152465820312 233.9331512451172
bird 0.757634 42.083351135253906 71.26737213134766 73.93875122070312 103.13741302490234
cat 0.71751875 177.07530212402344 12.043265342712402 196.02366638183594 31.003196716308594
bird 0.68050885 118.14836120605469 150.1044921875 139.98390197753906 172.04312133789062
dog 0.60048753 121.08934783935547 61.12257766723633 153.09567260742188 92.93219757080078
airplane 0.5546941 164.0559844970703 175.032958984375 186.0596466064453 196.98529052734375
frog 0.5267221 121.08934783935547 61.12257766723633 153.09567260742188 92.93219757080078
dog 0.45878887 74.99337768554688 148.13912963867188 112.95826721191406 186.25680541992188
bird 0.44955817 75.09051513671875 148.09698486328125 112.95994567871094 186.07022094726562
cat 0.39783138 164.07656860351562 175.02256774902344 186.0611572265625 197.00221252441406
airplane 0.37570435 177.02862548828125 12.048413276672363 196.02517700195312 31.052562713623047
cat 0.36828 74.99337768554688 148.13912963867188 112.95826721191406 186.25680541992188
frog 0.3380248 118.14518737792969 150.12261962890625 139.9786834716797 172.05316162109375
ship 0.3260625 156.05963134765625 215.0050048828125 175.106201171875 233.87081909179688
dog 0.3044729 42.0787239074707 71.1754150390625 73.87899780273438 103.08023071289062
frog 0.23591027 177.07530212402344 12.043265342712402 196.02366638183594 31.003196716308594
bird 0.2168177 164.00839233398438 175.02255249023438 186.0496826171875 196.8865966796875
