deer 0.98376024 67.0790786743164 211.10092163085938 89.01508331298828 232.96231079101562
automobile 0.9805057 62.99436950683594 181.07205200195312 89.04975891113281 207.13845825195312
frog 0.97925115 83.97410583496094 11.997638702392578 113.04905700683594 41.09611892700195
truck 0.9788625 4.085203170776367 72.05916595458984 39.127838134765625 106.9258804321289
automobile 0.9787958 154.08689880371094 3.924203872680664 191.9718780517578 41.93017578125
dog 0.9750463 127.04778289794922 105.11357116699219 161.9994659423828 140.02554321289062
automobile 0.9723669 179.15342712402344 208.91854858398438 217.09095764160156 246.90069580078125
deer 0.96502805 163.83058166503906 111.93255615234375 196.15284729003906 143.8968048095703
bird 0.9624537 93.07818603515625 210.04119873046875 128.03627014160156 245.00479125976562
deer 0.95391566 53.99387741088867 123.58269500732422 83.05863952636719 152.99794006347656
bird 0.9359531 96.34253692626953 128.04441833496094 115.01969146728516 146.95240783691406
ship 0.93199307 149.15235900878906 170.06028747558594 183.9094696044922 204.9529571533203
cat 0.9176134 201.9988555908203 121.05523681640625 230.96424865722656 149.99563598632812
deer 0.91647637 73.97938537597656 88.9994888305664 99.9996337890625 115.02159881591797
cat 0.915547 8.991788864135742 128.06158447265625 31.02766990661621 150.01797485351562
truck 0.90300906 25.101716995239258 178.0363311767578 50.98802947998047 203.8911590576172
deer 0.79573965 137.14511108398438 55.092445373535156 172.04229736328125 90.04999542236328
bird 0.7492252 14.082062721252441 204.99081420898438 40.05030822753906 231.11135864257812
cat 0.45327604 137.10536193847656 55.07530212402344 172.05323791503906 90.04580688476562
frog 0.30353647 14.082062721252441 204.99081420898438 40.05030822753906 231.11135864257812
airplane 0.2266311 14.082062721252441 204.99081420898438 40.05030822753906 231.11135864257812
