bird 0.9819535 163.1447296142578 147.12603759765625 188.98997497558594 173.01174926757812
truck 0.9797851 192.99606323242188 86.03766632080078 225.04998779296875 118.0287094116211
truck 0.976306 7.070752143859863 176.0274658203125 33.12009811401367 201.97955322265625
ship 0.97624 21.024328231811523 100.07363891601562 53.116783142089844 132.02806091308594
dog 0.9761954 50.07282257080078 13.032082557678223 69.04733276367188 31.98584747314453
automobile 0.9737506 104.115478515625 7.158382415771484 135.9417266845703 38.981014251708984
truck 0.9729717 90.01240539550781 188.0827178955078 122.05635070800781 220.05873107910156
airplane 0.97272426 133.06004333496094 123.14080810546875 162.04884338378906 151.94754028320312
ship 0.97133434 202.01280212402344 132.09962463378906 231.06504821777344 160.93028259277344
automobile 0.96775156 197.0983123779297 161.9881134033203 232.01564025878906 197.0244903564453
airplane 0.9666108 192.06689453125 46.97565841674805 220.94552612304688 76.05743408203125
frog 0.9642113 141.00050354003906 201.97760009765625 179.10499572753906 239.84146118164062
ship 0.9607532 157.0160675048828 90.01573944091797 186.09397888183594 118.9875259399414
dog 0.9600171 62.064632415771484 64.9473648071289 84.01058197021484 87.05583953857422
cat 0.9198544 114.07009887695312 48.110260009765625 136.02313232421875 70.02497100830078
deer 0.91408765 86.04010772705078 149.0721435546875 123.98137664794922 186.93887329101562
dog 0.8596814 97.00334930419922 85.03557586669922 113.05408477783203 101.03022003173828
dog 0.8285464 84.07090759277344 111.04682922363281 103.0177001953125 129.91236877441406
airplane 0.6766528 56.98386764526367 215.06582641601562 75.99940490722656 233.95578002929688
bird 0.48168907 57.08299255371094 215.06594848632812 76.00851440429688 234.03277587890625
cat 0.45891452 191.0852813720703 3.1247034072875977 212.9580841064453 24.96361541748047
cat 0.20930058 97.00334930419922 85.03557586669922 113.05408477783203 101.03022003173828
