ship 0.9841515 13.089433670043945 110.0960922241211 35.01289367675781 131.89016723632812
bird 0.98061335 35.984222412109375 101.88552856445312 73.92649841308594 140.0612335205078
frog 0.9791875 99.105712890625 179.02996826171875 133.98448181152344 214.002197265625
truck 0.9752986 37.83039474487305 188.02333068847656 67.02156829833984 216.9763946533203
airplane 0.97190875 1.0547924041748047 167.04904174804688 35.973060607910156 202.00314331054688
deer 0.97173274 80.02364349365234 141.00230407714844 106.08565521240234 167.0313262939453
bird 0.9714404 195.9388885498047 102.93165588378906 233.9224090576172 141.02928161621094
truck 0.9711925 73.85879516601562 39.99867248535156 111.9365234375 77.9834976196289
automobile 0.9701619 174.09454345703125 186.9571990966797 202.89340209960938 215.8910675048828
frog 0.9690466 112.03156280517578 5.059377670288086 137.8978271484375 31.02338218688965
ship 0.9673046 207.0209503173828 32.079769134521484 226.0251922607422 50.9039421081543
dog 0.9609983 213.97691345214844 203.02073669433594 242.95872497558594 231.92185974121094
ship 0.9608567 175.01832580566406 158.14340209960938 197.0354461669922 180.0260009765625
ship 0.9450605 198.12060546875 1.0692329406738281 223.92083740234375 27.091707229614258
bird 0.9048359 158.99142456054688 96.0461654663086 184.96743774414062 121.9688491821289
bird 0.8962966 151.97718811035156 5.04250431060791 183.99537658691406 37.0032958984375
dog 0.7394633 0.9697093963623047 208.089599609375 36.10154724121094 242.963623046875
bird 0.7354208 143.07261657714844 61.0602912902832 175.0286407470703 93.03607940673828
cat 0.37056446 143.03512573242188 61.142539978027344 175.0457763671875 93.02254486083984
dog 0.32527506 49.0844841003418 39.04753494262695 70.95538330078125 61.0421257019043
cat 0.3251309 0.9697093963623047 208.089599609375 36.10154724121094 242.963623046875
cat 0.20373434 44.044944763183594 73.99923706054688 62.9241943359375 92.961181640625
