ship 0.9856721 198.09835815429688 125.05318450927734 219.94308471679688 147.00765991210938
automobile 0.9816235 68.03924560546875 153.86878967285156 105.92422485351562 192.01475524902344
frog 0.9784975 65.01942443847656 108.970947265625 102.97297668457031 146.9890899658203
deer 0.97728074 85.06170654296875 67.9675064086914 123.09471130371094 105.9824447631836
deer 0.97223043 212.0536346435547 177.0497283935547 250.0676727294922 215.0143585205078
airplane 0.9682926 7.003711700439453 212.02243041992188 45.01997756958008 250.01278686523438
truck 0.96540457 162.00657653808594 56.99639892578125 200.0923614501953 95.08517456054688
automobile 0.9648234 146.1162567138672 4.038313865661621 165.0216522216797 23.014652252197266
deer 0.9634004 212.06607055664062 69.0754623413086 237.99542236328125 95.0769271850586
cat 0.9475989 72.10868072509766 13.076835632324219 98.14188385009766 38.911624908447266
dog 0.944131 46.026268005371094 171.93875122070312 62.040863037109375 188.00091552734375
deer 0.9379709 207.013671875 16.988643646240234 223.03802490234375 32.968021392822266
cat 0.90896004 101.066650390625 198.0699462890625 139.07644653320312 235.89453125
bird 0.8091841 191.99331665039062 103.99503326416016 208.03689575195312 119.99858856201172
cat 0.7320207 136.0039825439453 150.03431701660156 155.0268096923828 168.99366760253906
deer 0.60272104 154.26609802246094 108.71021270751953 179.91871643066406 134.69264221191406
airplane 0.5254405 69.99746704101562 208.03872680664062 89.00213623046875 227.02774047851562
bird 0.34344584 69.94181823730469 208.1000518798828 88.98039245605469 226.99989318847656
ship 0.31356046 136.02964782714844 150.0780029296875 155.07383728027344 169.01870727539062
bird 0.2826825 9.038887023925781 148.00582885742188 35.00436019897461 173.97293090820312
