deer 0.9867265 188.0941619873047 10.985960960388184 207.05101013183594 29.9769287109375
frog 0.9810718 159.05479431152344 63.04641342163086 181.0185089111328 84.9843978881836
bird 0.9797428 155.0949249267578 98.06471252441406 180.9301300048828 123.9923095703125
truck 0.9793696 45.99903869628906 114.08082580566406 80.96835327148438 148.9910125732422
dog 0.9790776 50.03213882446289 163.0542449951172 78.99165344238281 191.98927307128906
deer 0.97784305 104.07588195800781 35.059303283691406 142.0040740966797 73.02460479736328
ship 0.9729084 83.95417785644531 120.93986511230469 100.04901123046875 137.03929138183594
frog 0.969504 209.16957092285156 212.14297485351562 243.98838806152344 247.0770263671875
dog 0.9690872 96.11927795410156 166.01129150390625 133.98036193847656 204.05810546875
dog 0.9689555 202.99325561523438 102.06930541992188 228.98492431640625 128.0500030517578
ship 0.9685122 7.098115921020508 184.97344970703125 29.022966384887695 207.108642578125
airplane 0.96802247 32.98777389526367 45.11293411254883 67.97657775878906 79.98654174804688
airplane 0.9657483 6.066837310791016 100.08809661865234 35.03199005126953 129.0189208984375
airplane 0.9587987 147.9859161376953 159.95346069335938 186.02574157714844 198.02249145507812
deer 0.9362981 147.12205505371094 6.998215675354004 175.8172149658203 35.90961456298828
dog 0.9203862 173.06349182128906 216.09039306640625 208.0293731689453 251.08493041992188
truck 0.88298935 125.06416320800781 130.01620483398438 143.9973907470703 149.02545166015625
airplane 0.8612088 24.0206241607666 141.0730438232422 43.044639587402344 160.02439880371094
dog 0.61310804 215.09182739257812 163.0287628173828 247.085205078125 194.90513610839844
bird 0.5139196 215.0614776611328 163.12709045410156 247.12953186035156 194.9844512939453
deer 0.3596617 125.07286834716797 130.13906860351562 143.936279296875 149.04440307617188
