automobile 0.98446023 146.0369415283203 101.03123474121094 174.99391174316406 130.0403289794922
bird 0.98224014 155.09243774414062 49.005401611328125 183.93121337890625 77.96878814697266
deer 0.9820007 174.94549560546875 8.955371856689453 207.05404663085938 41.03668212890625
ship 0.98141944 176.0439453125 133.10147094726562 213.97650146484375 171.00079345703125
bird 0.97618514 87.0817642211914 65.9277114868164 122.0381088256836 101.02783966064453
automobile 0.97503227 141.98568725585938 156.04788208007812 161.01315307617188 175.007080078125
airplane 0.974674 4.066646575927734 210.09280395507812 41.902591705322266 247.96505737304688
dog 0.9744711 64.05464172363281 111.0634536743164 101.9700927734375 149.0458984375
frog 0.9654687 49.048519134521484 213.05499267578125 84.02900695800781 247.93222045898438
truck 0.96411145 1.0076007843017578 58.03562545776367 36.00984191894531 93.02899169921875
airplane 0.96299523 137.07408142089844 196.0620880126953 172.10789489746094 231.0094451904297
cat 0.96004087 8.12158203125 105.04479217529297 36.960777282714844 133.97158813476562
frog 0.9535617 42.05384826660156 5.07841682434082 67.95269775390625 30.970170974731445
frog 0.93975365 70.99906921386719 46.98682403564453 87.02049255371094 63.04502868652344
deer 0.8506054 95.99718475341797 171.8917236328125 134.37374877929688 209.89666748046875
deer 0.614022 175.0529327392578 215.99688720703125 206.9174041748047 247.99880981445312
cat 0.46646607 210.07838439941406 26.84356117248535 245.21031188964844 62.358482360839844
bird 0.43527845 187.9907684326172 83.05317687988281 204.02207946777344 99.00320434570312
dog 0.37870803 136.9349365234375 4.078096389770508 155.91860961914062 22.974679946899414
cat 0.36104602 187.9907684326172 83.05317687988281 204.02207946777344 99.00320434570312
deer 0.29359472 187.95904541015625 83.03766632080078 204.0262451171875 99.02251434326172
cat 0.28501064 175.0576629638672 216.0072479248047 206.93272399902344 247.9647674560547
frog 0.22460106 187.9907684326172 83.05317687988281 204.02207946777344 99.00320434570312
