deer 0.9855455 179.07876586914062 54.957122802734375 214.02346801757812 90.04096984863281
frog 0.9829673 175.01766967773438 210.9718475341797 201.10089111328125 236.9613494873047
airplane 0.98201513 30.026636123657227 45.01141357421875 61.991981506347656 77.07028198242188
airplane 0.9796549 60.072593688964844 116.0228271484375 91.96407318115234 148.12088012695312
bird 0.97345686 63.06015396118164 151.86795043945312 85.02081298828125 173.99966430664062
airplane 0.97093904 186.09115600585938 130.06072998046875 212.04779052734375 156.09786987304688
automobile 0.9705658 33.07062530517578 86.11011505126953 61.930137634277344 114.85552215576172
airplane 0.9561833 18.092771530151367 175.0362091064453 56.02068328857422 213.0660858154297
dog 0.95541465 170.01206970214844 94.21259307861328 195.88014221191406 119.69835662841797
automobile 0.9398227 147.05459594726562 7.024898529052734 184.9676513671875 45.037742614746094
bird 0.9368206 109.04316711425781 21.103862762451172 130.9584503173828 43.05520248413086
airplane 0.93434 151.98789978027344 173.06748962402344 168.01499938964844 188.8904266357422
truck 0.933884 5.005542755126953 6.096121311187744 21.023284912109375 21.998645782470703
cat 0.91741943 147.08042907714844 204.98452758789062 173.12242126464844 231.12664794921875
frog 0.8583138 38.1392707824707 6.019954681396484 63.886104583740234 31.953941345214844
truck 0.7530877 74.02788543701172 19.92770004272461 102.99353790283203 48.93434524536133
automobile 0.68323106 176.15966796875 171.9549102783203 198.05361938476562 193.9811553955078
cat 0.64743453 73.07536315917969 190.1690216064453 104.94720458984375 221.9208221435547
dog 0.35253325 176.15216064453125 172.21005249023438 198.0797119140625 194.01287841796875
frog 0.26497722 72.98736572265625 190.16651916503906 104.97438049316406 221.94105529785156
cat 0.21490502 176.18045043945312 172.16842651367188 198.0728759765625 194.0235595703125
