automobile 0.99001694 87.07058715820312 165.0791015625 108.99093627929688 187.02484130859375
truck 0.98996294 203.0476837158203 116.96253204345703 218.95396423339844 133.01693725585938
cat 0.9892986 199.08139038085938 6.086557388305664 220.98944091796875 28.069791793823242
deer 0.98623466 158.0010223388672 99.0045166015625 193.03111267089844 134.06028747558594
deer 0.984508 100.0684585571289 16.967477798461914 137.96734619140625 54.98887634277344
ship 0.98379683 130.04971313476562 140.10012817382812 165.02127075195312 175.03204345703125
ship 0.9823399 57.0629768371582 15.125984191894531 92.04837036132812 49.981040954589844
deer 0.9803345 80.08833312988281 69.09979248046875 109.13056945800781 98.04913330078125
truck 0.9795338 97.9610595703125 196.03765869140625 129.6555938720703 227.94171142578125
cat 0.97870666 125.06731414794922 68.08148956298828 154.03915405273438 97.02909088134766
dog 0.9757079 144.00411987304688 3.0033206939697266 176.010986328125 35.07286834716797
deer 0.97555435 160.19403076171875 38.865211486816406 188.9288330078125 67.88627624511719
ship 0.9598488 0.06186389923095703 174.9971160888672 31.891151428222656 207.09742736816406
airplane 0.94232 33.17426300048828 168.02230834960938 59.02508544921875 194.0303955078125
cat 0.9262265 4.0665283203125 27.07461166381836 29.8951416015625 53.06013870239258
automobile 0.8920772 24.015825271606445 87.96123504638672 61.98884582519531 125.9281997680664
cat 0.81581146 98.01606750488281 102.9608154296875 124.00228881835938 129.06015014648438
truck 0.44447047 34.00617218017578 198.10035705566406 66.11865997314453 230.02430725097656
automobile 0.4208468 34.00617218017578 198.10035705566406 66.11865997314453 230.02430725097656
ship 0.30632913 33.93745422363281 198.1187744140625 66.09176635742188 230.05465698242188
