dog 0.9906577 77.14582824707031 177.89761352539062 99.02357482910156 199.98171997070312
dog 0.9871081 11.07101821899414 120.02371978759766 33.0588264465332 141.97744750976562
deer 0.9863968 178.067626953125 94.96244049072266 207.0362548828125 124.06610870361328
automobile 0.9847125 51.118873596191406 29.101600646972656 80.0206527709961 58.101966857910156
truck 0.9801423 95.28455352783203 47.9184684753418 127.02530670166016 80.04069519042969
frog 0.97933424 205.0452423095703 150.03196716308594 236.9668731689453 182.11512756347656
truck 0.9758055 29.068675994873047 176.9676513671875 54.98652267456055 203.04855346679688
airplane 0.97534424 43.09416198730469 119.97396087646484 59.04193115234375 135.97265625
frog 0.9745791 166.0894317626953 184.99237060546875 200.97044372558594 219.9324951171875
bird 0.9671259 20.03995132446289 100.95435333251953 35.99685287475586 116.93585968017578
automobile 0.96529317 89.0769271850586 139.03030395507812 127.08647918701172 176.98455810546875
ship 0.96509576 205.03631591796875 34.01918411254883 224.03701782226562 53.015933990478516
airplane 0.95353615 165.08474731445312 16.990232467651367 197.04147338867188 48.94718933105469
automobile 0.9423742 156.0352020263672 142.9880828857422 174.9267120361328 162.0507354736328
frog 0.9371979 210.96836853027344 184.22772216796875 242.84312438964844 215.8984375
truck 0.8916553 3.117727279663086 24.99951934814453 22.032419204711914 44.034820556640625
frog 0.83506274 72.02709197998047 118.02375793457031 90.95128631591797 136.97361755371094
bird 0.810236 56.02787399291992 85.13687896728516 87.98995971679688 117.0232162475586
frog 0.61255616 14.025447845458984 80.0679931640625 33.01904296875 99.02552795410156
airplane 0.47803363 46.013065338134766 153.087890625 68.04078674316406 175.00747680664062
cat 0.44154084 46.01814270019531 153.0634002685547 68.07823944091797 175.01844787597656
cat 0.35378003 14.06225872039795 80.1175765991211 33.08097457885742 98.77606964111328
cat 0.27348164 72.17994689941406 118.06184387207031 90.99440002441406 136.95497131347656
automobile 0.23634988 72.17994689941406 118.06184387207031 90.99440002441406 136.95497131347656
automobile 0.22175291 3.0986242294311523 25.004793167114258 21.97536849975586 44.00730895996094
deer 0.21901321 14.06225872039795 80.1175765991211 33.08097457885742 98.77606964111328
deer 0.21500567 56.09555435180664 85.154052734375 88.00120544433594 116.94523620605469
