truck 0.9876928 171.03488159179688 48.01694869995117 209.00424194335938 86.04428100585938
truck 0.98725903 108.08675384521484 103.07693481445312 130.0586395263672 125.00093078613281
ship 0.9869214 102.07115173339844 154.0156707763672 123.98017883300781 175.8992156982422
frog 0.9835934 9.031339645385742 92.03125 28.047819137573242 111.06767272949219
airplane 0.97615254 134.12728881835938 30.029273986816406 166.03509521484375 62.12620544433594
bird 0.97532076 8.021678924560547 128.008056640625 46.07258987426758 166.00799560546875
frog 0.9748541 206.14630126953125 100.16725158691406 241.00942993164062 134.9236602783203
cat 0.97125703 57.14646911621094 182.0519561767578 86.0013427734375 210.9733428955078
automobile 0.9700742 0.0 7.020772933959961 34.99932098388672 42.022911071777344
automobile 0.96973085 215.02090454101562 3.096005439758301 234.0445556640625 22.000804901123047
truck 0.96234584 140.05218505859375 117.17107391357422 161.96865844726562 139.00799560546875
deer 0.9592593 83.13665771484375 46.101112365722656 109.00392150878906 71.95051574707031
automobile 0.8469794 191.04026794433594 195.12330627441406 222.98793029785156 226.96238708496094
cat 0.83409965 151.7692413330078 159.9718017578125 189.6492462158203 198.26605224609375
cat 0.8261969 14.991127014160156 54.03187942504883 41.043243408203125 79.93013000488281
cat 0.6876909 143.02183532714844 85.12289428710938 162.18150329589844 104.15234375
dog 0.47774202 145.66873168945312 212.810791015625 162.12384033203125 229.38723754882812
deer 0.4148065 143.0171661376953 85.10337829589844 162.0093536376953 104.03727722167969
cat 0.31533885 145.6883544921875 212.77186584472656 162.11019897460938 229.3009796142578
cat 0.27155897 15.934713363647461 209.68948364257812 48.01544189453125 242.05184936523438
truck 0.25741 191.0471649169922 195.10653686523438 223.0618438720703 227.0048828125
airplane 0.23577878 152.01333618164062 160.10012817382812 190.00619506835938 198.06497192382812
frog 0.22769916 143.02183532714844 85.12289428710938 162.18150329589844 104.15234375
