automobile 0.98773515 186.04983520507812 9.964162826538086 207.97552490234375 31.92998695373535
frog 0.98677427 48.90861511230469 63.932411193847656 78.08489990234375 92.9665756225586
deer 0.9855193 56.899070739746094 185.10589599609375 91.9729995727539 220.0699462890625
bird 0.98451746 73.96133422851562 142.02255249023438 106.02236938476562 173.97927856445312
deer 0.98415565 99.98464965820312 44.937294006347656 132.00808715820312 77.08057403564453
frog 0.9836863 101.16251373291016 93.04872131347656 120.0239028930664 111.92472839355469
frog 0.9813555 105.99859619140625 179.93824768066406 137.9532928466797 211.97813415527344
bird 0.97590786 123.03990936279297 4.058683395385742 160.98538208007812 41.99604797363281
bird 0.9725759 175.06268310546875 146.12904357910156 200.9342041015625 172.0282440185547
ship 0.9685073 108.09748840332031 136.0255584716797 145.9972381591797 173.9750518798828
airplane 0.96792156 15.071977615356445 78.05551147460938 47.090087890625 109.96246337890625
ship 0.96131724 206.0781707763672 178.102294921875 231.9357452392578 203.97906494140625
cat 0.9413587 179.10794067382812 60.17182159423828 211.07400512695312 91.94800567626953
deer 0.92490804 55.07615280151367 105.11417388916016 83.99467468261719 133.9535675048828
frog 0.86302954 176.98605346679688 99.33841705322266 211.30816650390625 128.81613159179688
ship 0.8075433 106.01651763916016 215.25857543945312 131.9110870361328 241.02078247070312
cat 0.20887491 106.08043670654297 215.2758026123047 132.02915954589844 241.0122833251953
