truck 0.988737 176.96205139160156 163.1042022705078 196.0087432861328 182.03062438964844
truck 0.98450106 11.026748657226562 13.029292106628418 30.042877197265625 31.963592529296875
frog 0.9838119 55.102718353271484 153.02476501464844 73.96919250488281 172.0270538330078
deer 0.982445 79.08531951904297 20.006025314331055 113.9892807006836 54.97381591796875
bird 0.9808741 7.008634567260742 36.91570281982422 45.047447204589844 75.16551208496094
truck 0.9786918 195.07485961914062 46.08927917480469 233.0262451171875 84.04762268066406
ship 0.9779258 189.08653259277344 98.09077453613281 226.98731994628906 136.01893615722656
deer 0.9758983 120.1087646484375 32.98744201660156 155.10977172851562 68.01872253417969
automobile 0.9747343 130.0702667236328 100.08370971679688 159.05165100097656 129.04971313476562
automobile 0.97242117 4.996121406555176 84.08911895751953 36.95426940917969 116.01937103271484
dog 0.9687767 64.06560516357422 132.04273986816406 80.01355743408203 148.0209197998047
deer 0.96454406 16.924320220947266 187.02951049804688 43.09831619262695 213.09701538085938
deer 0.96323967 152.08119201660156 207.02406311035156 186.93348693847656 242.02577209472656
airplane 0.9524498 76.02729797363281 55.98960876464844 98.02706909179688 78.00790405273438
cat 0.8548305 202.0750732421875 2.0494680404663086 228.00537109375 27.921356201171875
bird 0.5782096 201.05404663085938 201.9749298095703 236.09957885742188 236.9326934814453
automobile 0.4844382 25.02442169189453 145.00885009765625 43.997474670410156 164.03225708007812
ship 0.48055142 201.05404663085938 201.9749298095703 236.09957885742188 236.9326934814453
