airplane 0.98020214 1.0725231170654297 163.0950927734375 39.037025451660156 201.0523681640625
deer 0.97800326 175.99586486816406 82.91081237792969 205.1358184814453 112.044677734375
truck 0.9775332 206.0928192138672 136.9558563232422 238.0507049560547 169.01768493652344
ship 0.9768351 104.06043243408203 193.05654907226562 136.01229858398438 225.03961181640625
cat 0.97183776 44.489601135253906 142.69619750976562 79.23072814941406 177.029052734375
automobile 0.9655063 185.1243896484375 33.97850799560547 220.02255249023438 69.02775573730469
cat 0.9428741 9.151307106018066 92.04302215576172 38.12881851196289 121.02787017822266
dog 0.9426397 101.0263671875 156.0702667236328 135.95681762695312 191.1538848876953
ship 0.934314 49.06627655029297 7.069470405578613 71.06028747558594 29.04935073852539
truck 0.93274844 149.06222534179688 1.0953035354614258 167.95040893554688 20.022132873535156
truck 0.91865456 59.95277404785156 194.00985717773438 85.88055419921875 220.04696655273438
deer 0.9112344 164.02011108398438 185.00306701660156 195.94161987304688 217.0321502685547
cat 0.833984 25.046260833740234 26.071794509887695 44.02127456665039 45.04164123535156
deer 0.8002813 101.98837280273438 38.951141357421875 139.95452880859375 77.07865142822266
cat 0.7640041 141.08155822753906 162.08497619628906 162.9965362548828 184.0314178466797
cat 0.7487603 160.0086212158203 120.07089233398438 178.92930603027344 139.01181030273438
frog 0.73249 210.0367431640625 179.03302001953125 242.03460693359375 211.06393432617188
airplane 0.7111916 121.02633666992188 113.99337768554688 156.0423583984375 149.08779907226562
cat 0.51624274 88.11919403076172 96.07687377929688 117.0992660522461 124.98983764648438
dog 0.5072377 88.11919403076172 96.07687377929688 117.0992660522461 124.98983764648438
bird 0.4116262 210.08587646484375 179.0767364501953 242.03994750976562 211.0536346435547
deer 0.38656148 159.99798583984375 120.12137603759766 178.93789672851562 139.001953125
dog 0.2932836 141.01205444335938 162.07962036132812 163.0234375 184.03390502929688
bird 0.20235121 164.09178161621094 184.99989318847656 195.9816436767578 217.01805114746094
