bird 0.98906547 124.01378631591797 162.0541534423828 143.04156494140625 180.9965057373047
truck 0.9886675 8.014410018920898 204.03355407714844 26.999319076538086 223.0896453857422
ship 0.98572373 208.08384704589844 33.055747985839844 246.00502014160156 71.1268539428711
ship 0.98276836 89.99488067626953 103.08731842041016 108.98316192626953 121.96752166748047
airplane 0.98259836 208.03260803222656 176.00021362304688 245.8962860107422 214.06814575195312
automobile 0.98114663 10.950695991516113 82.97968292236328 27.004940032958984 99.02510833740234
automobile 0.9791659 52.000892639160156 37.92950439453125 81.10924530029297 67.07721710205078
bird 0.9767757 43.0845832824707 71.08293151855469 62.06242752075195 89.96847534179688
deer 0.97662866 115.9637680053711 122.06892395019531 141.990234375 147.9315948486328
truck 0.9765405 46.00628662109375 211.07427978515625 74.96774291992188 239.81521606445312
cat 0.9762794 177.00535583496094 118.96351623535156 209.0808868408203 151.0518035888672
airplane 0.9747434 99.93058013916016 186.03253173828125 137.95065307617188 223.90493774414062
frog 0.96818197 49.995513916015625 139.01876831054688 66.08304595947266 154.97479248046875
frog 0.96588016 20.04227638244629 158.09678649902344 46.08171081542969 183.92311096191406
dog 0.9115593 19.98227310180664 9.003378868103027 46.05172348022461 34.95147705078125
truck 0.86388206 167.02261352539062 169.98251342773438 186.00576782226562 188.98394775390625
cat 0.8211207 157.1708221435547 57.00883865356445 178.9738006591797 79.04533386230469
ship 0.6651913 167.9836883544922 3.1319284439086914 200.1473846435547 34.95323181152344
truck 0.55583847 168.06629943847656 3.1637163162231445 200.10035705566406 35.05073547363281
automobile 0.32667765 166.9135284423828 169.94332885742188 186.04771423339844 188.84335327148438
frog 0.29237783 153.04568481445312 211.90374755859375 188.00762939453125 246.94351196289062
ship 0.26121286 157.09437561035156 56.991600036621094 179.0112762451172 79.10018157958984
truck 0.20984727 157.09437561035156 56.991600036621094 179.0112762451172 79.10018157958984
