automobile 0.9877774 176.02684020996094 3.9472999572753906 194.98524475097656 22.988033294677734
deer 0.9855855 13.055057525634766 110.0948257446289 31.93850326538086 129.07147216796875
airplane 0.98303556 93.0469741821289 87.030517578125 122.07886505126953 115.94371032714844
truck 0.98200595 68.05186462402344 146.962646484375 99.92567443847656 179.04135131835938
automobile 0.97976375 44.039913177490234 71.04253387451172 72.98352813720703 100.03972625732422
dog 0.9784419 196.03004455566406 38.99188995361328 225.03370666503906 67.9358901977539
automobile 0.97656167 116.0039291381836 216.08924865722656 154.07090759277344 253.97178649902344
airplane 0.9734318 140.0933837890625 62.06208801269531 166.0262451171875 87.7957763671875
airplane 0.9724329 141.082763671875 133.09555053710938 159.99288940429688 151.9969482421875
frog 0.9682213 62.11723327636719 21.079444885253906 99.93557739257812 58.97405242919922
dog 0.9654368 200.09323120117188 209.02674865722656 226.08041381835938 234.98707580566406
deer 0.92670596 24.073801040649414 211.06155395507812 43.00984191894531 230.00225830078125
frog 0.9180768 121.05896759033203 140.993408203125 137.07940673828125 156.97817993164062
bird 0.84789276 151.0684356689453 98.07261657714844 177.06007385253906 123.98123168945312
automobile 0.79861027 12.96358585357666 0.6557626724243164 32.03865051269531 19.992721557617188
frog 0.7044498 213.0835723876953 103.00065612792969 231.98570251464844 122.00775146484375
dog 0.62524414 32.95256042480469 124.10447692871094 58.95751953125 149.93748474121094
dog 0.6030427 179.98202514648438 89.03657531738281 199.10015869140625 107.96165466308594
bird 0.57439363 213.966796875 13.04193115234375 230.01168823242188 29.022499084472656
cat 0.45700634 213.966796875 13.04193115234375 230.01168823242188 29.022499084472656
bird 0.35659707 213.07321166992188 103.09014892578125 232.06915283203125 122.04811096191406
deer 0.35028166 179.9790496826172 89.03362274169922 199.0553436279297 107.9743423461914
truck 0.30894655 13.0527982711792 0.6766481399536133 31.994754791259766 20.03894805908203
cat 0.22539327 32.95256042480469 124.10447692871094 58.95751953125 149.93748474121094
airplane 0.22077614 213.98934936523438 13.002239227294922 230.0556640625 29.006465911865234
