bird 0.9919262 163.9957275390625 126.03067016601562 193.0565185546875 154.98190307617188
truck 0.99123687 211.9830322265625 100.99905395507812 230.9630126953125 120.00057983398438
truck 0.9904058 33.015560150146484 30.0277099609375 51.95870590209961 49.04181671142578
truck 0.9889164 12.083605766296387 126.03424072265625 40.96731948852539 155.0963134765625
truck 0.98623884 171.065673828125 52.00106430053711 206.12518310546875 87.04110717773438
automobile 0.9852644 49.076759338378906 84.05198669433594 68.06631469726562 103.01434326171875
deer 0.98507094 141.1299285888672 4.112651824951172 169.95481872558594 32.9444465637207
ship 0.9835975 123.03216552734375 142.02627563476562 139.05154418945312 157.92794799804688
airplane 0.98354036 3.044504165649414 180.00698852539062 41.00446319580078 218.02102661132812
bird 0.97912276 125.97078704833984 56.995445251464844 163.82571411132812 95.02928924560547
ship 0.97751236 56.992401123046875 147.03277587890625 91.938720703125 182.08956909179688
bird 0.9760226 119.02092742919922 3.0891075134277344 137.98475646972656 22.056289672851562
ship 0.9724883 79.98600769042969 205.99127197265625 115.03337097167969 240.9188232421875
frog 0.9549985 127.06998443603516 96.98158264160156 158.9935760498047 128.9850616455078
dog 0.9535368 128.08580017089844 194.06259155273438 166.0441436767578 232.01611328125
ship 0.65228856 177.9866485595703 186.06646728515625 197.0033416748047 205.08209228515625
bird 0.620496 47.121639251708984 54.03862762451172 72.9559555053711 79.9314956665039
dog 0.45128566 47.121639251708984 54.03862762451172 72.9559555053711 79.9314956665039
airplane 0.37622744 200.0392608642578 150.92819213867188 237.9929656982422 189.05584716796875
bird 0.33941823 97.0938491821289 87.09684753417969 118.91454315185547 108.95675659179688
bird 0.27961397 10.113426208496094 54.009002685546875 42.06874465942383 86.06178283691406
deer 0.24642822 10.063669204711914 53.92620086669922 42.10791015625 86.02600860595703
airplane 0.23921767 177.94557189941406 186.06178283691406 196.84507751464844 205.0578155517578
