deer 0.99232215 202.04412841796875 66.06139373779297 224.01589965820312 87.99665069580078
dog 0.98757803 89.1169662475586 69.1480484008789 111.05846405029297 90.99530792236328
frog 0.9824277 106.0576171875 149.03128051757812 125.08067321777344 168.02902221679688
ship 0.97856045 53.0885124206543 79.0465316772461 75.1113052368164 101.02025604248047
ship 0.975294 81.0440673828125 212.0026397705078 116.04347229003906 247.02366638183594
bird 0.9750354 4.023174285888672 59.046810150146484 41.959774017333984 96.97727966308594
cat 0.972534 198.06893920898438 107.09502410888672 233.03427124023438 141.97164916992188
automobile 0.96812147 80.079345703125 172.0461883544922 111.890625 203.42161560058594
frog 0.96353817 172.888671875 157.0139923095703 201.92288208007812 186.0332794189453
cat 0.9172628 177.0428009033203 51.979034423828125 192.9941864013672 68.06326293945312
dog 0.91600204 15.073714256286621 3.0381431579589844 41.00688171386719 28.950424194335938
frog 0.913141 137.9644012451172 77.02168273925781 160.0562286376953 99.05445861816406
automobile 0.91212547 48.008758544921875 25.966100692749023 66.98271942138672 44.99559783935547
cat 0.9055069 127.03907012939453 153.98361206054688 164.9365234375 192.02593994140625
frog 0.80147314 124.99530029296875 21.93112564086914 141.11282348632812 38.0584716796875
automobile 0.7997962 36.01536560058594 139.03648376464844 62.09996032714844 165.0144805908203
frog 0.76890576 128.8431854248047 107.19746398925781 147.2774200439453 126.54853820800781
cat 0.7125737 25.013708114624023 171.02708435058594 53.9964599609375 200.06044006347656
bird 0.60035723 200.1208038330078 15.99936294555664 238.0102081298828 53.99860763549805
ship 0.55914277 71.95852661132812 109.19823455810547 93.89532470703125 131.0224609375
frog 0.47972992 72.10572814941406 109.18678283691406 93.96961975097656 131.0119171142578
frog 0.45414543 200.17507934570312 15.951498031616211 237.73098754882812 53.91670227050781
frog 0.29018438 36.01536560058594 139.03648376464844 62.09996032714844 165.0144805908203
bird 0.2561871 71.95852661132812 109.19823455810547 93.89532470703125 131.0224609375
deer 0.21607772 126.7646255493164 154.00167846679688 165.0693817138672 192.00921630859375
