bird 0.984052 93.16148376464844 212.9697265625 131.0126495361328 251.01132202148438
automobile 0.9839735 26.024765014648438 38.089820861816406 44.95807647705078 57.02674102783203
airplane 0.98058224 64.10617065429688 103.07496643066406 86.03604125976562 125.03660583496094
bird 0.9780141 160.05604553222656 6.000918388366699 179.04429626464844 25.048900604248047
truck 0.977074 163.06593322753906 202.9813232421875 194.95838928222656 234.997802734375
cat 0.9770391 99.14998626708984 103.08365631103516 127.90763092041016 131.87998962402344
automobile 0.97598 6.073282241821289 184.05393981933594 44.00746154785156 222.0132293701172
ship 0.9736436 55.00883865356445 207.9960479736328 89.89826965332031 243.05174255371094
truck 0.9694585 192.03074645996094 182.0135498046875 211.0441436767578 201.16287231445312
bird 0.9683727 77.00231170654297 134.98931884765625 93.00897979736328 150.99575805664062
truck 0.967233 200.0148162841797 205.04910278320312 232.0426483154297 236.97454833984375
bird 0.9604697 191.1016387939453 102.01033020019531 226.0491180419922 137.0213623046875
dog 0.95431626 136.02540588378906 32.9190673828125 168.06581115722656 65.01221466064453
cat 0.89798814 19.958641052246094 124.92033386230469 57.928306579589844 163.07691955566406
frog 0.8681182 73.00945281982422 36.168636322021484 104.98934173583984 67.90010070800781
truck 0.85898924 100.01020050048828 161.06915283203125 118.95819854736328 180.0181884765625
dog 0.68672013 23.011960983276367 70.98762512207031 49.05201721191406 97.09408569335938
frog 0.48571688 100.04402923583984 161.0798797607422 119.00000762939453 180.1005096435547
cat 0.253188 23.029354095458984 70.95577239990234 48.98381423950195 97.0836410522461
