bird 0.9817131 182.08482360839844 163.08932495117188 208.03416442871094 188.99179077148438
airplane 0.9814824 125.06717681884766 144.06141662597656 160.00070190429688 179.0963897705078
ship 0.98034966 88.04827880859375 78.01737976074219 120.14007568359375 110.07164001464844
dog 0.9770254 175.98809814453125 6.033984184265137 205.05517578125 35.06298828125
automobile 0.97441113 19.022754669189453 105.07357788085938 45.11739730834961 130.9734649658203
truck 0.97120684 66.0443115234375 4.131845474243164 94.86968994140625 33.06981658935547
truck 0.97031987 71.99512481689453 208.11068725585938 98.06731414794922 234.02072143554688
truck 0.9684192 149.96893310546875 104.03890991210938 169.05166625976562 123.09701538085938
airplane 0.96312916 96.02461242675781 8.083643913269043 124.88880920410156 36.886932373046875
cat 0.95533335 187.06723022460938 102.1182861328125 222.08380126953125 137.05662536621094
deer 0.9489087 121.94567108154297 101.1526107788086 148.17147827148438 127.15161895751953
cat 0.9027095 63.11737060546875 126.124267578125 91.96932983398438 155.02737426757812
cat 0.8946252 186.00668334960938 54.03982925415039 224.2747802734375 92.04315185546875
cat 0.75073755 133.9058837890625 51.91130065917969 163.00228881835938 80.65090942382812
deer 0.6517643 15.030245780944824 58.01154327392578 37.062232971191406 80.0002670288086
airplane 0.4649272 15.035962104797363 58.049861907958984 37.04741287231445 80.04139709472656
cat 0.46149847 39.9920539855957 35.97011184692383 65.94486236572266 62.04301071166992
bird 0.25207153 133.8858184814453 51.932884216308594 163.0237579345703 80.66121673583984
ship 0.22313568 15.030245780944824 58.01154327392578 37.062232971191406 80.0002670288086
deer 0.21639216 182.03912353515625 201.15977478027344 200.97796630859375 219.90379333496094
