truck 0.9836867 64.04059600830078 208.04115295410156 92.95926666259766 237.0031280517578
frog 0.9831711 183.0897216796875 28.103130340576172 201.98175048828125 47.063053131103516
automobile 0.98239243 53.024253845214844 10.038352012634277 84.99878692626953 42.02791213989258
truck 0.982087 91.0572738647461 54.081199645996094 110.0533218383789 73.0287094116211
ship 0.97768116 133.088623046875 19.03751564025879 168.07028198242188 53.83595275878906
deer 0.9711522 106.97305297851562 190.21116638183594 138.92056274414062 221.90870666503906
airplane 0.97098935 64.03413391113281 167.0057373046875 79.97474670410156 182.9892578125
frog 0.97079015 19.087045669555664 163.27565002441406 53.96778869628906 198.0233917236328
airplane 0.9670299 167.08351135253906 105.98267364501953 196.03114318847656 135.0749053955078
dog 0.9598541 150.05477905273438 190.1015167236328 171.951416015625 212.0093536376953
automobile 0.9566987 44.10907745361328 58.067100524902344 82.00276184082031 96.0458755493164
ship 0.9190661 182.05401611328125 156.9766845703125 210.96463012695312 186.09442138671875
automobile 0.8286113 88.10594177246094 7.0698442459106445 107.09413146972656 25.932994842529297
bird 0.66025734 183.0324249267578 209.13816833496094 204.9824981689453 231.0318145751953
dog 0.6540693 8.993892669677734 120.10995483398438 46.98042678833008 157.98367309570312
automobile 0.51876605 189.05364990234375 81.05087280273438 208.01190185546875 99.9381103515625
bird 0.47529113 111.12525939941406 94.0274429321289 136.99853515625 119.9760513305664
truck 0.41400215 189.11947631835938 81.01188659667969 207.9366455078125 99.92555236816406
cat 0.39212176 9.050552368164062 120.06353759765625 46.97614288330078 157.98736572265625
ship 0.38676876 189.11947631835938 81.01188659667969 207.9366455078125 99.92555236816406
cat 0.35155997 111.0765380859375 94.01587677001953 137.0054473876953 119.96111297607422
airplane 0.33973533 88.04088592529297 7.111720085144043 107.10803985595703 25.922813415527344
airplane 0.28494453 189.11947631835938 81.01188659667969 207.9366455078125 99.92555236816406
ship 0.27304608 183.00164794921875 209.09027099609375 205.01699829101562 231.10623168945312
truck 0.22948092 182.96768188476562 209.1619110107422 205.13601684570312 231.11842346191406
