automobile 0.9825218 179.05685424804688 198.99880981445312 214.05438232421875 233.9267578125
deer 0.9790194 26.061580657958984 78.01956176757812 55.02718734741211 106.98457336425781
frog 0.97799665 93.05986785888672 149.0414581298828 130.9840850830078 186.93223571777344
dog 0.9749987 164.1179656982422 162.14688110351562 192.9929962158203 190.99224853515625
dog 0.97192156 206.05247497558594 155.0706329345703 240.93763732910156 189.9968719482422
deer 0.9719196 182.0733642578125 9.994495391845703 208.064208984375 35.9273567199707
bird 0.9693892 135.99102783203125 83.16568756103516 162.082763671875 108.95430755615234
airplane 0.968387 88.98106384277344 46.11064529418945 104.99934387207031 62.04099655151367
dog 0.9588269 96.17526245117188 205.1336212158203 133.98013305664062 242.93605041503906
bird 0.9571787 69.12693786621094 91.19435119628906 107.00801086425781 129.2920684814453
bird 0.9554813 30.026763916015625 8.022216796875 67.97408294677734 45.94584274291992
frog 0.89109784 75.1297836303711 7.135009765625 112.9439926147461 44.96162033081055
cat 0.85773313 117.07855224609375 34.01011657714844 133.01611328125 50.00543975830078
dog 0.8360282 4.99458122253418 181.01817321777344 39.91563415527344 215.9348602294922
frog 0.7894202 56.01008605957031 196.0322265625 94.02742004394531 234.00018310546875
frog 0.68187803 134.06744384765625 123.04695892333984 165.989013671875 155.0941162109375
airplane 0.57481796 180.04080200195312 118.01791381835938 208.99826049804688 147.05191040039062
truck 0.5323748 180.0062713623047 118.02833557128906 208.9619598388672 147.0784149169922
bird 0.4031986 134.06744384765625 123.04695892333984 165.989013671875 155.0941162109375
automobile 0.39564967 74.82109069824219 7.405235290527344 112.85887145996094 44.93776321411133
deer 0.22141135 134.1251220703125 123.068359375 165.91912841796875 154.988037109375
automobile 0.20488396 117.07465362548828 33.962669372558594 133.05300903320312 49.98296356201172
cat 0.2013247 55.972206115722656 196.0040283203125 94.07190704345703 234.0208740234375
