automobile 0.9853165 3.0521020889282227 176.8724365234375 32.01777267456055 205.92230224609375
bird 0.9819093 101.00181579589844 161.0152587890625 133.0333709716797 192.9898681640625
truck 0.9817452 64.02951049804688 142.9170379638672 90.09187316894531 168.9867401123047
frog 0.9804324 184.02920532226562 73.02510833740234 203.07818603515625 92.00511932373047
bird 0.98013544 30.06704330444336 89.04238891601562 52.0298957824707 111.056884765625
frog 0.9774835 97.99835205078125 80.96827697753906 135.9911651611328 118.99078369140625
bird 0.9771706 131.962646484375 33.01525115966797 164.01077270507812 65.02704620361328
airplane 0.97462267 16.96875 139.03231811523438 48.96796417236328 170.96212768554688
dog 0.97069407 140.09408569335938 112.10701751708984 166.04339599609375 138.01304626464844
frog 0.9692359 210.0540771484375 114.94160461425781 231.98779296875 137.06417846679688
ship 0.96590614 115.94509887695312 199.949462890625 154.04147338867188 237.98876953125
truck 0.95451903 61.19111633300781 79.9942626953125 93.12667846679688 111.86866760253906
airplane 0.9508871 205.08139038085938 78.02281951904297 239.95840454101562 113.0174331665039
cat 0.9502125 65.16527557373047 28.00400733947754 102.93682098388672 66.00533294677734
truck 0.92336416 38.99558639526367 195.04000854492188 58.07382583618164 214.022705078125
cat 0.9132266 211.00137329101562 204.01202392578125 245.99960327148438 239.06436157226562
dog 0.89806837 191.10472106933594 168.00735473632812 226.08421325683594 202.8988037109375
bird 0.87612283 181.99087524414062 48.077598571777344 200.99667358398438 67.07514953613281
airplane 0.20851576 38.88052749633789 195.0205535888672 58.07081985473633 213.9774627685547
