truck 0.9880911 45.163211822509766 28.02155303955078 66.96922302246094 50.028526306152344
ship 0.9787756 3.0790977478027344 50.056392669677734 41.02019119262695 87.97505187988281
automobile 0.97872734 85.0621337890625 1.9197702407836914 110.95231628417969 27.973243713378906
truck 0.97860897 22.15915298461914 94.056396484375 48.01187515258789 119.95108032226562
deer 0.9767915 134.0522003173828 149.99591064453125 156.00465393066406 172.06265258789062
dog 0.9737897 152.0386962890625 50.072959899902344 181.07583618164062 78.96649932861328
truck 0.97088724 40.96223449707031 199.0101318359375 73.0254135131836 231.02066040039062
bird 0.97049147 117.04634094238281 88.94381713867188 155.07542419433594 127.02313232421875
ship 0.97000253 175.00807189941406 5.03958797454834 204.05772399902344 34.02082824707031
cat 0.9667615 206.07540893554688 26.08126449584961 235.00299072265625 54.90999984741211
ship 0.9657419 163.9530792236328 84.92926788330078 193.01548767089844 114.15540313720703
truck 0.9608617 13.009636878967285 187.07997131347656 38.933013916015625 213.0262908935547
bird 0.959684 42.93834686279297 131.09982299804688 81.1063461303711 169.10830688476562
dog 0.9473733 215.05032348632812 94.02511596679688 247.04373168945312 126.02590942382812
dog 0.93958473 214.97451782226562 216.08180236816406 253.1676025390625 253.8579559326172
ship 0.9320291 113.0202865600586 20.974586486816406 128.95372009277344 36.97945785522461
frog 0.84680414 67.03459167480469 70.02346801757812 83.04327392578125 86.02883911132812
bird 0.59507906 100.20743560791016 191.1674346923828 119.11231231689453 209.9913787841797
truck 0.4810523 100.0769271850586 191.02574157714844 119.0842056274414 209.9599151611328
airplane 0.244795 67.04154205322266 69.99261474609375 83.0438461303711 86.03929138183594
airplane 0.21109077 100.20743560791016 191.1674346923828 119.11231231689453 209.9913787841797
