truck 0.9882065 86.0067138671875 137.94761657714844 102.02987670898438 153.9675750732422
automobile 0.98325634 22.053049087524414 193.01486206054688 54.074188232421875 224.95220947265625
airplane 0.9829592 198.0803680419922 199.01251220703125 226.96519470214844 227.95538330078125
automobile 0.9824724 65.03588104248047 19.994327545166016 97.0788345336914 52.09629440307617
truck 0.979709 59.11760711669922 208.0373992919922 96.98343658447266 245.98497009277344
airplane 0.97735995 63.13117218017578 69.96429443359375 101.02759552001953 108.10971069335938
bird 0.9761617 11.989814758300781 83.0387191772461 47.037193298339844 118.0915756225586
ship 0.97514534 198.03334045410156 99.17886352539062 233.0252227783203 134.12071228027344
dog 0.9661002 189.07736206054688 19.91130828857422 224.00009155273438 55.077598571777344
dog 0.95595014 157.0539093017578 158.6729736328125 195.0464630126953 197.10391235351562
ship 0.95508534 31.071514129638672 33.082122802734375 56.99989700317383 59.064048767089844
cat 0.8027464 159.12417602539062 136.32960510253906 178.18582153320312 155.3029327392578
airplane 0.739562 108.96658325195312 215.1611328125 143.96754455566406 249.98538208007812
deer 0.6676016 31.156051635742188 155.05783081054688 63.21753692626953 187.06240844726562
cat 0.6011745 200.0924530029297 75.04485321044922 218.97608947753906 94.05779266357422
dog 0.5810765 109.09239959716797 30.18661880493164 130.9556884765625 52.1025276184082
ship 0.51827604 3.1391677856445312 34.04146194458008 25.00405502319336 55.96615982055664
deer 0.4174745 3.1109485626220703 34.034454345703125 25.01502227783203 55.94255828857422
cat 0.3587672 109.05245971679688 30.121196746826172 131.04273986816406 52.01811599731445
deer 0.29395008 200.0530548095703 75.023193359375 219.0295867919922 94.0283203125
automobile 0.22372037 146.1132354736328 88.0633544921875 181.1455535888672 122.91595458984375
