truck 0.9840224 137.07798767089844 154.05764770507812 159.07810974121094 176.01190185546875
ship 0.97924304 63.076499938964844 152.10958862304688 100.97867584228516 190.03875732421875
airplane 0.97863746 99.0771255493164 76.0367660522461 121.0112533569336 98.0284652709961
automobile 0.97647834 182.03953552246094 54.05083465576172 213.97142028808594 86.09282684326172
truck 0.97569525 131.05125427246094 47.98015594482422 168.9821319580078 85.99829864501953
automobile 0.974587 136.037353515625 7.116147994995117 173.95526123046875 44.934242248535156
truck 0.97285104 6.037289142608643 50.01410675048828 22.030866622924805 66.0435791015625
ship 0.97115856 199.0764617919922 137.05807495117188 231.01719665527344 168.98956298828125
ship 0.971105 163.10585021972656 101.08781433105469 182.01161193847656 120.00137329101562
ship 0.97034883 127.07157897949219 195.07290649414062 146.0346221923828 213.98171997070312
cat 0.9690883 124.99179077148438 108.00523376464844 144.01504516601562 127.07157897949219
bird 0.96808755 187.12872314453125 18.067258834838867 213.04156494140625 44.04620361328125
airplane 0.9628943 24.00543212890625 19.106353759765625 43.05162048339844 37.9925651550293
truck 0.9606768 32.05449295043945 193.0985565185547 70.11697387695312 230.95994567871094
bird 0.93563354 39.92366027832031 116.01469421386719 58.95616912841797 135.12139892578125
frog 0.9333179 19.025577545166016 117.02792358398438 37.97339630126953 135.95542907714844
truck 0.89680016 80.01856231689453 27.100343704223633 118.0121078491211 65.01564025878906
dog 0.6501081 93.97161102294922 116.07093048095703 120.09076690673828 142.0256805419922
deer 0.6311343 158.11880493164062 179.9830322265625 193.03207397460938 215.03054809570312
cat 0.42611194 35.0427131652832 87.03266906738281 57.06608200073242 109.05970764160156
deer 0.29508123 93.99226379394531 116.14399719238281 120.08653259277344 141.8582000732422
bird 0.29107928 158.099853515625 180.07440185546875 193.01504516601562 215.09857177734375
bird 0.27684942 93.99226379394531 116.14399719238281 120.08653259277344 141.8582000732422
frog 0.27192765 158.0591583251953 179.97549438476562 193.0503387451172 215.01025390625
