ship 0.988276 29.10327911376953 144.0834197998047 51.03789520263672 166.11045837402344
truck 0.9850141 7.977016448974609 163.01145935058594 24.023849487304688 179.09535217285156
airplane 0.98398876 115.08446502685547 119.04460144042969 153.0005645751953 156.98240661621094
frog 0.9816894 173.05389404296875 204.03805541992188 201.98477172851562 233.07937622070312
bird 0.9786731 173.0956573486328 75.03176879882812 211.06236267089844 113.02621459960938
ship 0.9740759 45.108680725097656 2.0341949462890625 67.00698852539062 24.02145004272461
deer 0.9689643 16.086835861206055 94.0579605102539 41.98865509033203 119.91950225830078
ship 0.9677616 70.01823425292969 189.0052032470703 86.01962280273438 204.9630584716797
cat 0.9636953 147.01998901367188 45.105873107910156 169.01205444335938 67.0450210571289
dog 0.9560411 215.01535034179688 18.05764389038086 247.0325927734375 49.97196578979492
dog 0.9198836 177.04110717773438 31.051876068115234 196.0416259765625 50.00838851928711
cat 0.82050633 60.084781646728516 123.95478057861328 95.07034301757812 159.0537567138672
frog 0.66208994 163.09039306640625 115.98330688476562 179.02239990234375 131.95433044433594
deer 0.56023186 102.97027587890625 27.112668991088867 129.03594970703125 53.04191589355469
bird 0.47842532 103.047607421875 27.05472755432129 129.03750610351562 53.06346130371094
bird 0.3628949 163.07089233398438 115.96320343017578 178.98684692382812 131.99783325195312
cat 0.28021505 186.0553741455078 147.17840576171875 204.9650115966797 165.99887084960938
dog 0.22575372 60.10105895996094 124.01954650878906 95.06019592285156 159.10337829589844
bird 0.21079987 186.0845489501953 147.0777587890625 204.9673614501953 165.94705200195312
