frog 0.98806465 189.1091766357422 113.02651977539062 218.0043182373047 142.050537109375
ship 0.9868063 123.0677490234375 67.1041259765625 145.0185546875 89.01396179199219
truck 0.9854688 69.0684814453125 77.07342529296875 97.97401428222656 105.99427795410156
frog 0.98413146 61.090579986572266 200.94976806640625 87.02957153320312 226.93911743164062
frog 0.97935826 83.10738372802734 41.04970932006836 115.11357879638672 73.04168701171875
automobile 0.9791224 114.09910583496094 101.08763122558594 148.97389221191406 136.04522705078125
automobile 0.97857344 191.10923767089844 68.29712677001953 223.0795135498047 99.97745513916016
automobile 0.9764744 127.11955261230469 27.067977905273438 159.05943298339844 59.047332763671875
automobile 0.97541106 189.04940795898438 162.9019775390625 218.01718139648438 192.02468872070312
airplane 0.9709941 2.0485401153564453 187.16712951660156 24.00722312927246 209.01210021972656
cat 0.812137 35.071998596191406 133.17218017578125 70.02037811279297 167.946533203125
cat 0.63220346 197.03036499023438 3.0737457275390625 234.95156860351562 40.76133728027344
frog 0.59163374 143.16184997558594 203.98741149902344 172.01551818847656 232.9035186767578
bird 0.55513275 108.05503845214844 169.0298614501953 137.00592041015625 197.95603942871094
deer 0.54305357 197.0537109375 3.1183414459228516 235.042724609375 40.975669860839844
bird 0.5331711 43.06548309326172 15.997862815856934 68.97688293457031 41.872554779052734
frog 0.50735086 43.082027435302734 16.003353118896484 68.96281433105469 41.960601806640625
cat 0.4388424 108.07656860351562 169.02198791503906 137.02432250976562 198.00953674316406
dog 0.4081254 143.16880798339844 204.05361938476562 172.00355529785156 232.96453857421875
bird 0.3038305 5.039894104003906 33.00872039794922 40.07637023925781 68.09315490722656
frog 0.21293753 35.065887451171875 133.19647216796875 70.03889465332031 167.96963500976562
