truck 0.98585856 25.081260681152344 95.97930145263672 54.06279754638672 125.01927947998047
automobile 0.98245287 155.96270751953125 195.0089111328125 187.91921997070312 227.01080322265625
deer 0.9816319 106.08631896972656 181.06878662109375 143.9369354248047 218.98947143554688
truck 0.98105204 211.12742614746094 206.07383728027344 233.0210723876953 228.0433807373047
ship 0.9807776 208.04310607910156 30.955656051635742 226.9872283935547 50.06103515625
bird 0.97940147 144.02870178222656 109.12185668945312 170.0321502685547 135.09996032714844
frog 0.97857654 140.02548217773438 48.05853271484375 159.0875244140625 66.99913024902344
cat 0.9766286 161.98692321777344 71.06425476074219 184.0357208251953 93.04032897949219
bird 0.96659863 4.978660583496094 50.985626220703125 43.051483154296875 89.08821105957031
bird 0.95722 103.00818634033203 52.00286865234375 137.8160400390625 86.94377136230469
deer 0.9540951 215.06910705566406 169.0511932373047 237.0145721435547 191.0743865966797
cat 0.8859332 78.01834869384766 120.93626403808594 104.0578842163086 146.9899444580078
dog 0.7888757 7.170339584350586 192.881103515625 41.96726989746094 228.01910400390625
cat 0.7298428 79.02651977539062 98.01907348632812 101.03070068359375 120.0557861328125
airplane 0.6492363 119.02491760253906 100.99925994873047 137.98109436035156 119.99613189697266
ship 0.58639866 119.0307388305664 100.99989318847656 138.000732421875 119.97999572753906
truck 0.58163416 190.997314453125 1.0186567306518555 209.92535400390625 20.01784896850586
automobile 0.44310912 190.997314453125 1.0186567306518555 209.92535400390625 20.01784896850586
bird 0.375041 177.00221252441406 168.06507873535156 196.06138610839844 186.9687042236328
dog 0.31983215 78.95867919921875 97.97986602783203 101.04899597167969 120.00240325927734
cat 0.20215192 7.100160598754883 192.89308166503906 41.92002868652344 227.9587860107422
