automobile 0.9849029 110.01611328125 22.06113052368164 132.0052947998047 44.10829544067383
frog 0.98290396 36.18603515625 39.018951416015625 65.02220916748047 67.94287872314453
ship 0.980475 90.04467010498047 45.15218734741211 119.07303619384766 73.91764068603516
cat 0.97494364 201.1226806640625 154.02694702148438 239.05422973632812 192.04550170898438
truck 0.9737952 40.10041427612305 128.037841796875 66.01416015625 153.92974853515625
automobile 0.9726821 195.0198974609375 101.0046157836914 214.0672607421875 120.04480743408203
bird 0.97223175 181.0430145263672 17.015949249267578 209.97340393066406 46.01210021972656
frog 0.9692452 64.93710327148438 207.06947326660156 103.03909301757812 245.06312561035156
ship 0.9657969 149.02301025390625 63.976036071777344 187.12850952148438 101.76029205322266
dog 0.9499724 104.96051025390625 190.1105194091797 120.91389465332031 205.99855041503906
airplane 0.9299197 0.02584552764892578 35.05487823486328 28.925201416015625 64.02774810791016
frog 0.91444945 193.98280334472656 207.0929412841797 220.07322692871094 233.23194885253906
bird 0.8546227 123.18060302734375 176.94435119628906 157.85284423828125 212.1228485107422
truck 0.8503748 120.04832458496094 136.04779052734375 139.0376739501953 154.978759765625
frog 0.74346507 81.03459167480469 94.10626220703125 102.99375915527344 116.04336547851562
automobile 0.67648935 27.172399520874023 200.05093383789062 62.092872619628906 234.97018432617188
airplane 0.5296788 120.04645538330078 136.05101013183594 139.06326293945312 155.10951232910156
cat 0.45088717 166.18675231933594 103.10428619384766 191.81971740722656 129.05995178222656
truck 0.40455982 27.11697006225586 200.0185089111328 62.07503890991211 234.9849395751953
bird 0.33408788 166.18675231933594 103.10428619384766 191.81971740722656 129.05995178222656
airplane 0.31853968 166.00076293945312 103.06954956054688 191.84506225585938 129.12802124023438
dog 0.2876404 81.04258728027344 94.08793640136719 103.01707458496094 116.04733276367188
frog 0.21496788 166.18675231933594 103.10428619384766 191.81971740722656 129.05995178222656
cat 0.2147319 81.03512573242188 94.11277770996094 102.99496459960938 116.06556701660156
