truck 0.9873148 95.09976196289062 140.0453338623047 116.9835205078125 162.0264129638672
ship 0.9838902 3.0600318908691406 214.00938415527344 41.028045654296875 252.06626892089844
automobile 0.97780526 184.04522705078125 131.98001098632812 221.99307250976562 169.95574951171875
automobile 0.97628784 143.03829956054688 3.0823936462402344 174.962890625 34.99877166748047
airplane 0.976043 36.09510040283203 18.013437271118164 54.976402282714844 36.98139190673828
dog 0.9741308 204.1361083984375 195.1790313720703 239.07757568359375 229.96424865722656
airplane 0.97216314 56.92975997924805 4.12358283996582 88.96754455566406 36.03900909423828
deer 0.96952564 120.04166412353516 20.086959838867188 139.1085662841797 39.0396842956543
airplane 0.9678761 191.08192443847656 92.95867156982422 217.09300231933594 119.06658172607422
ship 0.96605825 69.98638916015625 66.07593536376953 107.99613952636719 104.0610580444336
dog 0.96296215 6.027116775512695 85.07972717285156 43.92267608642578 122.98483276367188
frog 0.96019435 74.98316192626953 165.8505859375 93.97539520263672 185.031494140625
bird 0.9520583 90.0328369140625 188.01344299316406 128.01622009277344 226.0759735107422
cat 0.8786006 125.09668731689453 91.08185577392578 151.11245727539062 117.05767059326172
dog 0.7760565 45.1668701171875 126.0401382446289 83.10614013671875 164.04464721679688
automobile 0.7388207 128.1044921875 122.02814483642578 165.900146484375 159.96051025390625
cat 0.5497583 153.0115203857422 75.01049041748047 169.0078582763672 91.02066802978516
frog 0.5300546 22.356801986694336 45.036502838134766 59.86370849609375 82.69586181640625
cat 0.47995308 44.942039489746094 126.25230407714844 83.24512481689453 163.8566436767578
dog 0.4003737 153.0115203857422 75.01049041748047 169.0078582763672 91.02066802978516
bird 0.39336047 22.126066207885742 45.019676208496094 59.925140380859375 82.94366455078125
cat 0.36695266 206.1605987548828 25.897090911865234 231.71510314941406 58.235286712646484
cat 0.3664549 22.07295799255371 44.99384307861328 59.948829650878906 82.95262908935547
frog 0.24347013 152.97976684570312 75.00750732421875 169.01126098632812 90.96638488769531
