truck 0.9867548 150.0315704345703 69.01168060302734 169.05653381347656 87.92960357666016
truck 0.9858731 214.1058349609375 107.04562377929688 245.99905395507812 138.964599609375
automobile 0.98501635 12.040239334106445 114.93901062011719 33.919677734375 137.03904724121094
truck 0.9820473 134.08363342285156 27.138307571411133 160.0133819580078 53.14331817626953
airplane 0.9784736 65.04328155517578 174.05783081054688 83.98230743408203 193.01858520507812
ship 0.9755087 125.08853912353516 196.03041076660156 157.00547790527344 227.99290466308594
bird 0.974813 173.0521240234375 198.0889892578125 202.19137573242188 226.98089599609375
ship 0.9729916 43.06614685058594 30.057424545288086 78.14934539794922 64.92143249511719
airplane 0.9712652 21.015323638916016 210.0247039794922 47.00057601928711 235.98399353027344
deer 0.97028697 109.1379165649414 112.05183410644531 131.05874633789062 134.07037353515625
bird 0.9637252 84.03458404541016 15.050639152526855 112.9107437133789 44.03571319580078
deer 0.9552315 189.11526489257812 51.099857330322266 214.95535278320312 77.06954956054688
ship 0.95223385 211.07386779785156 11.113408088684082 237.01747131347656 37.025848388671875
bird 0.9471824 76.98963928222656 114.06928253173828 106.14503479003906 143.08409118652344
frog 0.9256796 206.046142578125 205.00804138183594 238.09619140625 236.92930603027344
deer 0.7985897 172.9606170654297 86.93159484863281 189.0127716064453 102.98481750488281
truck 0.6043488 19.990924835205078 165.08587646484375 39.043643951416016 183.92861938476562
truck 0.5720583 80.22472381591797 64.75929260253906 101.9719467163086 86.15786743164062
dog 0.5456218 80.14979553222656 64.85798645019531 102.00732421875 86.164306640625
cat 0.5407992 20.034618377685547 165.0827178955078 39.0460319519043 183.9183807373047
