bird 0.9900607 107.06346893310547 138.96070861816406 136.01568603515625 168.04420471191406
automobile 0.9837259 54.158199310302734 154.0729522705078 73.01579284667969 173.0236358642578
frog 0.9828278 169.02938842773438 209.14581298828125 198.1282958984375 238.00607299804688
airplane 0.9825685 209.96405029296875 49.04859161376953 247.93255615234375 87.03900909423828
truck 0.9806216 12.11099624633789 190.06716918945312 49.99993896484375 228.02227783203125
truck 0.9798176 54.034507751464844 61.00267791748047 82.9903335571289 89.99858856201172
bird 0.9791543 92.05313110351562 54.00666046142578 123.90719604492188 86.07144927978516
frog 0.97514486 205.0603790283203 212.0155029296875 223.91355895996094 231.05853271484375
ship 0.97372866 78.0234603881836 171.02053833007812 107.01500701904297 200.06838989257812
automobile 0.9695641 52.213172912597656 9.024913787841797 86.94666290283203 44.063072204589844
bird 0.9667223 127.0830078125 102.07400512695312 162.03326416015625 137.03408813476562
deer 0.94866836 162.0508270263672 169.01364135742188 184.13987731933594 191.02392578125
frog 0.8603358 16.06092643737793 19.008319854736328 51.03882598876953 54.01646041870117
dog 0.6815879 57.005096435546875 117.13955688476562 88.783447265625 149.03936767578125
ship 0.6353277 185.0859375 173.04734802246094 219.93466186523438 208.1593475341797
bird 0.6280138 118.98502349853516 216.0164337158203 138.0056915283203 234.91685485839844
truck 0.58481777 165.1139373779297 85.0557861328125 202.8992462158203 123.02876281738281
airplane 0.52880394 165.13919067382812 84.76002502441406 202.91653442382812 122.62356567382812
deer 0.46758175 119.02576446533203 216.0328369140625 138.03762817382812 235.00579833984375
dog 0.37824568 185.2361602783203 173.12554931640625 219.94581604003906 208.04953002929688
cat 0.31479222 185.0859375 173.04734802246094 219.93466186523438 208.1593475341797
cat 0.2805109 57.00798034667969 117.0306396484375 88.83856201171875 149.0418701171875
automobile 0.222713 165.13919067382812 84.76002502441406 202.91653442382812 122.62356567382812
