deer 0.98598075 204.99295043945312 203.01458740234375 237.01596069335938 234.93295288085938
frog 0.9834857 83.02339172363281 82.98090362548828 102.03697204589844 102.0583724975586
frog 0.9831531 173.09864807128906 140.1142120361328 194.9912872314453 162.06724548339844
frog 0.98022115 25.097148895263672 71.1240234375 56.996517181396484 103.08592224121094
airplane 0.97986114 183.08779907226562 111.98245239257812 205.07867431640625 134.05934143066406
ship 0.979331 65.10467529296875 137.07308959960938 97.06198120117188 168.96502685546875
truck 0.9791608 159.01220703125 12.983987808227539 175.050048828125 29.020475387573242
ship 0.978477 11.001836776733398 108.06971740722656 42.945579528808594 139.98983764648438
ship 0.97642684 20.056962966918945 165.00570678710938 58.091087341308594 202.99737548828125
truck 0.9738976 136.02207946777344 155.11766052246094 170.9308624267578 189.98789978027344
cat 0.9472308 109.01100158691406 12.965147018432617 125.06925964355469 29.0164737701416
cat 0.72923946 174.93832397460938 33.055572509765625 213.1939697265625 71.02410125732422
deer 0.67853916 190.10594177246094 163.83688354492188 206.0559539794922 179.96978759765625
cat 0.60096925 38.13010025024414 210.13906860351562 72.97344970703125 244.99652099609375
cat 0.5920833 165.05043029785156 210.1172332763672 197.0094757080078 241.99717712402344
deer 0.40148178 165.0797576904297 210.12319946289062 196.9706573486328 241.9969482421875
dog 0.34458637 38.10795974731445 210.09483337402344 73.01557922363281 245.0569305419922
cat 0.32618588 36.12614822387695 28.0754337310791 71.02886962890625 62.99993133544922
dog 0.30458137 175.0089874267578 32.89459228515625 213.0383758544922 71.12859344482422
bird 0.2920537 36.083251953125 28.030887603759766 71.05939483642578 62.9787712097168
dog 0.2502365 36.0842170715332 28.05715560913086 71.07304382324219 62.94992446899414
