airplane 0.9838835 20.03838348388672 178.02694702148438 54.93274688720703 213.0084228515625
ship 0.981426 64.00956726074219 116.99177551269531 101.9801025390625 155.1175079345703
frog 0.980319 137.07192993164062 199.95440673828125 163.03329467773438 226.05889892578125
bird 0.9775342 51.04048156738281 85.06365966796875 79.93435668945312 113.98294067382812
automobile 0.97573245 204.0391082763672 92.07794189453125 230.0819549560547 118.10292053222656
automobile 0.9715364 33.04862976074219 31.949216842651367 67.93437194824219 66.97895050048828
truck 0.9704853 34.01478576660156 12.023802757263184 50.022369384765625 27.927635192871094
truck 0.96623325 211.03106689453125 122.050537109375 236.99395751953125 147.97909545898438
ship 0.9600359 77.0409164428711 196.99783325195312 102.93346405029297 223.11068725585938
ship 0.9193871 192.98220825195312 8.069185256958008 219.08856201171875 34.15986633300781
truck 0.88435507 75.00613403320312 11.003565788269043 91.03460693359375 27.091564178466797
ship 0.77997744 147.12124633789062 138.0393524169922 169.04391479492188 160.0336151123047
frog 0.6352738 0.8262853622436523 97.99761199951172 19.87502670288086 117.02935028076172
truck 0.6197328 179.13661193847656 168.01016235351562 200.98753356933594 190.05355834960938
dog 0.5429467 80.0780029296875 28.20884895324707 105.92088317871094 54.034202575683594
dog 0.5358907 202.3843231201172 161.0543670654297 227.8114776611328 186.91819763183594
frog 0.4338969 4.018755912780762 135.03831481933594 25.993980407714844 157.0175323486328
bird 0.43018255 0.8250503540039062 98.04904174804688 19.98444175720215 117.08523559570312
airplane 0.39753774 4.043166160583496 135.04214477539062 26.047794342041016 157.01904296875
airplane 0.3920928 179.11123657226562 168.01327514648438 201.03225708007812 190.03363037109375
cat 0.38735986 202.45367431640625 161.0585174560547 227.8319091796875 186.9795684814453
cat 0.3281953 80.10276794433594 28.148317337036133 105.904052734375 54.05297088623047
cat 0.26860476 3.9759321212768555 135.09085083007812 26.061954498291016 157.04373168945312
bird 0.2587343 3.9759321212768555 135.09085083007812 26.061954498291016 157.04373168945312
airplane 0.23690665 147.14212036132812 138.00384521484375 168.97552490234375 160.01882934570312
frog 0.2362501 147.14212036132812 138.00384521484375 168.97552490234375 160.01882934570312
