ship 0.9769367 123.98973846435547 134.10690307617188 159.1326446533203 169.09234619140625
frog 0.97464144 63.08209991455078 165.02883911132812 98.00121307373047 200.01077270507812
ship 0.973042 210.04441833496094 191.04702758789062 247.93580627441406 228.99826049804688
automobile 0.9709822 18.114227294921875 2.9959888458251953 56.08831024169922 41.093101501464844
truck 0.9678807 64.07806396484375 5.980949401855469 95.95338439941406 38.05292510986328
ship 0.9667324 5.011455535888672 164.080322265625 31.048370361328125 189.95681762695312
frog 0.96493924 119.06698608398438 18.898906707763672 154.10333251953125 54.06814956665039
dog 0.95197886 154.85394287109375 32.985294342041016 190.02511596679688 68.00627136230469
dog 0.9514252 157.1225128173828 102.08268737792969 179.0751495361328 124.01828002929688
airplane 0.94342947 127.09337615966797 59.83521270751953 153.00233459472656 86.07337188720703
frog 0.922981 110.02519226074219 177.95382690429688 126.05232238769531 194.02685546875
airplane 0.9201279 185.0354766845703 78.09644317626953 220.06971740722656 113.24138641357422
bird 0.893383 31.218074798583984 124.74565887451172 49.94357681274414 142.75836181640625
automobile 0.73419964 180.10450744628906 163.0509796142578 209.0127410888672 189.5736541748047
airplane 0.65866923 92.06312561035156 81.03168487548828 114.04762268066406 103.01485443115234
bird 0.5608753 85.0790023803711 119.00316619873047 100.97966766357422 135.06642150878906
cat 0.54436666 154.88766479492188 9.000814437866211 174.0211181640625 28.159807205200195
deer 0.50391334 41.06167984008789 42.07585906982422 76.08540344238281 76.9944076538086
frog 0.26772806 179.93170166015625 162.93995666503906 208.9566650390625 189.60939025878906
deer 0.24282837 154.78250122070312 9.121241569519043 174.14227294921875 28.4603271484375
cat 0.23624486 110.03905487060547 177.97433471679688 126.06754302978516 194.0010986328125
truck 0.2032384 154.78250122070312 9.121241569519043 174.14227294921875 28.4603271484375
deer 0.20265734 92.05792999267578 81.03174591064453 113.99553680419922 102.97905731201172
