ship 0.98417485 92.07592010498047 215.04205322265625 117.99405670166016 241.06582641601562
airplane 0.9841273 171.99929809570312 158.99000549316406 187.98171997070312 175.01429748535156
automobile 0.983954 108.04923248291016 67.07588958740234 126.9665298461914 85.9788589477539
deer 0.98171747 212.04727172851562 212.1063995361328 234.0135498046875 234.0151824951172
truck 0.979986 111.09059143066406 3.031251907348633 145.98194885253906 38.048309326171875
truck 0.97701424 181.08291625976562 179.10311889648438 207.17037963867188 204.95095825195312
bird 0.9726802 177.05259704589844 67.0831298828125 212.05186462402344 101.96131896972656
frog 0.97195935 91.02426147460938 80.95722198486328 107.01957702636719 97.00524139404297
frog 0.9705935 24.036603927612305 57.9897575378418 40.005332946777344 73.99057006835938
airplane 0.96971375 3.0790796279907227 6.031132698059082 28.920223236083984 31.972274780273438
automobile 0.96835566 123.05887603759766 149.13265991210938 154.8927001953125 181.31106567382812
airplane 0.9663505 61.05558395385742 100.01349639892578 90.05072784423828 129.01763916015625
ship 0.96619284 128.98817443847656 52.91813278198242 161.0500030517578 84.87948608398438
bird 0.95099807 75.08341979980469 39.29949188232422 106.86384582519531 71.05369567871094
cat 0.9439533 16.03350067138672 152.02085876464844 41.97282409667969 178.1257781982422
deer 0.9021103 38.014583587646484 189.0761260986328 67.04627990722656 218.0762176513672
airplane 0.83498704 123.11759185791016 186.11097717285156 154.9646453857422 217.98655700683594
deer 0.65876585 210.98538208007812 184.98875427246094 227.04812622070312 201.0145721435547
deer 0.6019544 29.11236572265625 101.03544616699219 54.91942596435547 126.95231628417969
truck 0.4037441 102.97149658203125 120.95894622802734 121.97093200683594 140.03240966796875
cat 0.23631513 29.10698699951172 101.027099609375 54.99486541748047 126.99256896972656
automobile 0.23042318 123.11759185791016 186.11097717285156 154.9646453857422 217.98655700683594
dog 0.2214309 29.11236572265625 101.03544616699219 54.91942596435547 126.95231628417969
