ship 0.98324096 115.99835205078125 173.03013610839844 145.03384399414062 201.89292907714844
frog 0.9793172 201.04537963867188 197.10411071777344 239.00320434570312 234.90623474121094
ship 0.9786254 120.07362365722656 47.13287353515625 151.9998321533203 79.10935974121094
bird 0.9784044 148.0803680419922 154.04676818847656 176.9432830810547 182.92198181152344
dog 0.97736305 204.14820861816406 172.9810791015625 226.0453643798828 195.15435791015625
dog 0.9744084 14.08466911315918 60.01093292236328 52.01837158203125 98.04296112060547
dog 0.97394013 156.03433227539062 69.17147827148438 184.98287963867188 98.01162719726562
frog 0.9733888 35.111366271972656 140.09945678710938 70.04682159423828 175.09548950195312
truck 0.9703225 131.9766845703125 213.1688690185547 163.91183471679688 245.05015563964844
automobile 0.9639359 191.9430389404297 70.00276947021484 218.08729553222656 96.01775360107422
dog 0.9639099 42.109046936035156 180.9871368408203 79.80152893066406 219.0605010986328
frog 0.9554742 169.08580017089844 198.06967163085938 191.04981994628906 220.037353515625
bird 0.95494 81.0579833984375 211.0872039794922 113.041259765625 243.0083770751953
deer 0.9097693 21.977672576904297 24.013248443603516 53.93839645385742 55.97292709350586
bird 0.7578336 106.03352355957031 102.98516082763672 143.8757781982422 141.01870727539062
cat 0.6329885 153.1919403076172 18.055362701416016 191.21730041503906 55.83475875854492
airplane 0.5188802 177.9927520751953 124.96675872802734 193.90037536621094 141.00648498535156
cat 0.51481086 106.1522216796875 102.9771728515625 143.77877807617188 141.14346313476562
airplane 0.44509268 107.08183288574219 18.072322845458984 129.05015563964844 40.03120422363281
dog 0.42095846 153.22715759277344 18.020761489868164 191.15943908691406 55.936790466308594
truck 0.36068532 177.9927520751953 124.96675872802734 193.90037536621094 141.00648498535156
ship 0.32878217 177.95423889160156 125.00270080566406 193.87962341308594 141.03041076660156
automobile 0.2185162 177.9927520751953 124.96675872802734 193.90037536621094 141.00648498535156
