truck 0.9888712 207.1119842529297 150.0620574951172 226.04405212402344 169.0701446533203
automobile 0.9843744 125.00852966308594 141.103271484375 154.13990783691406 169.92547607421875
truck 0.9810201 110.04998016357422 209.18858337402344 145.0237274169922 243.91358947753906
frog 0.97935843 150.04981994628906 187.957275390625 182.0633087158203 220.03128051757812
dog 0.978386 12.015730857849121 147.0441436767578 34.01071548461914 169.02870178222656
ship 0.9763745 192.0157012939453 82.00418090820312 227.02635192871094 117.07858276367188
truck 0.9728947 11.095060348510742 59.03681182861328 29.995058059692383 78.01172637939453
ship 0.962392 39.06047821044922 81.04489135742188 65.0522689819336 107.09614562988281
frog 0.95586765 174.03651428222656 161.00750732421875 200.1050262451172 187.3544921875
deer 0.95304275 183.9716033935547 191.0446319580078 209.9945831298828 217.0221710205078
ship 0.9521161 90.98698425292969 15.091934204101562 119.94895935058594 43.93370819091797
ship 0.9255444 91.16482543945312 139.109619140625 117.06483459472656 164.9156494140625
cat 0.8945942 159.0793914794922 136.04248046875 177.9934539794922 155.01199340820312
dog 0.74253374 16.08974838256836 113.92627716064453 47.98477554321289 145.72329711914062
deer 0.7171782 143.10382080078125 2.008035659790039 177.94281005859375 36.938682556152344
dog 0.6129017 51.039756774902344 153.03683471679688 86.04248809814453 188.00497436523438
cat 0.5010897 51.09747314453125 152.9600830078125 86.07107543945312 188.10540771484375
ship 0.39911285 61.98371124267578 198.04197692871094 83.9262924194336 219.98643493652344
cat 0.39743406 143.0568084716797 1.9725799560546875 177.97422790527344 36.96638107299805
ship 0.34708202 16.046138763427734 113.95287322998047 48.00419998168945 145.8711395263672
