bird 0.9907026 63.05900955200195 23.06631851196289 91.98757934570312 52.083919525146484
bird 0.98464465 122.04660034179688 30.015804290771484 141.00527954101562 48.96181106567383
airplane 0.98397756 180.02227783203125 5.110520362854004 202.0001220703125 27.028282165527344
airplane 0.9832141 64.1771240234375 62.10027313232422 98.88638305664062 97.10468292236328
bird 0.98248243 147.13827514648438 62.06351852416992 169.05111694335938 84.00874328613281
deer 0.9812125 149.01231384277344 13.03487777709961 171.01271057128906 35.00399398803711
airplane 0.9793651 77.09092712402344 99.16556549072266 109.02009582519531 131.061279296875
airplane 0.9787942 69.02897644042969 137.87742614746094 106.95468139648438 175.96424865722656
ship 0.97720635 141.97866821289062 112.01282501220703 167.96826171875 137.9385528564453
airplane 0.97246087 200.07745361328125 41.97631072998047 232.01156616210938 74.05036163330078
ship 0.9637317 0.0 109.0316390991211 22.01999282836914 130.96559143066406
dog 0.93250823 89.99654388427734 205.04116821289062 109.00716400146484 223.98040771484375
frog 0.89472926 112.11575317382812 71.24263000488281 141.1310272216797 100.0709228515625
deer 0.89284575 111.1998062133789 144.1100616455078 139.9315948486328 173.0256805419922
deer 0.69980276 153.06703186035156 147.0836944580078 178.93931579589844 172.9656219482422
frog 0.5855113 170.08673095703125 97.22518920898438 188.860107421875 116.08071899414062
cat 0.5028886 153.0555419921875 147.124267578125 178.92034912109375 172.9617919921875
bird 0.47894305 211.0803680419922 84.05438995361328 230.0045623779297 103.0099868774414
frog 0.47009346 211.1155242919922 84.04879760742188 230.0332794189453 102.99388122558594
frog 0.3597403 13.11130142211914 32.081146240234375 31.99624252319336 51.00696563720703
cat 0.2787188 170.08673095703125 97.22518920898438 188.860107421875 116.08071899414062
airplane 0.23066485 211.1058349609375 84.05333709716797 230.02392578125 103.01293182373047
cat 0.22687027 13.132893562316895 31.972108840942383 31.832473754882812 50.97423553466797
dog 0.20671058 170.08673095703125 97.22518920898438 188.860107421875 116.08071899414062
