airplane 0.9887985 210.093994140625 206.00787353515625 229.05233764648438 224.99258422851562
bird 0.98725355 196.08206176757812 161.1458740234375 218.026611328125 183.04556274414062
deer 0.9847418 107.03373718261719 203.0292510986328 125.98155212402344 221.99949645996094
deer 0.98370415 95.04525756835938 131.12596130371094 124.05276489257812 159.9927215576172
deer 0.98369277 150.07281494140625 120.05342864990234 179.05569458007812 149.06678771972656
automobile 0.9836627 215.06723022460938 84.05815124511719 253.00344848632812 122.02932739257812
bird 0.9814147 5.08005428314209 134.96527099609375 24.012210845947266 153.971435546875
automobile 0.9774749 30.026947021484375 51.98628616333008 58.96984100341797 81.07413482666016
frog 0.9764385 41.07789993286133 83.99961853027344 59.90822219848633 103.00115966796875
frog 0.97065747 82.04664611816406 211.09097290039062 101.06593322753906 230.03128051757812
automobile 0.9685163 32.019012451171875 147.0213165283203 47.867530822753906 162.9880828857422
frog 0.9632424 179.07977294921875 4.074250221252441 205.15200805664062 29.886878967285156
ship 0.92400014 69.02555847167969 135.01780700683594 88.01261901855469 154.0725860595703
airplane 0.9116207 208.0481719970703 141.0406036376953 227.0421600341797 160.05992126464844
dog 0.8937341 65.0605239868164 24.063838958740234 102.98221588134766 61.913997650146484
automobile 0.8928796 160.0962371826172 182.0839080810547 188.9912567138672 211.2000274658203
airplane 0.8802183 110.00616455078125 44.02274703979492 125.99281311035156 60.008724212646484
cat 0.8508053 116.96875762939453 86.04413604736328 143.05563354492188 112.0109634399414
automobile 0.82603055 164.01766967773438 214.8776092529297 183.11282348632812 233.96192932128906
ship 0.48166454 68.05059051513672 2.050417423248291 83.94461822509766 17.948633193969727
airplane 0.37443167 68.06427001953125 1.9777812957763672 83.98281860351562 17.997207641601562
bird 0.3217609 68.05059051513672 2.050417423248291 83.94461822509766 17.948633193969727
truck 0.30233282 109.97821044921875 44.02445983886719 126.03254699707031 60.01471710205078
bird 0.23766193 207.9319305419922 141.01832580566406 227.07264709472656 160.0574188232422
truck 0.23469263 164.06036376953125 214.9062042236328 183.0706787109375 234.0324249267578
airplane 0.20258147 164.00694274902344 214.9462127685547 183.0859832763672 234.03074645996094
