airplane 0.9875971 86.09132385253906 19.109298706054688 107.98312377929688 41.082523345947266
cat 0.98589635 38.136741638183594 75.98884582519531 67.0257797241211 104.99348449707031
truck 0.9818134 150.02720642089844 207.0819549560547 185.0522003173828 242.05625915527344
ship 0.97809744 119.98554992675781 41.91926956176758 158.07276916503906 80.002685546875
ship 0.9769758 139.02906799316406 170.00189208984375 170.9147186279297 201.92501831054688
automobile 0.97446924 85.11007690429688 94.06437683105469 122.94465637207031 131.9298553466797
bird 0.973434 10.03249740600586 116.99304962158203 36.03559875488281 143.03335571289062
dog 0.97237027 188.13124084472656 176.90798950195312 223.1109161376953 211.9840087890625
frog 0.9698479 76.01329803466797 49.038944244384766 113.7687759399414 86.99259948730469
cat 0.9646108 117.02348327636719 139.00375366210938 142.96095275878906 164.97332763671875
deer 0.9642388 165.01014709472656 139.9383544921875 180.94078063964844 155.95474243164062
bird 0.959108 91.03284454345703 167.93588256835938 120.04605865478516 197.05340576171875
frog 0.9576787 159.94419860839844 64.04562377929688 182.09385681152344 86.08367919921875
cat 0.9423039 32.96720886230469 169.14564514160156 71.23841857910156 207.1227569580078
ship 0.92611754 38.881141662597656 117.03462219238281 55.08863067626953 132.87210083007812
cat 0.82277596 123.05284118652344 9.002352714538574 151.94886779785156 38.02002716064453
bird 0.6262676 195.9688720703125 8.835004806518555 233.94039916992188 46.998207092285156
deer 0.5115274 32.01091003417969 35.95130920410156 54.035118103027344 58.000770568847656
cat 0.50281125 195.99188232421875 9.095552444458008 233.93572998046875 47.02998352050781
dog 0.4157617 32.09804153442383 36.034339904785156 54.0147819519043 58.042320251464844
dog 0.31755644 195.9688720703125 8.835004806518555 233.94039916992188 46.998207092285156
automobile 0.20670182 123.04801940917969 9.055015563964844 151.9960174560547 38.04362869262695
