airplane 0.9886763 107.06996154785156 192.069091796875 129.01119995117188 214.0166015625
automobile 0.98606265 209.02565002441406 101.99409484863281 238.0409698486328 130.99696350097656
airplane 0.9835517 107.99845886230469 67.03143310546875 137.0310821533203 95.95814514160156
frog 0.98249173 64.0391845703125 73.07582092285156 96.05477905273438 105.01994323730469
truck 0.97952116 78.05154418945312 161.05615234375 99.99215698242188 183.06167602539062
bird 0.97921133 187.0215301513672 160.1671142578125 216.0016326904297 188.91610717773438
dog 0.97835284 36.03618240356445 25.020845413208008 73.95094299316406 63.02991485595703
automobile 0.97404546 168.1475830078125 96.04620361328125 199.9268798828125 128.03704833984375
cat 0.97387064 165.1697235107422 8.982912063598633 191.0885772705078 34.98231506347656
frog 0.9731265 51.11064529418945 212.9961700439453 77.02845764160156 239.00160217285156
frog 0.9722177 212.00994873046875 208.03302001953125 234.00241088867188 230.03936767578125
airplane 0.9699335 111.0411605834961 22.015552520751953 137.03570556640625 48.00674819946289
automobile 0.95913655 35.033714294433594 78.08311462402344 54.08207702636719 96.95689392089844
ship 0.9273432 14.056445121765137 125.03495025634766 43.045711517333984 153.95021057128906
bird 0.79888403 19.343372344970703 160.39129638671875 37.91248321533203 178.71151733398438
deer 0.68689793 155.97796630859375 62.00719451904297 171.99472045898438 77.96973419189453
cat 0.66461515 138.8584747314453 135.20367431640625 176.85560607910156 173.1341552734375
cat 0.6472337 102.00436401367188 151.9962158203125 117.99424743652344 167.98748779296875
cat 0.6069281 34.074806213378906 190.09393310546875 55.9808349609375 211.88894653320312
dog 0.43240392 34.01876449584961 190.21878051757812 55.8924446105957 211.91043090820312
dog 0.38887128 138.98196411132812 134.99940490722656 176.93392944335938 173.1523895263672
airplane 0.32619834 155.95040893554688 61.998905181884766 171.98318481445312 77.99200439453125
