airplane 0.98729646 149.05300903320312 138.06610107421875 171.04000854492188 160.04647827148438
airplane 0.9872817 61.0855712890625 63.05778121948242 83.03871154785156 85.02970123291016
airplane 0.9869832 26.93720245361328 79.98124694824219 43.03986358642578 96.00773620605469
frog 0.9833894 205.09408569335938 122.03221130371094 223.97494506835938 141.04383850097656
deer 0.9769271 179.1320037841797 79.07235717773438 217.04063415527344 117.02008056640625
ship 0.9752275 147.99977111816406 180.02964782714844 166.9650421142578 199.0501251220703
automobile 0.9734218 21.112520217895508 213.998291015625 58.97792053222656 252.13082885742188
truck 0.971353 181.1157989501953 1.1255779266357422 210.0607452392578 29.985347747802734
airplane 0.96919596 86.05445861816406 105.09188842773438 114.96932983398438 134.05953979492188
airplane 0.9691278 117.18907928466797 117.11963653564453 142.95884704589844 143.03794860839844
dog 0.9620053 36.00067138671875 123.13072967529297 62.01861572265625 149.0124053955078
ship 0.9585521 201.1280975341797 208.98793029785156 229.9717559814453 237.8948211669922
truck 0.95229596 176.99583435058594 43.058265686035156 195.97828674316406 61.96678924560547
airplane 0.9520798 102.04890441894531 167.0390167236328 134.02304077148438 199.0314483642578
deer 0.93341035 5.028436660766602 184.96327209472656 31.080167770385742 210.97169494628906
cat 0.53282315 126.00048065185547 11.113546371459961 155.10540771484375 40.004295349121094
dog 0.49725655 126.04176330566406 11.06544303894043 155.1132354736328 40.01763153076172
