airplane 0.98483765 16.117351531982422 84.07167053222656 53.92243576049805 121.95687866210938
truck 0.977947 80.06668853759766 183.10882568359375 105.97832489013672 209.08065795898438
deer 0.97647214 201.03758239746094 153.98202514648438 220.02723693847656 173.06192016601562
bird 0.9727149 119.03557586669922 60.019256591796875 154.1396026611328 95.04078674316406
deer 0.9712004 92.96426391601562 7.009538650512695 131.1073455810547 45.237144470214844
frog 0.9669471 194.0648651123047 175.1498260498047 219.85874938964844 200.9530487060547
cat 0.9539034 160.08859252929688 21.057403564453125 195.13360595703125 55.87432861328125
ship 0.92689073 138.02706909179688 153.035888671875 176.02297973632812 191.03643798828125
deer 0.91746175 59.059959411621094 120.9981689453125 94.0309066772461 156.04473876953125
airplane 0.91433513 201.1722869873047 14.004009246826172 235.95680236816406 49.11970138549805
dog 0.9108486 58.03404998779297 193.93283081054688 73.77660369873047 210.20285034179688
dog 0.88788414 34.15620422363281 214.06785583496094 71.98004913330078 252.0658416748047
bird 0.8636007 5.036371231079102 5.019126892089844 34.02960968017578 34.07492446899414
cat 0.8420067 7.03353214263916 147.88328552246094 38.97745895385742 180.0596466064453
cat 0.79057705 155.97955322265625 59.23696517944336 191.00265502929688 93.98713684082031
truck 0.69703144 172.02523803710938 120.04934692382812 203.98248291015625 151.81497192382812
dog 0.64925855 89.97801971435547 85.05284118652344 115.93439483642578 110.99937438964844
dog 0.6378163 38.0621223449707 46.01829528808594 57.0639762878418 65.04457092285156
cat 0.33992326 38.08058166503906 45.95056915283203 57.068267822265625 65.05464172363281
ship 0.27821058 172.02523803710938 120.04934692382812 203.98248291015625 151.81497192382812
dog 0.26503623 155.97605895996094 59.26063537597656 191.02696228027344 93.94207763671875
deer 0.22042188 200.0364990234375 51.821929931640625 222.03378295898438 73.95726013183594
automobile 0.21642232 171.99781799316406 120.09141540527344 204.0308380126953 151.92417907714844
airplane 0.20518991 138.04896545410156 152.97325134277344 176.0055694580078 191.0004119873047
