bird 0.99131405 204.08663940429688 214.02264404296875 226.00106811523438 236.06930541992188
dog 0.9876899 135.07125854492188 210.0421142578125 156.99151611328125 231.9190673828125
ship 0.9876798 93.01533508300781 178.01136779785156 109.05430603027344 193.9940948486328
automobile 0.98487633 165.11228942871094 56.99384307861328 186.95970153808594 79.05042266845703
ship 0.98405325 155.0255126953125 171.08346557617188 177.05734252929688 192.99957275390625
deer 0.98013264 133.17601013183594 8.14704704284668 168.1038055419922 42.97533416748047
deer 0.97975266 70.11860656738281 52.958255767822266 101.99333190917969 85.06944274902344
airplane 0.97892797 143.04135131835938 111.07293701171875 165.028076171875 133.00579833984375
truck 0.97776204 211.9563446044922 102.93913269042969 240.98939514160156 131.97288513183594
truck 0.97701347 41.07426071166992 183.0734405517578 76.05183410644531 217.9087677001953
airplane 0.9761609 0.6038045883178711 63.027587890625 23.030101776123047 85.02653503417969
bird 0.975662 56.041168212890625 100.11405181884766 81.98744201660156 126.06453704833984
automobile 0.972936 15.965250015258789 203.99533081054688 32.07212829589844 220.06060791015625
dog 0.9574574 169.02542114257812 203.04132080078125 187.993896484375 221.97042846679688
airplane 0.9563415 94.03832244873047 116.05879974365234 109.9975814819336 132.00538635253906
dog 0.9483747 210.13150024414062 43.067840576171875 247.9443359375 81.0168228149414
frog 0.92925876 33.241371154785156 69.07408142089844 55.06809997558594 91.08775329589844
dog 0.89878803 1.953359603881836 111.98170471191406 36.95819091796875 147.03358459472656
ship 0.7798376 119.03401184082031 104.9341812133789 135.01870727539062 120.95255279541016
airplane 0.73457026 17.04680824279785 150.25302124023438 43.000450134277344 175.90948486328125
bird 0.3223812 17.106731414794922 150.21665954589844 43.041015625 175.9370880126953
