ship 0.99078304 10.078949928283691 123.07411193847656 31.939929962158203 144.9962921142578
dog 0.986539 201.96832275390625 188.04144287109375 218.03939819335938 203.99591064453125
frog 0.98611844 139.0188446044922 76.0279541015625 167.9319610595703 105.04286193847656
ship 0.98362494 140.03712463378906 48.991554260253906 162.0139923095703 71.07220458984375
truck 0.98084486 89.11793518066406 181.14944458007812 124.05755615234375 215.87454223632812
dog 0.97886246 189.03390502929688 133.1075897216797 226.99456787109375 171.02491760253906
automobile 0.97790754 56.028480529785156 207.06048583984375 85.02535247802734 235.9903564453125
truck 0.9726671 128.07354736328125 212.9135284423828 160.01528930664062 245.01182556152344
ship 0.9640143 63.951515197753906 49.0657958984375 90.03398895263672 75.07698822021484
truck 0.96322894 53.07413864135742 109.14503479003906 81.96080780029297 137.96173095703125
ship 0.960829 84.02287292480469 84.03709411621094 122.10238647460938 121.93946838378906
frog 0.95525026 155.00205993652344 18.015117645263672 180.9679412841797 44.00357437133789
ship 0.95519066 39.997100830078125 54.134273529052734 61.866607666015625 76.03440856933594
dog 0.94819033 40.14604568481445 145.09713745117188 78.39552307128906 183.0081787109375
deer 0.9470285 110.05951690673828 147.16217041015625 132.03375244140625 169.02529907226562
dog 0.9409019 4.051914215087891 31.04555892944336 39.07704544067383 65.97415161132812
automobile 0.9018748 193.95327758789062 69.11292266845703 223.04104614257812 97.7463150024414
dog 0.80391943 133.06301879882812 182.00723266601562 155.11810302734375 203.6234130859375
frog 0.25095722 80.2178955078125 151.20962524414062 101.881591796875 173.07818603515625
