frog 0.9915104 147.0552978515625 106.9513931274414 169.06759643554688 129.03150939941406
truck 0.9851258 78.04031372070312 21.10535430908203 96.98013305664062 39.985042572021484
automobile 0.9823613 182.0537872314453 39.02709197998047 219.9402313232422 76.96622467041016
automobile 0.9815674 208.02627563476562 165.978271484375 233.88229370117188 191.96319580078125
deer 0.9755968 189.08482360839844 134.18978881835938 214.88035583496094 159.93487548828125
automobile 0.9754997 208.0196533203125 95.11659240722656 240.05001831054688 127.14962768554688
ship 0.97235835 95.05754089355469 160.1031951904297 126.9986572265625 192.00477600097656
airplane 0.97088724 31.9996280670166 50.02166748046875 58.068397521972656 75.90946960449219
automobile 0.96971416 148.0080108642578 88.07524871826172 163.9757537841797 103.97640228271484
airplane 0.9677246 138.00843811035156 170.00148010253906 173.05165100097656 204.9861602783203
frog 0.9659128 125.12130737304688 21.110565185546875 147.02426147460938 42.99946594238281
cat 0.961419 73.0762939453125 60.064918518066406 99.05514526367188 85.96416473388672
cat 0.9586028 2.0419273376464844 194.0101776123047 36.92792510986328 228.9428253173828
frog 0.95752025 7.033107757568359 162.99948120117188 23.04407501220703 179.01202392578125
dog 0.8745674 35.11492919921875 138.06369018554688 69.99659729003906 172.99624633789062
dog 0.72356296 176.98193359375 81.01316833496094 192.95193481445312 97.00254821777344
deer 0.6566731 119.08242797851562 214.03089904785156 154.075439453125 249.0676727294922
deer 0.4796246 53.11046600341797 189.1544647216797 72.1740493774414 208.0005645751953
bird 0.47697994 119.08161926269531 214.00535583496094 154.0337677001953 249.06312561035156
truck 0.24102777 46.13158416748047 84.02548217773438 67.92184448242188 105.9658203125
airplane 0.2240937 46.040626525878906 84.01347351074219 68.08004760742188 106.05323791503906
