truck 0.989446 40.06794357299805 99.05412292480469 62.06642532348633 121.01153564453125
bird 0.9870752 88.06434631347656 139.0673370361328 107.00653076171875 157.9635772705078
frog 0.98327494 131.05401611328125 133.03726196289062 153.09695434570312 154.99746704101562
airplane 0.9819994 50.13536834716797 24.038867950439453 87.9335708618164 62.021060943603516
ship 0.97942364 101.09982299804688 21.11170196533203 122.99604797363281 43.04850769042969
airplane 0.979144 207.02200317382812 184.05076599121094 236.09487915039062 213.06007385253906
truck 0.9787146 103.02491760253906 3.0785179138183594 118.95556640625 19.28011131286621
automobile 0.9708538 173.0845184326172 33.011993408203125 205.00987243652344 64.97705078125
frog 0.96628404 214.03009033203125 66.04411315917969 229.96292114257812 82.01307678222656
truck 0.9637353 125.14636993408203 50.003414154052734 147.01449584960938 71.97048950195312
automobile 0.961681 172.0374755859375 204.0111083984375 188.0225830078125 220.02276611328125
bird 0.95902246 96.09027099609375 46.043514251708984 115.03408813476562 65.04197692871094
truck 0.9489347 3.9880523681640625 27.952665328979492 41.95269775390625 65.98558807373047
airplane 0.8484713 143.1528778076172 177.08184814453125 164.9635467529297 199.0322265625
deer 0.82719254 134.0539093017578 28.107425689697266 153.0061492919922 47.09818649291992
automobile 0.80833316 169.0518798828125 94.0548095703125 198.00308227539062 122.8731689453125
ship 0.7757273 28.081649780273438 152.0477752685547 60.02510070800781 183.9405975341797
frog 0.71604246 7.119434356689453 209.09011840820312 28.95889663696289 231.02484130859375
airplane 0.47539365 7.07177734375 209.0962677001953 28.945323944091797 231.1146697998047
airplane 0.3479372 28.15606689453125 152.00106811523438 59.90931701660156 183.98129272460938
bird 0.34557477 134.04864501953125 28.158897399902344 152.96002197265625 47.17664337158203
cat 0.24873972 169.11129760742188 94.0706558227539 198.02130126953125 122.9038314819336
