ship 0.9781672 118.10530090332031 139.99371337890625 143.9424591064453 165.98611450195312
airplane 0.976699 72.9423828125 161.0211181640625 110.98184204101562 198.9930419921875
dog 0.97280395 147.0796356201172 126.18900299072266 182.0024871826172 160.931396484375
deer 0.9723327 156.09164428710938 39.961483001708984 181.95559692382812 66.04415893554688
airplane 0.97026026 31.108301162719727 3.0956039428710938 57.05033874511719 28.932262420654297
automobile 0.9694731 119.07589721679688 27.753816604614258 148.13973999023438 57.035247802734375
ship 0.9681816 3.047882556915283 29.044815063476562 19.005186080932617 44.98240661621094
automobile 0.9658833 41.01478958129883 161.95736694335938 62.995914459228516 184.00091552734375
bird 0.96518606 201.09735107421875 125.0036392211914 226.96084594726562 150.98202514648438
ship 0.9629898 171.0739288330078 192.06666564941406 193.06394958496094 214.0160675048828
bird 0.96101356 45.07611083984375 90.01431274414062 70.9930191040039 115.92616271972656
dog 0.9557723 42.0025634765625 53.91666793823242 60.99577331542969 73.02279663085938
dog 0.95451975 195.09706115722656 96.06776428222656 217.01881408691406 118.08052062988281
dog 0.9342315 139.1007843017578 178.08816528320312 168.10853576660156 207.03656005859375
dog 0.9148445 57.99748992919922 117.14474487304688 95.95323944091797 155.12322998046875
airplane 0.8740324 43.04126739501953 211.0406036376953 74.96365356445312 243.01319885253906
frog 0.7490638 117.11268615722656 76.13075256347656 155.10084533691406 113.96269226074219
cat 0.7355123 22.993927001953125 149.02236938476562 39.00330352783203 164.97747802734375
frog 0.62199783 67.116455078125 50.11015701293945 105.01016235351562 87.9405517578125
automobile 0.4014796 116.94998168945312 76.44562530517578 155.24826049804688 113.80321502685547
deer 0.37948012 67.09390258789062 50.11746597290039 104.95594787597656 87.94007873535156
dog 0.23480526 22.993927001953125 149.02236938476562 39.00330352783203 164.97747802734375
frog 0.20839626 43.079566955566406 211.0858612060547 74.9864501953125 243.0989532470703
