truck 0.98650825 153.9937744140625 71.06023406982422 173.10360717773438 90.0234146118164
automobile 0.985222 73.92601776123047 63.99488830566406 103.1233139038086 93.01997375488281
deer 0.9816724 25.076412200927734 144.06692504882812 53.93873977661133 173.02029418945312
automobile 0.9807043 57.15583801269531 28.130495071411133 85.96810913085938 56.997962951660156
airplane 0.9805682 0.9973564147949219 203.03594970703125 20.00404930114746 222.01809692382812
automobile 0.97793424 199.0281982421875 8.063033103942871 230.9749755859375 40.01167297363281
truck 0.9775315 159.0410919189453 45.0753173828125 178.04283142089844 63.99835205078125
frog 0.9768585 136.03038024902344 212.91043090820312 168.07057189941406 245.012939453125
truck 0.97447467 90.07357025146484 120.95207214355469 125.0595474243164 155.9585418701172
truck 0.9728576 30.004379272460938 207.03602600097656 65.0376205444336 242.00035095214844
frog 0.96661735 187.0230255126953 204.04898071289062 206.0344696044922 223.02456665039062
dog 0.93631566 137.0283203125 4.024974822998047 172.00054931640625 38.94064712524414
airplane 0.90483767 112.0444564819336 69.09016418457031 131.048583984375 87.99560546875
truck 0.88050973 208.9707489013672 143.02317810058594 224.97779846191406 159.13172912597656
automobile 0.51834345 34.97886657714844 107.07333374023438 51.024574279785156 123.00942993164062
frog 0.43283066 35.02706527709961 106.95478057861328 51.018795013427734 123.02291107177734
deer 0.4181004 160.95777893066406 118.02924346923828 195.8887176513672 153.09852600097656
bird 0.35673016 160.96966552734375 118.06588745117188 195.91961669921875 153.03225708007812
cat 0.3164571 160.96966552734375 118.06588745117188 195.91961669921875 153.03225708007812
truck 0.25069022 34.96753692626953 107.07688903808594 50.97776794433594 122.98301696777344
truck 0.24571043 101.94729614257812 198.7678680419922 121.08525085449219 218.0100555419922
airplane 0.24498364 102.04386901855469 199.0618896484375 121.00074768066406 217.95132446289062
cat 0.2090011 101.99237823486328 199.09878540039062 120.9720230102539 217.88168334960938
