airplane 0.9892392 32.07986068725586 120.13724517822266 54.01987075805664 141.9827117919922
automobile 0.98593175 206.0450897216797 106.0465087890625 227.99021911621094 128.02345275878906
ship 0.9843845 77.07708740234375 139.0179443359375 96.03170776367188 157.99981689453125
airplane 0.9822694 24.20012855529785 80.15863037109375 49.983673095703125 105.93411254882812
ship 0.9813795 164.95484924316406 116.0439682006836 197.06468200683594 148.09326171875
cat 0.98037696 156.1033477783203 191.29310607910156 187.9164276123047 222.98460388183594
deer 0.98024654 59.07945251464844 38.05817794799805 77.9827880859375 57.01108169555664
ship 0.97216475 62.02223205566406 121.98596954345703 77.91453552246094 137.97933959960938
dog 0.97198653 144.13424682617188 40.02372360229492 174.57925415039062 71.91165161132812
cat 0.97183836 45.06837463378906 153.04856872558594 73.9476318359375 182.04249572753906
bird 0.96271974 177.015380859375 86.9786605834961 192.99893188476562 102.9966812133789
frog 0.95054376 140.03909301757812 112.05738067626953 161.98110961914062 134.0513153076172
deer 0.9482764 76.04486846923828 63.02051544189453 102.08600616455078 89.0739974975586
frog 0.9460453 177.0560760498047 156.01951599121094 206.02879333496094 185.00962829589844
dog 0.9337543 0.0 60.95426559448242 19.07023048400879 79.99618530273438
cat 0.9056458 114.06510162353516 212.05908203125 132.961669921875 231.01739501953125
airplane 0.72353566 194.991455078125 209.04754638671875 211.01571655273438 225.02166748046875
cat 0.6301215 15.025379180908203 210.0943603515625 49.97342300415039 245.01712036132812
airplane 0.40240714 212.14337158203125 186.2178955078125 250.47134399414062 220.57577514648438
ship 0.3813206 212.14337158203125 186.2178955078125 250.47134399414062 220.57577514648438
dog 0.33875832 15.076498031616211 210.09771728515625 49.97313690185547 244.94039916992188
bird 0.28034338 212.01173400878906 185.98397827148438 251.1379852294922 220.50717163085938
ship 0.26252866 195.03323364257812 209.06842041015625 211.02691650390625 225.03082275390625
