automobile 0.98862386 107.06623077392578 32.052696228027344 126.0217514038086 50.961151123046875
ship 0.9873532 75.01024627685547 153.9921112060547 97.06302642822266 175.9485626220703
bird 0.9872723 47.17543411254883 189.0167694091797 78.93634033203125 221.0060577392578
automobile 0.98675555 197.09107971191406 129.03749084472656 215.9800262451172 148.02894592285156
airplane 0.9836947 157.09519958496094 186.063232421875 179.00184631347656 208.00140380859375
automobile 0.9813205 112.01822662353516 52.00703811645508 127.89933013916016 67.94627380371094
truck 0.98069173 38.07549285888672 112.08363342285156 73.05223083496094 147.06431579589844
airplane 0.97855085 105.06304931640625 146.08375549316406 126.96540832519531 168.02516174316406
ship 0.9777694 168.0505828857422 48.06064987182617 183.94956970214844 63.83237838745117
truck 0.9762285 192.0437469482422 196.04537963867188 211.00050354003906 214.97357177734375
deer 0.9754456 129.04066467285156 122.05512237548828 160.9999542236328 154.03656005859375
cat 0.97348106 81.02125549316406 73.04092407226562 112.93852233886719 105.06599426269531
automobile 0.9729047 69.99252319335938 3.147012710571289 96.03617858886719 28.86207389831543
airplane 0.97126913 27.081987380981445 39.1653938293457 61.85814666748047 74.03565979003906
deer 0.9690586 2.1036529541015625 210.0445098876953 39.96529006958008 248.0265350341797
truck 0.9679694 121.0577163696289 196.03883361816406 150.12754821777344 225.0951690673828
frog 0.96617806 63.119773864746094 44.087791442871094 89.05420684814453 69.90035247802734
deer 0.85923 13.073432922363281 0.9363346099853516 47.985477447509766 35.92998504638672
bird 0.85467666 127.10404968261719 72.98121643066406 159.0220184326172 104.92532348632812
