truck 0.9866365 14.105294227600098 190.16978454589844 33.035194396972656 209.0879364013672
ship 0.9864686 167.0486297607422 84.02101135253906 202.0735321044922 118.92657470703125
airplane 0.98358494 157.06507873535156 5.123719215393066 186.04246520996094 34.04937744140625
bird 0.9806348 97.0318603515625 180.03094482421875 126.121826171875 209.03085327148438
ship 0.9748398 63.033172607421875 31.100746154785156 95.1287841796875 63.02611541748047
deer 0.97465193 129.0226287841797 211.99127197265625 157.9119110107422 241.0576171875
ship 0.9734938 214.9715118408203 129.05650329589844 250.05323791503906 163.9984893798828
dog 0.9650668 169.2639617919922 42.61425018310547 191.15855407714844 63.856224060058594
cat 0.9574902 147.07138061523438 155.04122924804688 173.16030883789062 181.05966186523438
dog 0.9468941 72.05705261230469 67.98915100097656 94.01370239257812 90.03076171875
dog 0.9453416 55.04545211791992 133.9927520751953 80.92619323730469 159.9755096435547
deer 0.93990225 120.00997924804688 43.011268615722656 136.00872802734375 58.985931396484375
dog 0.9315347 110.0046157836914 136.74053955078125 141.98216247558594 168.9951171875
frog 0.9244863 172.05792236328125 188.10040283203125 204.00634765625 220.07220458984375
truck 0.85885996 10.993074417114258 146.0784149169922 43.000823974609375 177.8238983154297
airplane 0.6529486 137.09402465820312 95.96467590332031 158.96713256835938 118.03300476074219
frog 0.6212178 150.02462768554688 190.0476531982422 168.97088623046875 209.05760192871094
truck 0.5166127 137.0745086669922 96.08311462402344 158.94078063964844 118.04290771484375
dog 0.49047467 150.05894470214844 190.05247497558594 168.99656677246094 209.01600646972656
truck 0.47969708 213.0693359375 91.02472686767578 242.01766967773438 119.92462921142578
