truck 0.9908513 198.05902099609375 110.05718994140625 217.0455322265625 129.0010528564453
automobile 0.9887502 193.04019165039062 24.08606719970703 212.02273559570312 43.01661682128906
bird 0.9852208 107.08323669433594 71.05443572998047 126.02505493164062 89.9854965209961
truck 0.9840234 61.165096282958984 14.067788124084473 90.1019515991211 42.956443786621094
cat 0.98337173 79.96795654296875 206.9512939453125 106.03695678710938 233.11480712890625
truck 0.9832921 31.16595458984375 177.07797241210938 69.03359985351562 214.97653198242188
truck 0.9778588 123.99224090576172 208.9813995361328 155.9293212890625 241.0956268310547
dog 0.9706045 135.9988555908203 103.02804565429688 162.0499725341797 129.0435333251953
deer 0.9703034 169.93637084960938 130.05056762695312 201.88308715820312 162.07818603515625
airplane 0.96986634 155.03904724121094 71.98981475830078 181.0301971435547 97.94988250732422
cat 0.96235555 59.02558135986328 106.11859130859375 85.06877899169922 131.8843994140625
bird 0.9588989 187.0557403564453 70.98171997070312 219.02708435058594 103.00955200195312
deer 0.9095423 96.99824523925781 9.981305122375488 113.01521301269531 26.00507354736328
dog 0.9063221 29.041141510009766 97.05367279052734 47.984310150146484 116.04560089111328
airplane 0.7323168 31.053632736206055 143.85313415527344 50.064674377441406 162.97584533691406
frog 0.6148968 0.8956403732299805 163.0476837158203 17.036434173583984 178.99623107910156
frog 0.53424686 31.051942825317383 121.06462860107422 50.065093994140625 140.09194946289062
frog 0.5236581 139.07785034179688 144.02484130859375 164.9652099609375 169.9581298828125
ship 0.4769238 139.04457092285156 144.06565856933594 164.9044952392578 169.9784698486328
bird 0.4434685 0.9196853637695312 163.0601043701172 17.049230575561523 179.04637145996094
dog 0.37762272 31.06411361694336 121.03717041015625 50.06660079956055 140.05926513671875
bird 0.3743614 31.102048873901367 143.8563995361328 50.06288146972656 162.89637756347656
truck 0.22385731 96.96610260009766 9.990202903747559 113.0284194946289 26.05059814453125
