airplane 0.98226416 88.00326538085938 40.0544319152832 122.99105834960938 74.99818420410156
frog 0.98222005 137.1332550048828 93.03821563720703 166.0552520751953 121.96846771240234
truck 0.97818685 155.03953552246094 33.98684310913086 170.9945526123047 49.97478103637695
deer 0.9771413 27.06452178955078 112.0254898071289 55.874183654785156 141.0491943359375
cat 0.9767251 118.33622741699219 167.30746459960938 149.98423767089844 199.1136474609375
truck 0.9745549 23.02002716064453 65.04803466796875 61.04888916015625 103.053466796875
automobile 0.97437555 31.063186645507812 164.14390563964844 63.090576171875 196.1842803955078
truck 0.97382545 93.0449447631836 134.15321350097656 124.93193817138672 165.96910095214844
frog 0.97313476 147.0554656982422 1.0758485794067383 169.0122528076172 23.052631378173828
airplane 0.97116226 210.0326385498047 120.09272003173828 239.07472229003906 149.07362365722656
ship 0.9708557 62.00651168823242 203.07911682128906 84.02428436279297 225.07411193847656
deer 0.9547361 182.03713989257812 5.084018707275391 220.10589599609375 42.9569206237793
deer 0.9528973 143.9488525390625 209.0069580078125 159.99111938476562 224.9716796875
dog 0.7228546 65.95153045654297 120.97505950927734 88.00696563720703 143.04010009765625
cat 0.6541995 28.01040267944336 20.043968200683594 57.078617095947266 49.000404357910156
dog 0.6110145 5.058485984802246 107.01026153564453 20.97917938232422 123.1043472290039
ship 0.560025 207.04747009277344 188.01419067382812 233.04026794433594 213.97052001953125
cat 0.55536175 5.0484747886657715 107.03720092773438 21.0472354888916 123.07429504394531
dog 0.5186031 151.0640869140625 132.00787353515625 186.02114868164062 166.9871826171875
cat 0.5149662 151.0513458251953 132.03265380859375 186.0111541748047 167.00735473632812
automobile 0.51337063 212.13876342773438 85.15827941894531 237.96627807617188 111.15031433105469
bird 0.36155748 27.974143981933594 20.049785614013672 57.032867431640625 48.97140121459961
cat 0.34577543 212.15142822265625 85.14663696289062 237.9498291015625 111.14057922363281
cat 0.27834415 65.98880004882812 120.94500732421875 88.00611877441406 143.01611328125
airplane 0.23101145 212.17005920410156 85.1285171508789 237.9248809814453 111.11693572998047
dog 0.20620745 207.01846313476562 188.02182006835938 233.03976440429688 214.03250122070312
