airplane 0.9892891 99.0352783203125 182.01580810546875 118.01409912109375 200.98876953125
deer 0.986186 210.14828491210938 175.9666290283203 245.01507568359375 211.05686950683594
automobile 0.9852115 184.03353881835938 88.00819396972656 200.03976440429688 103.91793823242188
bird 0.9846533 16.043119430541992 197.9650115966797 45.09119415283203 226.9875946044922
automobile 0.9793097 172.13986206054688 128.05560302734375 204.05422973632812 160.04205322265625
automobile 0.97851944 31.081727981567383 79.1161880493164 65.98369598388672 114.22457122802734
dog 0.9778938 152.0600128173828 45.052947998046875 184.2202606201172 76.9738540649414
bird 0.9774405 72.96062469482422 8.094968795776367 110.99188995361328 46.11506652832031
bird 0.9771869 208.04254150390625 7.08641242980957 237.01263427734375 36.00920104980469
cat 0.9766929 170.03436279296875 18.115795135498047 189.07180786132812 37.03871154785156
automobile 0.97622836 211.0833740234375 82.02500915527344 246.06072998046875 117.07183837890625
bird 0.9754506 31.176111221313477 29.99724006652832 66.0403060913086 65.09477996826172
automobile 0.9753565 51.076881408691406 199.98451232910156 67.0412368774414 215.9529266357422
dog 0.9657052 187.00906372070312 50.12913513183594 212.91830444335938 76.07707214355469
truck 0.9587111 132.0958709716797 5.931900978088379 161.02125549316406 34.98017120361328
bird 0.95685136 18.089834213256836 115.37615203857422 55.98985290527344 153.15579223632812
ship 0.9452301 168.92465209960938 171.10687255859375 207.00228881835938 208.95864868164062
cat 0.7495542 133.09329223632812 174.00155639648438 167.83651733398438 209.04147338867188
frog 0.4992721 97.08512878417969 49.056739807128906 135.07449340820312 87.15239715576172
bird 0.4039715 96.99971008300781 48.99481201171875 135.01902770996094 87.02734375
cat 0.28266335 97.08512878417969 49.056739807128906 135.07449340820312 87.15239715576172
dog 0.24036428 133.1115264892578 174.0034637451172 167.88011169433594 208.96473693847656
