ship 0.9858593 90.02365112304688 160.08135986328125 111.96669006347656 182.04959106445312
frog 0.9856849 60.11475372314453 114.06123352050781 82.03034210205078 135.99632263183594
bird 0.98485243 21.068832397460938 39.03559112548828 40.008609771728516 57.99577331542969
deer 0.98415184 48.03437042236328 148.09909057617188 67.01384735107422 167.015625
automobile 0.9840355 94.08233642578125 114.08727264404297 123.08174133300781 143.06210327148438
bird 0.98008335 186.01998901367188 140.96878051757812 223.95932006835938 179.04537963867188
ship 0.97958195 10.030744552612305 77.07250213623047 45.09503936767578 111.95503997802734
truck 0.9745513 171.09410095214844 79.94188690185547 196.9558563232422 105.89324188232422
truck 0.9730776 88.06866455078125 75.98870849609375 110.04075622558594 98.04025268554688
ship 0.9728613 110.0747299194336 39.083740234375 145.00924682617188 74.01026153564453
airplane 0.9707248 4.044502258300781 128.05752563476562 30.04357147216797 153.98434448242188
cat 0.9692944 66.02630615234375 32.06439208984375 91.95205688476562 57.947540283203125
truck 0.9408654 167.99966430664062 125.96412658691406 184.01968383789062 141.94886779785156
bird 0.93649006 0.36178016662597656 199.9536895751953 33.07982635498047 231.89137268066406
frog 0.9223477 182.13180541992188 193.12161254882812 204.02127075195312 215.04098510742188
truck 0.91978484 56.02192687988281 181.10447692871094 81.97122192382812 207.0620880126953
airplane 0.9134685 135.1134033203125 144.11187744140625 172.90811157226562 182.0045166015625
bird 0.821943 214.0973358154297 53.20420837402344 243.0124053955078 81.92298889160156
cat 0.7409278 161.29794311523438 45.85669708251953 187.07965087890625 72.07917022705078
airplane 0.26086408 213.96893310546875 53.23875045776367 242.99221801757812 81.95536804199219
frog 0.20146003 161.3389892578125 45.814476013183594 187.08352661132812 72.02159118652344
