truck 0.98825914 152.04080200195312 131.04248046875 170.99453735351562 149.97344970703125
bird 0.9825163 52.082427978515625 30.18069839477539 84.06971740722656 61.9628791809082
cat 0.98213905 206.06846618652344 203.07054138183594 228.0201873779297 225.01783752441406
dog 0.98118174 195.9944305419922 117.04774475097656 224.96067810058594 146.01356506347656
airplane 0.9793727 113.02812957763672 140.13351440429688 139.07762145996094 165.99240112304688
frog 0.9788112 123.0713882446289 37.154296875 141.9342041015625 55.96173095703125
deer 0.97627413 173.0743408203125 147.02362060546875 205.07785034179688 179.02325439453125
automobile 0.97076905 78.00865936279297 101.01392364501953 116.0418930053711 138.91819763183594
airplane 0.97048604 22.044652938842773 31.16060447692871 51.017478942871094 60.03142547607422
automobile 0.9627001 7.099151611328125 73.05844116210938 41.953025817871094 108.08566284179688
truck 0.95756346 168.9991455078125 53.01959228515625 200.9365234375 85.06330871582031
automobile 0.9545866 49.154502868652344 186.72752380371094 86.93294525146484 224.81617736816406
airplane 0.9507394 123.1072769165039 72.04509735107422 152.0308837890625 100.98511505126953
frog 0.9303199 119.00215911865234 172.0584716796875 135.04086303710938 188.00076293945312
frog 0.85881764 174.08314514160156 23.983572006225586 200.1616668701172 49.964569091796875
frog 0.6717513 99.99905395507812 204.00540161132812 119.06251525878906 222.914306640625
deer 0.66071486 13.015292167663574 200.05453491210938 31.998092651367188 219.0794677734375
dog 0.61070734 2.0663223266601562 180.13775634765625 21.1373348236084 199.07516479492188
bird 0.59967965 201.9016876220703 29.110109329223633 220.99595642089844 48.065513610839844
cat 0.4526635 202.10763549804688 29.090986251831055 220.99017333984375 48.03565216064453
dog 0.4128762 12.967434883117676 200.0659942626953 31.88582992553711 219.15550231933594
bird 0.36461186 2.0236997604370117 180.1185302734375 20.99771499633789 199.01934814453125
automobile 0.30320382 100.0167007446289 204.05503845214844 118.87569427490234 222.98634338378906
cat 0.2547508 12.967434883117676 200.0659942626953 31.88582992553711 219.15550231933594
frog 0.23912823 2.0236997604370117 180.1185302734375 20.99771499633789 199.01934814453125
cat 0.21292174 100.0480728149414 204.05210876464844 119.0730972290039 222.8367462158203
