bird 0.9854599 133.06138610839844 74.09042358398438 162.03794860839844 103.05937194824219
truck 0.98519087 44.08465576171875 172.01239013671875 60.037933349609375 188.0771484375
frog 0.98243636 54.94309616088867 41.892425537109375 83.96406555175781 71.03636932373047
deer 0.981441 202.94175720214844 155.05210876464844 240.96043395996094 193.11375427246094
deer 0.9811944 128.1329345703125 125.0685806274414 156.92538452148438 153.9735565185547
ship 0.9792323 1.096771240234375 206.05950927734375 36.0250358581543 240.9989013671875
ship 0.9775769 31.08314323425293 54.11683654785156 53.008445739746094 76.07380676269531
ship 0.9754573 3.941577911376953 76.95232391357422 35.94717788696289 109.04837799072266
ship 0.9739424 113.0082015991211 193.0099639892578 151.043701171875 231.00621032714844
ship 0.97030985 162.00494384765625 11.079025268554688 191.2618408203125 40.01057434082031
ship 0.96702844 71.07167053222656 20.021209716796875 90.05380249023438 39.076805114746094
cat 0.96291196 5.209080696105957 152.03173828125 23.920135498046875 171.01229858398438
deer 0.95592535 160.07644653320312 174.0691375732422 188.99563598632812 202.87742614746094
truck 0.94862044 75.0927505493164 143.14779663085938 113.00170135498047 181.08065795898438
airplane 0.9429059 215.16668701171875 194.1497344970703 243.89602661132812 222.92063903808594
bird 0.90858215 95.99431610107422 46.07453536987305 122.1047134399414 71.98733520507812
dog 0.76733327 126.93214416503906 30.092853546142578 159.07078552246094 61.90962600708008
frog 0.53701717 186.0865936279297 127.0815200805664 207.9752960205078 148.9734649658203
deer 0.3365469 186.04843139648438 127.10594177246094 208.07473754882812 148.9764862060547
cat 0.22756368 186.04843139648438 127.10594177246094 208.07473754882812 148.9764862060547
dog 0.2078389 186.06890869140625 127.09456634521484 207.98651123046875 148.97921752929688
