airplane 0.9843273 19.103172302246094 43.15754699707031 48.0367431640625 72.04120635986328
airplane 0.9814786 95.10416412353516 103.95921325683594 130.1259765625 138.97723388671875
truck 0.98127776 10.100830078125 78.9852523803711 47.88793182373047 117.05597686767578
truck 0.98063517 163.98558044433594 19.925535202026367 196.1283721923828 52.08818817138672
deer 0.98054254 182.00735473632812 213.9835968017578 214.02749633789062 245.9528045654297
dog 0.97733283 113.02082061767578 46.052528381347656 142.0748291015625 74.85587310791016
automobile 0.9770384 48.9864501953125 90.04261779785156 86.93182373046875 128.003662109375
frog 0.97685 212.10166931152344 164.07504272460938 238.0643768310547 189.97515869140625
truck 0.97522056 91.06381225585938 190.98785400390625 117.024658203125 217.04876708984375
ship 0.97451013 73.06707000732422 4.013067245483398 108.0575180053711 39.014060974121094
frog 0.9736099 136.0240478515625 159.02305603027344 154.92813110351562 177.94837951660156
airplane 0.97220224 199.09095764160156 50.94371795654297 236.9668731689453 89.09290313720703
dog 0.9649738 18.17949104309082 198.09024047851562 55.98445129394531 235.98086547851562
cat 0.9618499 199.15914916992188 7.239428520202637 224.96685791015625 33.0018424987793
automobile 0.9438377 135.9733123779297 212.03579711914062 161.93980407714844 237.93743896484375
cat 0.93714786 213.09539794921875 92.26557159423828 235.09674072265625 114.1005630493164
ship 0.885057 82.04893493652344 73.036376953125 98.02992248535156 89.08250427246094
cat 0.7676815 140.02874755859375 118.03860473632812 175.06967163085938 153.06304931640625
airplane 0.22210625 82.02216339111328 73.03646850585938 98.01953887939453 89.10421752929688
