bird 0.9867537 209.0467987060547 60.02880859375 231.03868103027344 82.03977966308594
automobile 0.98270303 37.13744354248047 84.99143981933594 71.9669189453125 119.96620178222656
deer 0.9805608 63.109535217285156 54.982643127441406 92.01190948486328 83.98741912841797
deer 0.9799904 61.1001091003418 141.02902221679688 93.04605102539062 173.0438232421875
airplane 0.97962546 29.07183837890625 203.13528442382812 66.91171264648438 240.93832397460938
bird 0.9788455 60.03223419189453 19.081798553466797 88.93814849853516 48.00693893432617
automobile 0.9743353 155.0539093017578 105.02448272705078 192.96897888183594 143.00856018066406
ship 0.9739337 175.06884765625 18.104293823242188 204.0611572265625 47.00885772705078
ship 0.97243714 97.1491928100586 107.18136596679688 132.0161590576172 142.05859375
dog 0.96919787 125.1300277709961 200.98890686035156 162.97598266601562 239.0690155029297
truck 0.96390903 120.0498275756836 18.995716094970703 155.00454711914062 54.11992263793945
truck 0.95203555 114.00898742675781 68.00749206542969 152.0084686279297 105.84408569335938
dog 0.9197168 151.1400146484375 164.13726806640625 177.023193359375 189.97470092773438
cat 0.90519214 208.03915405273438 102.03166198730469 239.922119140625 133.94119262695312
dog 0.76658857 206.01852416992188 149.0318603515625 238.09463500976562 181.01663208007812
bird 0.7526028 101.07745361328125 175.0696258544922 119.99676513671875 193.95066833496094
deer 0.7181512 167.01364135742188 48.21226501464844 186.07693481445312 67.04764556884766
frog 0.33892035 4.028891086578369 179.9832763671875 20.019014358520508 195.97787475585938
dog 0.30788872 167.03575134277344 48.20928192138672 185.98304748535156 66.9296875
cat 0.29444402 195.06874084472656 192.89105224609375 232.8159637451172 231.1417236328125
dog 0.2822302 4.0406599044799805 179.9928436279297 20.025405883789062 195.98463439941406
deer 0.26362032 4.028891086578369 179.9832763671875 20.019014358520508 195.97787475585938
cat 0.25938615 206.057861328125 149.05935668945312 238.0948486328125 181.00106811523438
bird 0.25826967 3.9082822799682617 179.93359375 20.004531860351562 195.99566650390625
airplane 0.25328818 101.07745361328125 175.0696258544922 119.99676513671875 193.95066833496094
cat 0.24809402 4.0406599044799805 179.9928436279297 20.025405883789062 195.98463439941406
