truck 0.98752224 168.06488037109375 135.03271484375 186.96612548828125 154.07061767578125
automobile 0.98037195 102.07402038574219 93.07649230957031 133.94537353515625 124.98063659667969
automobile 0.97731066 14.017654418945312 110.06775665283203 46.099002838134766 142.05824279785156
bird 0.97509706 93.91860961914062 204.92791748046875 129.06109619140625 240.0269775390625
airplane 0.9733187 211.04005432128906 27.03610610961914 226.9612274169922 42.97441482543945
airplane 0.97228706 0.9351024627685547 184.9112548828125 38.96599578857422 223.09109497070312
cat 0.9591173 57.01863098144531 95.06641387939453 73.02388000488281 111.10741424560547
deer 0.9579848 198.0919189453125 92.06727600097656 236.02975463867188 130.02362060546875
cat 0.9552717 194.0869140625 134.00228881835938 228.88421630859375 168.976806640625
truck 0.94388604 145.10548400878906 76.19990539550781 177.0060577392578 107.93644714355469
dog 0.9380715 18.194528579711914 31.09381675720215 53.020301818847656 65.9992446899414
cat 0.83148706 152.0126190185547 156.00233459472656 187.0413360595703 191.11729431152344
bird 0.79179865 120.98052978515625 160.08517456054688 140.04254150390625 178.9810791015625
deer 0.78823614 147.15586853027344 8.102113723754883 179.0621795654297 39.954681396484375
bird 0.6765239 174.98355102539062 45.06053161621094 194.02084350585938 64.01838684082031
frog 0.57283115 91.14415740966797 137.10018920898438 116.92827606201172 163.07376098632812
cat 0.5440904 107.06098175048828 59.124568939208984 136.05404663085938 87.90679168701172
dog 0.51793975 213.1414794921875 195.08807373046875 251.0552978515625 232.9512939453125
frog 0.44921094 213.09767150878906 195.04466247558594 250.9848175048828 232.9362030029297
cat 0.38750425 115.08149719238281 36.05600357055664 137.00198364257812 57.9576530456543
airplane 0.37477118 107.07164001464844 59.024620056152344 136.01507568359375 87.89437103271484
airplane 0.3723035 174.978271484375 45.05067825317383 193.9967041015625 63.97196578979492
cat 0.3136586 147.09783935546875 8.114002227783203 179.04867553710938 39.93307876586914
bird 0.30332386 91.12307739257812 137.01287841796875 116.99555969238281 163.0296630859375
cat 0.25351512 212.7417449951172 194.937255859375 251.0838165283203 232.85202026367188
deer 0.2400648 91.14415740966797 137.10018920898438 116.92827606201172 163.07376098632812
cat 0.23646295 120.77146911621094 160.10464477539062 140.0071563720703 178.99734497070312
dog 0.20304021 106.98194122314453 59.01524353027344 136.02984619140625 87.83998107910156
