deer 0.98705596 82.06945037841797 184.13665771484375 101.04071807861328 202.98382568359375
bird 0.9840419 90.06514739990234 68.05294799804688 116.04943084716797 93.92869567871094
frog 0.9813541 22.030555725097656 199.08204650878906 41.03636169433594 217.9615936279297
truck 0.9810728 202.02427673339844 34.053524017333984 239.99073791503906 72.08177185058594
deer 0.97994393 118.0767822265625 30.075281143188477 139.93106079101562 52.0152587890625
ship 0.9772253 24.047155380249023 109.0155029296875 59.032569885253906 143.8077850341797
deer 0.9733521 45.051483154296875 27.045574188232422 71.09376525878906 53.05764389038086
deer 0.9702433 46.01604461669922 199.04478454589844 72.0567398071289 225.01466369628906
deer 0.96956515 146.11582946777344 155.09727478027344 177.99562072753906 187.0376739501953
truck 0.96902347 157.05479431152344 27.080881118774414 194.88331604003906 65.0464096069336
frog 0.96685827 30.080425262451172 68.11729431152344 64.87519836425781 103.1416015625
automobile 0.9401475 0.0 23.968027114868164 16.00281524658203 40.00273132324219
cat 0.93374157 72.06737518310547 134.04383850097656 104.00682830810547 165.97068786621094
dog 0.9085012 148.07305908203125 85.05650329589844 180.02755737304688 116.89859008789062
cat 0.8964743 207.00259399414062 144.9486541748047 236.02764892578125 173.9633331298828
frog 0.8959787 10.848845481872559 146.9908905029297 42.808349609375 179.02906799316406
ship 0.8564654 0.057769775390625 118.99066162109375 22.140134811401367 141.12594604492188
deer 0.7023491 167.13380432128906 192.91796875 195.9172821044922 222.01358032226562
deer 0.34749386 212.0526123046875 79.01245880126953 240.953369140625 108.01712799072266
cat 0.26238367 212.09408569335938 79.0224838256836 240.90176391601562 107.96045684814453
