truck 0.9830699 68.07972717285156 149.05184936523438 103.10162353515625 183.94708251953125
automobile 0.98228645 11.056451797485352 44.033302307128906 45.94999694824219 79.09019470214844
automobile 0.9809574 208.06715393066406 212.05101013183594 246.0084991455078 250.1192169189453
airplane 0.977156 51.10289764404297 45.928001403808594 86.08377838134766 80.93245697021484
dog 0.97673965 211.06930541992188 3.1278247833251953 233.03848266601562 25.064725875854492
ship 0.972847 30.027061462402344 205.07460021972656 65.07364654541016 239.9849395751953
truck 0.9678776 205.05532836914062 64.99056243896484 230.9014892578125 91.00481414794922
dog 0.9672557 199.18894958496094 120.05287170410156 237.0046844482422 157.9276580810547
airplane 0.9605701 84.06534576416016 190.08544921875 119.17096710205078 225.0379638671875
deer 0.95870906 99.04871368408203 111.08138275146484 131.02386474609375 143.0466766357422
frog 0.9507606 47.080833435058594 102.10418701171875 68.96720886230469 124.01309204101562
ship 0.9485237 122.16901397705078 201.9688262939453 148.52041625976562 227.8546905517578
cat 0.943717 93.1269302368164 78.0833740234375 124.83881378173828 109.92819213867188
truck 0.94141895 108.07115173339844 43.10710906982422 134.0345001220703 69.0484848022461
bird 0.93480295 161.94967651367188 32.11124801635742 181.02557373046875 51.00101089477539
deer 0.90780723 19.043323516845703 101.08573913574219 34.97431182861328 116.93231201171875
ship 0.8828912 79.99656677246094 13.038392066955566 109.00041198730469 42.04960250854492
cat 0.6901337 149.98828125 192.83265686035156 182.1458740234375 225.16160583496094
deer 0.22736168 149.90621948242188 192.9528045654297 182.14883422851562 224.9843292236328
