automobile 0.9821653 23.086254119873047 101.9876937866211 60.903438568115234 140.0115509033203
deer 0.9797739 129.0694580078125 82.08497619628906 151.09115600585938 104.06791687011719
ship 0.97673976 155.07989501953125 199.05783081054688 186.9730224609375 231.00192260742188
airplane 0.9763241 193.05123901367188 67.05542755126953 230.9427490234375 105.05579376220703
cat 0.9760608 209.0526580810547 12.088873863220215 241.0165557861328 44.02262878417969
dog 0.9700625 86.03394317626953 41.09931945800781 121.10924530029297 76.08319091796875
deer 0.96946764 19.123241424560547 141.02174377441406 51.055660247802734 173.06459045410156
frog 0.96328723 18.14147186279297 44.98614501953125 44.04423522949219 71.0252914428711
ship 0.96167254 99.97271728515625 152.2803192138672 135.04571533203125 187.0636444091797
frog 0.9598284 211.2297821044922 187.0069580078125 243.1095733642578 219.020751953125
deer 0.95949924 57.07350158691406 180.05111694335938 95.09854125976562 218.04269409179688
dog 0.954546 120.11378479003906 109.0212631225586 155.04722595214844 144.0506134033203
cat 0.9445141 98.04219818115234 207.03842163085938 126.91693878173828 236.07357788085938
airplane 0.90081376 111.98011016845703 20.06485939025879 131.076904296875 38.97673797607422
dog 0.85063946 190.9799346923828 171.9163818359375 207.0365447998047 188.06625366210938
cat 0.56082785 166.9375762939453 142.0971221923828 193.0674591064453 168.00355529785156
deer 0.46323296 166.9300079345703 142.0686492919922 193.0651092529297 168.01670837402344
cat 0.44777155 196.2964324951172 144.14962768554688 221.93678283691406 169.87429809570312
dog 0.29976523 196.2964324951172 144.14962768554688 221.93678283691406 169.87429809570312
bird 0.25413394 111.85697937011719 19.995342254638672 131.1212615966797 39.03020477294922
deer 0.23859593 196.2964324951172 144.14962768554688 221.93678283691406 169.87429809570312
