automobile 0.9829044 206.01837158203125 99.09239959716797 224.95736694335938 118.03282928466797
bird 0.9801099 60.07266616821289 99.99800109863281 95.06782531738281 134.95626831054688
automobile 0.9797348 136.08523559570312 180.02137756347656 173.9954833984375 218.02162170410156
truck 0.97937477 177.11581420898438 16.073871612548828 202.97817993164062 42.047874450683594
frog 0.976509 90.06011962890625 159.98092651367188 119.03764343261719 188.94448852539062
ship 0.9758075 134.9987030029297 4.088327407836914 169.93812561035156 39.02007293701172
deer 0.9712852 30.062747955322266 43.04820251464844 48.99454116821289 62.02489471435547
frog 0.9671555 35.055328369140625 181.0570068359375 54.04534149169922 199.96768188476562
cat 0.9629599 135.04356384277344 120.08576965332031 172.9919891357422 157.9733123779297
automobile 0.960821 103.09099578857422 108.07268524169922 129.0499725341797 134.05770874023438
deer 0.95933837 2.0079760551452637 109.00489807128906 17.976438522338867 124.9993896484375
automobile 0.95829266 136.0765380859375 56.051361083984375 162.05459594726562 81.97418212890625
cat 0.9230303 13.074928283691406 131.99215698242188 51.07524871826172 169.96377563476562
deer 0.8887768 157.05409240722656 93.05165100097656 176.0135040283203 111.95945739746094
frog 0.784722 180.0352325439453 147.0834503173828 199.0325469970703 165.9611053466797
cat 0.68674695 62.06566619873047 197.97622680664062 81.06987762451172 217.0675048828125
cat 0.66997695 208.06747436523438 210.09747314453125 246.02078247070312 247.89114379882812
airplane 0.63988733 88.01785278320312 43.121360778808594 109.97479248046875 65.02156829833984
cat 0.46403432 87.98767852783203 43.089439392089844 109.99051666259766 65.02210998535156
dog 0.40641743 202.0296630859375 52.004520416259766 227.94525146484375 77.99295043945312
deer 0.39552197 62.069496154785156 198.00924682617188 81.06395721435547 217.02691650390625
bird 0.3483351 180.08236694335938 147.15065002441406 198.95797729492188 166.0231475830078
frog 0.29368576 207.97315979003906 210.0163116455078 245.92738342285156 247.76905822753906
deer 0.27331418 202.02735900878906 52.01158142089844 227.92616271972656 78.00398254394531
bird 0.22198054 88.04132080078125 43.23605728149414 110.06968688964844 65.0838623046875
