bird 0.98144287 19.087535858154297 177.0212860107422 54.011287689208984 211.97779846191406
dog 0.9802729 204.0752716064453 59.39711380004883 223.09608459472656 78.00240325927734
ship 0.97796166 140.981201171875 166.0254364013672 175.96380615234375 201.0458221435547
ship 0.9772116 184.02020263671875 24.934200286865234 215.90615844726562 57.05067825317383
automobile 0.97700787 171.9410400390625 81.08211517333984 207.04226684570312 116.0216293334961
deer 0.9721986 38.09014129638672 24.949363708496094 67.07261657714844 54.011756896972656
frog 0.9696265 64.04241943359375 205.05625915527344 89.90986633300781 231.1254119873047
airplane 0.96659887 78.04768371582031 30.08672332763672 100.03463745117188 52.009490966796875
dog 0.9626936 189.89625549316406 214.03030395507812 206.24696350097656 230.04754638671875
dog 0.9413913 139.05111694335938 91.18563842773438 165.07943725585938 117.04081726074219
cat 0.94057226 64.99803924560547 144.05589294433594 84.07854461669922 163.04225158691406
dog 0.9245627 15.029763221740723 105.06680297851562 43.9565315246582 134.00039672851562
dog 0.59000486 63.10604476928711 173.04591369628906 85.0711441040039 194.9885711669922
deer 0.5789146 87.10465240478516 160.99317932128906 116.0708236694336 190.1285858154297
bird 0.55044204 46.001434326171875 102.03865051269531 68.0436782836914 123.99609375
dog 0.5484588 185.3423309326172 129.5419158935547 203.96778869628906 151.8562774658203
deer 0.5424383 102.06339263916016 116.05215454101562 123.99019622802734 137.98553466796875
cat 0.3812018 185.690673828125 129.3722686767578 203.89248657226562 151.98387145996094
dog 0.35287726 46.05413818359375 101.97429656982422 68.00149536132812 124.02860260009766
cat 0.24649438 46.02383804321289 101.94564819335938 67.96851348876953 124.02232360839844
