frog 0.9847156 213.0403594970703 89.045166015625 241.93812561035156 117.96870422363281
bird 0.9829551 97.04307556152344 11.949533462524414 131.97947692871094 47.07775115966797
dog 0.978582 189.07119750976562 184.99635314941406 220.95230102539062 217.0530548095703
automobile 0.9784908 151.02313232421875 101.07520294189453 180.03524780273438 130.14479064941406
frog 0.97763264 116.02252197265625 108.04285430908203 135.042724609375 127.06961822509766
deer 0.976092 17.080799102783203 72.15351104736328 39.101139068603516 94.01824188232422
bird 0.97408724 70.20430755615234 91.94705963134766 96.1303482055664 118.05265045166016
ship 0.9716331 73.02937316894531 212.05735778808594 91.96632385253906 231.0409393310547
ship 0.9684212 146.14572143554688 56.039329528808594 177.96340942382812 87.94322967529297
automobile 0.95178777 20.033029556274414 134.05841064453125 58.040687561035156 172.20217895507812
airplane 0.93956745 202.03646850585938 10.013873100280762 218.05813598632812 25.94522476196289
bird 0.91083324 92.00524139404297 141.00831604003906 121.04560089111328 169.88279724121094
bird 0.8590863 17.060775756835938 19.020000457763672 39.062049865722656 40.994361877441406
deer 0.8268751 206.04249572753906 60.11920928955078 232.01182556152344 86.0891342163086
cat 0.787917 16.082963943481445 188.00045776367188 53.9730224609375 226.08154296875
cat 0.779649 41.0867919921875 106.0357437133789 63.089332580566406 127.93106842041016
cat 0.65043724 192.0477294921875 148.1069793701172 221.02310180664062 177.0500030517578
dog 0.5572624 70.99324035644531 45.94157028198242 87.04841613769531 61.9874153137207
frog 0.38389277 16.173402786254883 188.00767517089844 54.00006866455078 225.89430236816406
dog 0.31195006 192.10433959960938 148.08273315429688 221.05535888671875 176.99679565429688
bird 0.20206505 192.10433959960938 148.08273315429688 221.05535888671875 176.99679565429688
