automobile 0.9876668 123.99101257324219 173.12229919433594 145.99424743652344 195.0005645751953
frog 0.9835408 157.17135620117188 107.0103988647461 186.04412841796875 136.01026916503906
deer 0.9805804 215.04322814941406 107.08567810058594 252.92625427246094 145.02261352539062
airplane 0.9799607 39.027992248535156 185.0080108642578 71.03118133544922 217.0489044189453
airplane 0.9799303 1.1198453903198242 160.0454559326172 30.033737182617188 189.0355987548828
airplane 0.9797659 210.09463500976562 41.03141784667969 239.03561401367188 70.00067901611328
cat 0.97617215 79.09185791015625 152.97811889648438 107.9937744140625 181.98007202148438
frog 0.9727036 176.05120849609375 72.14380645751953 208.010986328125 103.86145782470703
ship 0.9700471 85.95145416259766 111.09776306152344 120.99469757080078 145.72120666503906
frog 0.9700223 149.95526123046875 155.03555297851562 184.89813232421875 189.9454345703125
cat 0.9699583 40.050453186035156 65.87664794921875 77.99790954589844 103.96781921386719
deer 0.96981084 145.96241760253906 1.9930143356323242 175.14378356933594 31.059432983398438
frog 0.9674808 6.064523696899414 4.035063743591309 38.086204528808594 32.159759521484375
deer 0.9672502 184.98081970214844 14.015117645263672 211.1117706298828 39.975830078125
frog 0.96596485 35.05498504638672 127.03047943115234 73.0044937133789 164.91094970703125
dog 0.9577315 205.03494262695312 158.135498046875 223.68115234375 176.99334716796875
truck 0.83577144 0.0 53.01775360107422 35.03043746948242 87.96595001220703
ship 0.2977165 0.0 53.00297546386719 34.95476531982422 87.9420166015625
