cat 0.98289347 187.05612182617188 119.99693298339844 219.04638671875 151.9807586669922
ship 0.9826468 133.1138916015625 79.97248077392578 149.07101440429688 95.9469223022461
automobile 0.9825409 142.02377319335938 142.1174774169922 158.0238037109375 157.9536895751953
deer 0.9817669 104.99394989013672 169.89321899414062 136.97076416015625 202.0977783203125
bird 0.9817268 111.0772476196289 142.02871704101562 137.10873413085938 168.2025146484375
deer 0.9799098 202.01043701171875 184.9739227294922 231.02944946289062 213.88255310058594
frog 0.9744882 146.9879913330078 110.08314514160156 162.9752960205078 125.99360656738281
bird 0.97196734 51.02993392944336 144.02928161621094 69.97550201416016 163.01564025878906
truck 0.97183084 112.97113037109375 210.9508819580078 138.931884765625 237.0455780029297
ship 0.9712298 9.034271240234375 183.00732421875 44.079917907714844 218.096435546875
automobile 0.97021484 103.04757690429688 17.059093475341797 129.0631866455078 42.97722625732422
deer 0.9683627 147.0633087158203 183.9857635498047 163.0045623779297 199.97935485839844
cat 0.93481433 195.08917236328125 86.11894989013672 217.078857421875 108.00035858154297
truck 0.89759755 48.07207489013672 75.12904357910156 73.96241760253906 100.88438415527344
ship 0.89542943 181.9603271484375 208.99871826171875 198.05230712890625 224.98904418945312
dog 0.8755996 151.04595947265625 9.007713317871094 169.91604614257812 28.034271240234375
dog 0.7449397 173.0683135986328 19.987091064453125 189.0397186279297 35.968692779541016
bird 0.49483305 65.09117889404297 166.0811004638672 87.06233978271484 188.0381622314453
deer 0.38414714 65.11214447021484 166.09429931640625 87.04300689697266 188.08139038085938
cat 0.2725253 173.0683135986328 19.987091064453125 189.0397186279297 35.968692779541016
cat 0.26547232 151.06820678710938 9.129509925842285 169.88925170898438 28.01396942138672
