automobile 0.98875284 86.08436584472656 45.11307144165039 107.95133972167969 67.1540298461914
frog 0.9874799 110.10717010498047 157.14515686035156 132.003173828125 178.97080993652344
deer 0.9832796 84.0269775390625 207.0743865966797 103.05021667480469 226.0210723876953
frog 0.9797313 194.03701782226562 31.03101348876953 225.98028564453125 63.03252410888672
deer 0.9779043 127.07960510253906 187.9798126220703 161.97349548339844 223.07765197753906
bird 0.9774178 169.07888793945312 201.86785888671875 201.23574829101562 233.9384765625
truck 0.9768201 204.84359741210938 202.0188446044922 233.9619140625 231.02699279785156
truck 0.9746417 175.01589965820312 67.07819366455078 213.02215576171875 105.01995086669922
airplane 0.96941435 79.05329895019531 68.45068359375 105.17021179199219 93.98973083496094
cat 0.9676351 56.06061935424805 118.08827209472656 74.95808410644531 137.0115509033203
cat 0.96715194 196.0244598388672 120.08784484863281 233.98402404785156 157.9672393798828
truck 0.96208376 109.02410125732422 112.0152587890625 135.03811645507812 138.06097412109375
frog 0.94723475 10.932619094848633 91.99906921386719 49.01698303222656 130.02154541015625
truck 0.9440733 151.06700134277344 5.952766418457031 182.9817657470703 38.05677032470703
cat 0.938061 61.078514099121094 91.02536010742188 76.99811553955078 106.99298095703125
truck 0.90809524 170.0525360107422 42.026512145996094 192.0775604248047 63.90563201904297
deer 0.85476875 106.03964233398438 72.05036926269531 143.98619079589844 109.95869445800781
cat 0.6781502 170.5840606689453 162.98849487304688 201.96278381347656 195.378173828125
ship 0.4786621 7.026679992675781 202.0579376220703 42.031524658203125 236.99522399902344
airplane 0.46122628 7.026679992675781 202.0579376220703 42.031524658203125 236.99522399902344
dog 0.2485516 170.45265197753906 163.00584411621094 202.0065460205078 195.4218292236328
