automobile 0.9881946 45.04064178466797 17.029678344726562 67.06590270996094 39.03424072265625
truck 0.98525923 71.97024536132812 124.02855682373047 94.00691223144531 146.03842163085938
airplane 0.98354244 46.035152435302734 55.065406799316406 83.94792175292969 92.96251678466797
deer 0.98339975 183.9696502685547 179.06878662109375 212.9988555908203 207.97625732421875
truck 0.98116636 147.0750274658203 178.06459045410156 181.8998260498047 213.12669372558594
truck 0.9743056 82.0018539428711 150.05783081054688 107.99207305908203 175.509765625
dog 0.96882963 123.02577209472656 138.08013916015625 155.04811096191406 169.98477172851562
frog 0.9632127 204.0876922607422 66.05033874511719 241.91526794433594 104.01457214355469
ship 0.9625782 0.9936981201171875 193.9773406982422 38.93555450439453 232.0707550048828
deer 0.9585793 97.0179672241211 5.006628036499023 131.91482543945312 40.05766296386719
dog 0.954198 30.04729461669922 109.150634765625 58.91498565673828 138.1770477294922
frog 0.9508184 92.09247589111328 80.98816680908203 127.01920318603516 116.04790496826172
ship 0.94566965 132.0396270751953 111.95001983642578 154.0308074951172 133.74224853515625
bird 0.94378525 150.00265502929688 28.0822696685791 169.03768920898438 47.086753845214844
automobile 0.9246015 68.92993927001953 5.23246955871582 94.9921646118164 30.989168167114258
frog 0.84072506 159.11790466308594 90.00418090820312 194.0901641845703 124.9583740234375
automobile 0.7949892 29.055795669555664 141.90980529785156 48.004920959472656 161.03977966308594
deer 0.6870897 0.9795970916748047 36.017635345458984 20.01378059387207 54.98688888549805
dog 0.5911037 0.0 8.9893798828125 26.090116500854492 35.00064468383789
airplane 0.2869522 0.9791898727416992 36.03185272216797 19.983299255371094 54.996246337890625
bird 0.26749146 0.0 8.929868698120117 26.13955307006836 34.98047637939453
ship 0.2585594 29.15369415283203 141.78494262695312 47.97871398925781 160.97409057617188
airplane 0.23157611 29.15369415283203 141.78494262695312 47.97871398925781 160.97409057617188
bird 0.21217865 0.8254318237304688 36.06089782714844 20.040828704833984 55.05571746826172
dog 0.20857438 0.8254318237304688 36.06089782714844 20.040828704833984 55.05571746826172
