automobile 0.9885557 74.04790496826172 148.10675048828125 95.96936798095703 170.02578735351562
automobile 0.983716 7.079361915588379 213.06394958496094 29.046066284179688 234.8406524658203
automobile 0.9834953 178.01573181152344 159.05123901367188 210.0169219970703 191.02798461914062
frog 0.9815135 81.05831146240234 190.08958435058594 119.0334243774414 228.00364685058594
frog 0.98125875 208.09510803222656 205.1445770263672 237.01268005371094 233.96653747558594
airplane 0.9798549 187.07286071777344 11.992059707641602 224.94825744628906 49.932830810546875
frog 0.97883505 76.00997161865234 51.09840393066406 111.08843231201172 86.16815185546875
ship 0.97608376 13.072912216186523 75.07817840576172 50.98320007324219 113.05620574951172
bird 0.97568095 125.98773956298828 152.09393310546875 163.77532958984375 190.0626220703125
dog 0.975299 25.03489875793457 37.06526184082031 60.031890869140625 72.12049865722656
frog 0.97456956 171.07904052734375 100.01329040527344 199.95687866210938 129.04055786132812
truck 0.9396475 143.1120147705078 11.989900588989258 169.09681701660156 37.98771667480469
deer 0.9314555 158.11805725097656 52.03973388671875 187.04859924316406 80.95040893554688
dog 0.9258462 141.1567840576172 86.11871337890625 169.71177673339844 115.03103637695312
ship 0.92271304 111.97354125976562 104.0554428100586 137.8655548095703 130.08724975585938
truck 0.9207898 207.08544921875 74.93738555908203 241.98516845703125 110.05248260498047
frog 0.7646153 30.063779830932617 160.9728240966797 65.08995819091797 195.96534729003906
cat 0.73574054 84.08438110351562 88.01567840576172 103.0699462890625 107.01656341552734
cat 0.6512363 117.10792541503906 11.056825637817383 139.1575164794922 33.05122375488281
truck 0.6246515 117.06066131591797 11.051102638244629 139.21131896972656 33.05400085449219
airplane 0.45448565 30.069318771362305 160.9678955078125 65.05192565917969 195.96160888671875
dog 0.29825413 84.16131591796875 88.04478454589844 102.97184753417969 107.17056274414062
truck 0.20582831 84.16131591796875 88.04478454589844 102.97184753417969 107.17056274414062
