frog 0.9874942 82.02342224121094 142.00503540039062 101.06466674804688 161.03887939453125
cat 0.9874742 55.076873779296875 76.13192749023438 77.01322937011719 97.98164367675781
truck 0.9844258 103.04730224609375 151.95877075195312 137.9983367919922 186.91619873046875
automobile 0.9843246 159.13619995117188 95.06632232666016 181.0235595703125 117.0357437133789
automobile 0.9841063 111.05364990234375 115.03170776367188 140.02426147460938 143.98468017578125
airplane 0.9826264 190.0325469970703 71.98151397705078 227.9885711669922 109.97789764404297
dog 0.9818256 72.01841735839844 11.086322784423828 104.04769897460938 42.95481872558594
truck 0.9818244 98.09942626953125 197.01519775390625 127.02220153808594 225.98468017578125
frog 0.98061097 139.097412109375 195.10231018066406 157.97531127929688 214.04380798339844
frog 0.9789822 19.06366729736328 88.99516296386719 54.006263732910156 124.0218505859375
automobile 0.97855866 144.04966735839844 161.98129272460938 163.08238220214844 180.77243041992188
truck 0.9777092 193.09628295898438 24.05571174621582 231.031494140625 61.995330810546875
frog 0.9758827 172.08621215820312 143.0772247314453 203.98977661132812 175.0365447998047
ship 0.9757586 38.06896209716797 214.96270751953125 76.0412826538086 253.21408081054688
dog 0.9699038 120.11103057861328 53.0944938659668 152.10256958007812 85.08706665039062
airplane 0.9655522 3.0907626152038574 5.0537214279174805 18.986356735229492 21.083824157714844
cat 0.95022273 120.127685546875 2.0095767974853516 155.06692504882812 36.936012268066406
bird 0.8859782 196.08847045898438 180.0751190185547 224.94818115234375 208.99110412597656
deer 0.8376083 41.07598876953125 167.04025268554688 70.0732192993164 196.00997924804688
truck 0.79233384 153.9703826904297 66.04084777832031 175.9424591064453 88.0125732421875
automobile 0.36899495 153.99436950683594 65.96588134765625 175.91261291503906 87.9658203125
cat 0.21979961 196.0624542236328 180.0917205810547 224.96641540527344 208.9498748779297
