airplane 0.98891735 60.073883056640625 10.051852226257324 81.99186706542969 32.06315612792969
cat 0.9813868 141.10360717773438 1.0546531677246094 162.96090698242188 23.040355682373047
dog 0.9782115 199.0299530029297 214.07843017578125 227.9405975341797 243.08145141601562
truck 0.9779514 1.964609146118164 18.03058433532715 39.97608947753906 56.03766632080078
bird 0.97142774 91.00018310546875 13.055992126464844 129.01174926757812 50.99620056152344
truck 0.96537864 74.00757598876953 174.0671844482422 105.97029876708984 205.99574279785156
deer 0.96400285 197.0747833251953 96.11956787109375 232.05699157714844 130.9527587890625
frog 0.9616865 60.01678466796875 66.03809356689453 98.08963012695312 103.97332000732422
truck 0.957384 46.024810791015625 201.03343200683594 67.97074127197266 223.0404815673828
ship 0.9572278 134.0052490234375 31.146270751953125 160.07058715820312 56.94523620605469
frog 0.95401907 103.98894500732422 122.96539306640625 136.05307006835938 155.14901733398438
automobile 0.93912834 17.987506866455078 178.07577514648438 44.046287536621094 204.04510498046875
deer 0.89887017 178.20025634765625 13.028542518615723 197.01419067382812 32.031063079833984
airplane 0.8183795 200.2439727783203 68.92984771728516 226.03538513183594 95.21977996826172
deer 0.7952895 53.99103546142578 122.05836486816406 86.08417510986328 153.9282989501953
bird 0.7367486 161.10768127441406 66.04946899414062 186.98240661621094 91.95355224609375
airplane 0.7003149 54.024391174316406 122.01244354248047 86.07347869873047 153.9188690185547
automobile 0.62716323 3.9751510620117188 131.0207977294922 19.977611541748047 146.9026641845703
dog 0.56358474 206.0635223388672 175.0205078125 227.99644470214844 197.00140380859375
truck 0.52830064 4.026051044464111 131.00245666503906 19.962478637695312 146.8967742919922
cat 0.35625207 206.17095947265625 175.01426696777344 228.03750610351562 196.98753356933594
bird 0.32480073 141.10646057128906 109.05113220214844 176.0485076904297 143.96888732910156
deer 0.29266343 141.06661987304688 109.08073425292969 176.02194213867188 144.00930786132812
deer 0.25424632 161.10768127441406 66.04946899414062 186.98240661621094 91.95355224609375
cat 0.23351261 141.10646057128906 109.05113220214844 176.0485076904297 143.96888732910156
cat 0.22553131 178.140625 13.046863555908203 196.99307250976562 32.01021957397461
