bird 0.9920242 7.126219749450684 163.06900024414062 29.03528594970703 185.0726318359375
truck 0.9910625 49.04798889160156 123.05978393554688 67.99923706054688 142.02957153320312
airplane 0.98761886 147.06112670898438 206.01219177246094 166.0419921875 225.0502166748047
frog 0.9870293 99.10247802734375 35.019447326660156 125.07572937011719 61.05132293701172
automobile 0.9851514 187.96322631835938 65.90545654296875 214.00357055664062 92.01983642578125
automobile 0.9842032 114.98230743408203 150.95021057128906 143.93646240234375 179.9978485107422
airplane 0.98345923 208.05712890625 152.9739227294922 233.95318603515625 178.9108428955078
automobile 0.9812537 184.10906982421875 25.00008773803711 219.05706787109375 59.95475387573242
ship 0.97875845 45.962791442871094 175.01809692382812 84.07433319091797 213.04534912109375
ship 0.97841406 17.051372528076172 216.07327270507812 46.03057098388672 245.03640747070312
ship 0.97366905 142.07838439941406 105.06153869628906 177.0236053466797 140.00526428222656
airplane 0.968572 71.09428405761719 144.0379638671875 97.0478515625 170.02349853515625
truck 0.9681965 151.94973754882812 173.0225372314453 178.0374755859375 198.91941833496094
dog 0.96493757 148.0824432373047 17.099536895751953 182.95606994628906 51.9915885925293
dog 0.9512514 74.06139373779297 63.023521423339844 109.13642120361328 98.04181671142578
ship 0.8310542 11.954511642456055 38.076744079589844 47.056785583496094 73.05423736572266
bird 0.7500603 110.0518798828125 69.00033569335938 125.94561767578125 84.94970703125
dog 0.74543077 15.961984634399414 83.11601257324219 54.08380126953125 121.13357543945312
truck 0.49253616 112.96823120117188 117.09851837158203 132.02186584472656 135.98519897460938
automobile 0.36693627 11.967588424682617 38.05458450317383 47.08091735839844 73.0704345703125
airplane 0.36394465 110.01432037353516 69.06322479248047 125.97090911865234 84.91388702392578
airplane 0.32239598 107.08894348144531 212.0521240234375 136.09173583984375 241.03628540039062
automobile 0.30646032 113.0732192993164 117.1884765625 131.9941864013672 136.12303161621094
deer 0.2584358 107.11345672607422 212.02781677246094 136.0789031982422 241.1057586669922
deer 0.2550403 113.05218505859375 117.07218933105469 132.00146484375 135.99435424804688
ship 0.25353974 113.0732192993164 117.1884765625 131.9941864013672 136.12303161621094
cat 0.21308151 15.961984634399414 83.11601257324219 54.08380126953125 121.13357543945312
