truck 0.984463 211.0889434814453 12.05903148651123 240.04823303222656 41.11836242675781
airplane 0.9837093 170.0330047607422 18.02510643005371 205.0740203857422 53.10584259033203
frog 0.98226595 97.99042510986328 1.1135196685791016 116.9999008178711 20.018081665039062
automobile 0.98169756 55.02928161621094 33.05496597290039 93.04537963867188 71.01010131835938
airplane 0.98074806 37.1709098815918 200.08001708984375 58.97868728637695 221.96221923828125
ship 0.9802263 164.9718017578125 116.07485961914062 193.97232055664062 144.98599243164062
airplane 0.97909904 28.0023250579834 57.02973175048828 43.95855712890625 72.98914337158203
bird 0.97666216 140.03701782226562 113.07176208496094 161.97650146484375 135.08677673339844
ship 0.9752748 208.09400939941406 124.09530639648438 236.98948669433594 152.91162109375
dog 0.97263134 140.09600830078125 159.08792114257812 178.0059814453125 196.95974731445312
bird 0.97007537 119.0600357055664 207.98876953125 154.0380096435547 243.03024291992188
ship 0.9627538 195.09707641601562 163.0989990234375 229.97079467773438 198.07330322265625
truck 0.9621906 9.01488208770752 120.98243713378906 38.02762985229492 149.97157287597656
cat 0.96014774 168.26690673828125 58.051666259765625 194.12857055664062 84.01850891113281
dog 0.9566268 95.07783508300781 160.99404907226562 130.1087646484375 195.99581909179688
cat 0.9438385 56.09165573120117 137.05975341796875 87.92135620117188 168.9930419921875
cat 0.94108206 76.0268325805664 105.12669372558594 95.03453826904297 123.98548889160156
truck 0.5764324 60.15465545654297 213.95884704589844 81.89740753173828 235.93711853027344
cat 0.5682864 60.04928207397461 214.0592498779297 81.99905395507812 236.03977966308594
cat 0.5079965 148.0619659423828 64.97220611572266 166.8181915283203 84.03931427001953
dog 0.34923774 147.95433044433594 65.04924774169922 166.90586853027344 83.9951400756836
