airplane 0.98545754 193.0243377685547 16.038782119750977 215.0709686279297 38.03430938720703
automobile 0.98247457 214.0115203857422 68.09004974365234 242.97862243652344 97.0607681274414
truck 0.9802112 24.972375869750977 24.05112075805664 57.069786071777344 55.97575759887695
automobile 0.97880954 3.108369827270508 90.028076171875 38.08306884765625 124.92674255371094
truck 0.9785421 166.09873962402344 29.069927215576172 187.91868591308594 51.18256759643555
deer 0.9775703 74.1106948852539 185.10406494140625 95.98023223876953 207.04644775390625
automobile 0.9654703 167.000244140625 52.944541931152344 195.84512329101562 82.0273208618164
truck 0.96235156 215.0500030517578 104.22650146484375 250.0388946533203 139.01333618164062
cat 0.9582416 98.01083374023438 170.06959533691406 135.98968505859375 207.9141082763672
cat 0.9536581 30.029191970825195 132.1162567138672 65.03950500488281 167.03953552246094
dog 0.95291376 204.91207885742188 171.003173828125 230.99612426757812 197.0263671875
dog 0.85846174 0.13432693481445312 175.12368774414062 38.025028228759766 213.0787353515625
cat 0.8521274 150.12818908691406 128.21446228027344 178.96229553222656 157.0129852294922
bird 0.7950157 91.10275268554688 64.013427734375 122.95872497558594 95.91914367675781
cat 0.7697823 51.06288146972656 211.9435272216797 79.95199584960938 240.9467315673828
cat 0.57064235 144.05078125 207.12757873535156 173.08551025390625 236.01512145996094
bird 0.40368152 144.00308227539062 207.2013397216797 173.062744140625 235.9940948486328
airplane 0.32994485 51.09044647216797 95.06842041015625 77.0674057006836 121.03213500976562
frog 0.298545 91.07267761230469 63.915367126464844 122.96612548828125 95.9123306274414
cat 0.25719148 51.09044647216797 95.06842041015625 77.0674057006836 121.03213500976562
deer 0.2499012 50.91577911376953 211.97938537597656 79.9987564086914 240.8944549560547
dog 0.24479055 50.91577911376953 211.97938537597656 79.9987564086914 240.8944549560547
deer 0.23580816 51.081661224365234 95.08468627929688 77.04396057128906 121.0087890625
deer 0.2106505 144.00308227539062 207.2013397216797 173.062744140625 235.9940948486328
deer 0.20926476 150.1115264892578 128.20318603515625 178.9511260986328 157.02267456054688
