bird 0.99261725 32.03812026977539 149.09263610839844 54.04872512817383 171.04795837402344
bird 0.986843 13.032326698303223 201.05909729003906 41.89529800415039 230.0496368408203
airplane 0.9850973 185.96578979492188 24.031063079833984 205.00732421875 43.0242805480957
deer 0.9849116 112.98857116699219 19.13057518005371 144.9849395751953 51.109107971191406
truck 0.9846213 140.16879272460938 186.04489135742188 172.04998779296875 217.971435546875
automobile 0.9838563 102.97601318359375 127.03252410888672 135.14659118652344 158.92344665527344
ship 0.98347414 11.069002151489258 44.02288818359375 33.021522521972656 66.04720306396484
automobile 0.98347175 79.02300262451172 107.98255920410156 95.01873016357422 124.02651977539062
cat 0.98331475 143.97084045410156 103.0371322631836 178.97157287597656 137.92764282226562
automobile 0.9793635 61.10496520996094 31.05479621887207 90.04295349121094 59.96813201904297
frog 0.96912766 205.06626892089844 46.08821105957031 237.02183532714844 78.0560073852539
frog 0.96762973 45.98334503173828 65.97137451171875 61.994476318359375 82.02993774414062
airplane 0.96032256 45.06697463989258 175.0035400390625 63.98690414428711 194.0340576171875
automobile 0.9478762 150.96441650390625 3.2069873809814453 183.08392333984375 34.87681579589844
dog 0.9318627 43.066009521484375 105.04949188232422 68.97601318359375 130.99879455566406
dog 0.9023161 199.0440216064453 160.03762817382812 227.90492248535156 188.88983154296875
automobile 0.8961383 83.05162048339844 160.0151824951172 117.96316528320312 194.9837188720703
truck 0.8819208 76.02816772460938 209.07557678222656 102.04203796386719 234.9259796142578
airplane 0.23824346 165.0843048095703 143.0975799560547 183.90403747558594 162.01625061035156
truck 0.21521363 83.07572174072266 160.0657958984375 118.02713775634766 194.984619140625
