truck 0.9874015 212.01126098632812 70.02068328857422 230.98190307617188 89.01372528076172
ship 0.9801871 122.02098846435547 14.124151229858398 141.0272216796875 32.966766357421875
frog 0.97968113 58.15428924560547 110.05119323730469 92.98238372802734 144.87890625
truck 0.97935283 73.97047424316406 13.010671615600586 111.90792846679688 51.061370849609375
automobile 0.9788897 50.03379821777344 21.024147033691406 69.00440216064453 40.017181396484375
ship 0.9763201 8.061365127563477 70.05370330810547 46.049644470214844 107.92606353759766
bird 0.97543025 17.014934539794922 210.02099609375 54.9848518371582 247.980712890625
truck 0.97284627 59.03746032714844 204.00228881835938 94.00257873535156 239.17559814453125
cat 0.97110456 94.06346893310547 85.11024475097656 126.00817108154297 117.14668273925781
dog 0.9683844 36.08257293701172 158.07716369628906 62.04713439941406 183.9370880126953
automobile 0.96374154 1.07635498046875 118.0494384765625 35.94656753540039 152.97048950195312
frog 0.9624151 189.22286987304688 150.9112548828125 220.97683715820312 181.037109375
airplane 0.9620154 208.05825805664062 5.066781997680664 236.94671630859375 34.01600646972656
automobile 0.9570386 161.9845733642578 51.04856872558594 191.0902862548828 79.83732604980469
airplane 0.9380255 101.09017181396484 136.00735473632812 138.91192626953125 174.028564453125
cat 0.92873394 13.015681266784668 15.034141540527344 32.020233154296875 34.00941467285156
truck 0.7851547 133.0089111328125 187.11444091796875 159.0819091796875 213.16250610351562
cat 0.6763285 144.97572326660156 99.99720764160156 174.04698181152344 129.01063537597656
bird 0.43853557 145.0137481689453 99.97284698486328 174.04551696777344 129.05770874023438
