bird 0.99144334 35.10091781616211 197.0336151123047 57.024723052978516 219.0190887451172
automobile 0.9871677 30.07659912109375 97.08013916015625 52.00897979736328 119.01266479492188
automobile 0.9862019 153.05117797851562 165.0624542236328 175.00473022460938 186.9771270751953
frog 0.9825623 67.08452606201172 24.07281494140625 93.02362823486328 49.92390441894531
automobile 0.9811871 120.0867919921875 60.127105712890625 158.02838134765625 97.9664306640625
frog 0.9775846 69.03302001953125 160.1211700439453 85.01994323730469 175.99229431152344
frog 0.97745013 160.08836364746094 208.13580322265625 179.04322814941406 226.99050903320312
bird 0.9716451 173.99041748046875 46.00945281982422 211.95196533203125 84.0069808959961
cat 0.9693767 119.12464904785156 29.14305877685547 148.0979766845703 58.321632385253906
ship 0.9665051 71.01693725585938 72.03301239013672 103.07229614257812 103.98184967041016
dog 0.96371114 197.0087432861328 121.0197982788086 228.99574279785156 152.9348602294922
bird 0.96284497 155.91204833984375 111.00505828857422 188.00613403320312 143.03961181640625
automobile 0.9582058 82.03671264648438 201.01156616210938 119.98399353027344 239.09872436523438
deer 0.9532156 207.95529174804688 200.89486694335938 243.027099609375 236.11807250976562
dog 0.94927084 161.03475952148438 10.054194450378418 183.02499389648438 31.988521575927734
frog 0.94608045 204.0327911376953 159.12892150878906 239.0824737548828 194.0334930419922
deer 0.9132402 110.10465240478516 101.40061950683594 142.0052032470703 130.93716430664062
airplane 0.7729717 25.99611473083496 22.931310653686523 58.14237976074219 54.96326446533203
deer 0.23891038 0.026169300079345703 134.887451171875 15.989999771118164 151.03567504882812
