airplane 0.9841715 154.98655700683594 111.0110092163086 171.05943298339844 127.0248031616211
ship 0.98336816 15.023950576782227 118.00259399414062 40.979652404785156 143.95379638671875
cat 0.9767008 167.0226593017578 159.99624633789062 201.9640655517578 194.9737548828125
ship 0.9764309 211.02542114257812 112.08305358886719 246.026123046875 146.97084045410156
airplane 0.9747268 125.07072448730469 195.1402130126953 143.94642639160156 214.02919006347656
deer 0.9741711 118.03346252441406 157.0291290283203 150.04066467285156 189.11534118652344
automobile 0.97378427 69.11753845214844 59.036346435546875 106.99281311035156 97.01828002929688
automobile 0.9725894 14.037673950195312 153.05728149414062 52.00054931640625 191.07272338867188
cat 0.9650271 136.00082397460938 26.03812599182129 170.92547607421875 60.87467956542969
frog 0.9628202 183.08523559570312 35.74372482299805 218.10675048828125 70.96478271484375
cat 0.9624983 186.12611389160156 8.02401065826416 212.01148986816406 34.249290466308594
truck 0.9562026 204.1348419189453 205.0555877685547 229.50303649902344 230.9590301513672
bird 0.95326716 67.95991516113281 117.12547302246094 99.99176025390625 149.10890197753906
dog 0.95078653 95.03234100341797 203.91900634765625 123.9623031616211 233.0491943359375
dog 0.91942525 21.97064971923828 29.06174087524414 40.98941421508789 47.95756149291992
dog 0.8798271 183.9847869873047 121.12449645996094 209.98536682128906 146.97169494628906
frog 0.84822965 68.01786804199219 213.0770721435547 93.83137512207031 239.10240173339844
ship 0.7657807 131.0564422607422 81.0743179321289 156.97947692871094 106.91593170166016
dog 0.39980984 72.98358917236328 25.11102867126465 95.0574722290039 46.98414611816406
automobile 0.32737163 131.0564422607422 81.0743179321289 156.97947692871094 106.91593170166016
cat 0.30726677 73.04293060302734 24.957462310791016 95.02359771728516 47.041988372802734
