truck 0.98320854 4.034977912902832 146.96090698242188 35.96793746948242 179.0643310546875
airplane 0.98116755 48.0176887512207 207.042724609375 79.95957946777344 239.1279296875
automobile 0.9794931 149.94261169433594 82.93915557861328 179.0717010498047 111.95990753173828
automobile 0.9715564 109.07078552246094 3.979602813720703 147.0470428466797 41.899906158447266
automobile 0.97138315 188.00340270996094 102.99641418457031 217.02268981933594 132.01220703125
cat 0.97069263 159.05538940429688 3.129458427429199 177.98193359375 21.97903823852539
dog 0.96975064 193.00608825683594 149.94332885742188 231.02528381347656 187.99395751953125
truck 0.96886575 44.04889678955078 178.0757598876953 66.035400390625 200.05467224121094
dog 0.9676076 0.9569644927978516 110.00221252441406 33.03547668457031 141.91482543945312
truck 0.9519466 3.983844757080078 32.26605987548828 39.031761169433594 66.93877410888672
airplane 0.94247806 20.031103134155273 12.080672264099121 39.10003662109375 30.92251205444336
dog 0.9403225 160.02914428710938 25.030162811279297 185.9892578125 50.91667556762695
truck 0.80013597 100.08147430419922 203.00540161132812 137.99935913085938 240.760986328125
airplane 0.6220623 171.96546936035156 64.97836303710938 187.9255828857422 80.99284362792969
frog 0.47771394 166.00160217285156 158.0270538330078 181.9668731689453 174.0354461669922
automobile 0.4646965 166.00160217285156 158.0270538330078 181.9668731689453 174.0354461669922
cat 0.41417176 5.8269853591918945 203.12646484375 22.010543823242188 218.942626953125
airplane 0.37992722 100.0321044921875 203.0777587890625 137.9193115234375 240.93218994140625
dog 0.36841124 5.742244720458984 203.1302947998047 22.058834075927734 218.9413299560547
truck 0.36091995 171.96546936035156 64.97836303710938 187.9255828857422 80.99284362792969
truck 0.33180064 166.03793334960938 158.02415466308594 181.98574829101562 174.05836486816406
deer 0.30000037 5.813077926635742 203.12486267089844 22.005773544311523 218.96641540527344
dog 0.29581434 171.96546936035156 64.97836303710938 187.9255828857422 80.99284362792969
frog 0.27805468 171.96546936035156 64.97836303710938 187.9255828857422 80.99284362792969
bird 0.22904524 171.96546936035156 64.97836303710938 187.9255828857422 80.99284362792969
