airplane 0.9858637 172.00665283203125 205.0530548095703 207.02108764648438 239.94032287597656
deer 0.9799789 141.0491485595703 12.04210090637207 175.97520446777344 47.087303161621094
automobile 0.9785991 83.15009307861328 211.0362091064453 118.01093292236328 246.0293426513672
automobile 0.977566 12.021294593811035 170.03219604492188 38.044837951660156 196.02542114257812
frog 0.97739875 133.06918334960938 82.05817413330078 155.03878784179688 103.98480987548828
frog 0.9769113 150.99423217773438 158.00950622558594 183.02688598632812 189.9669952392578
bird 0.9762739 134.97938537597656 196.1722412109375 163.9363250732422 225.04107666015625
airplane 0.96909404 87.82232666015625 30.118547439575195 126.08157348632812 68.04989624023438
ship 0.9668374 109.04349517822266 109.95147705078125 147.02166748046875 147.96395874023438
bird 0.9588644 82.12420654296875 150.00750732421875 113.97877502441406 182.05215454101562
deer 0.9430506 74.09136962890625 69.13528442382812 103.08125305175781 98.02560424804688
dog 0.93569374 33.09300994873047 208.09620666503906 59.04447937011719 233.9375457763672
deer 0.92733073 178.11770629882812 91.05490112304688 196.98605346679688 109.98251342773438
truck 0.9254858 191.06527709960938 130.00396728515625 217.01376342773438 155.99783325195312
frog 0.9110676 207.11720275878906 169.0051727294922 241.9038543701172 204.05467224121094
bird 0.66201526 9.06052017211914 127.01781463623047 47.05172348022461 164.8917236328125
automobile 0.62699556 27.922607421875 78.01438903808594 47.13872528076172 97.106689453125
ship 0.5233673 80.97480773925781 11.091917037963867 97.00538635253906 27.183324813842773
automobile 0.4534176 80.95538330078125 11.041966438293457 97.02880859375 27.14541244506836
truck 0.4348638 27.922607421875 78.01438903808594 47.13872528076172 97.106689453125
truck 0.3444584 80.9341812133789 11.066081047058105 97.00757598876953 27.14828872680664
dog 0.26294702 9.063722610473633 127.08936309814453 47.06916046142578 164.52670288085938
