airplane 0.9892032 77.1047134399414 17.05264663696289 99.00382232666016 39.03041458129883
automobile 0.98427796 151.00479125976562 133.02783203125 185.97503662109375 168.03561401367188
automobile 0.98157084 214.12039184570312 72.09703826904297 243.00726318359375 101.0075912475586
ship 0.97805214 195.0676727294922 120.01435852050781 227.02317810058594 151.83766174316406
truck 0.97662854 59.09246826171875 150.01832580566406 93.93789672851562 185.0481414794922
dog 0.9719314 161.0413360595703 17.133766174316406 193.02745056152344 49.000343322753906
dog 0.96075326 7.0402679443359375 27.01910972595215 33.086734771728516 53.154014587402344
truck 0.9595072 154.11636352539062 211.93008422851562 179.95358276367188 237.98699951171875
cat 0.95886606 196.03436279296875 8.050394058227539 225.08114624023438 36.97032165527344
truck 0.957384 72.99452209472656 50.028900146484375 89.037109375 66.00344848632812
cat 0.9497434 112.0815200805664 61.013668060302734 143.95684814453125 93.01919555664062
deer 0.9420785 200.07321166992188 169.068603515625 222.0111083984375 191.07989501953125
automobile 0.90962815 106.02550506591797 110.10557556152344 143.9097900390625 148.02012634277344
cat 0.8932972 32.13263702392578 56.8800048828125 70.01312255859375 94.92411804199219
bird 0.88456124 40.007869720458984 103.1288070678711 66.00642395019531 128.98472595214844
ship 0.753304 21.07294464111328 180.1192626953125 43.03008270263672 202.00323486328125
deer 0.71499336 183.1291961669922 195.07838439941406 205.0456085205078 217.03587341308594
cat 0.5417492 183.13607788085938 195.0234832763672 205.03225708007812 216.9803009033203
deer 0.5350067 125.03340148925781 202.05718994140625 140.96339416503906 218.02685546875
dog 0.45425856 125.04722595214844 202.04934692382812 140.98097229003906 217.99923706054688
automobile 0.42831302 21.060894012451172 180.1400146484375 43.02387619018555 202.02719116210938
