automobile 0.9739789 155.09182739257812 214.96548461914062 181.06976318359375 240.98907470703125
dog 0.9738562 130.0210723876953 100.06900787353516 158.98805236816406 128.96287536621094
ship 0.96984005 2.0236196517944336 46.00270080566406 20.991867065429688 65.00895690917969
cat 0.9693593 206.9597930908203 161.0601806640625 223.0189971923828 177.05447387695312
frog 0.9681555 78.15167236328125 73.18820190429688 99.78523254394531 95.07156372070312
automobile 0.96369636 147.0775146484375 179.90040588378906 173.16268920898438 205.93946838378906
automobile 0.95804167 173.1174774169922 37.93012237548828 207.94456481933594 73.00538635253906
truck 0.9566728 116.03229522705078 135.0194549560547 138.00489807128906 157.0369415283203
dog 0.92652476 134.99473571777344 35.05055236816406 167.08323669433594 67.11334228515625
airplane 0.8593317 51.078086853027344 83.10572052001953 73.02774810791016 104.99457550048828
automobile 0.83926874 158.01881408691406 149.97547912597656 187.12974548339844 178.77232360839844
frog 0.82721835 213.9978790283203 71.95588684082031 229.99534606933594 87.96449279785156
cat 0.8211548 49.014251708984375 206.12127685546875 83.99467468261719 240.93417358398438
cat 0.6914913 65.12574005126953 121.04524230957031 86.99604034423828 143.0351104736328
deer 0.67601025 163.9544219970703 89.07254028320312 201.82713317871094 127.04798889160156
cat 0.65498257 3.1326942443847656 104.00670623779297 25.02320671081543 125.99834442138672
cat 0.6467903 28.161941528320312 46.15559005737305 54.013587951660156 71.9978256225586
dog 0.37798744 85.10850524902344 37.817481994628906 114.11697387695312 66.99543762207031
frog 0.37795785 65.18692016601562 121.0535659790039 86.95167541503906 143.0587158203125
dog 0.32687044 3.1871166229248047 104.09703063964844 24.9957275390625 126.01060485839844
ship 0.30402476 51.04051971435547 83.15032196044922 72.98406219482422 105.0073471069336
bird 0.30289304 39.21251678466797 136.97161865234375 55.007545471191406 153.03506469726562
airplane 0.28671753 157.96011352539062 150.04469299316406 186.93115234375 178.87586975097656
cat 0.24997693 85.10850524902344 37.817481994628906 114.11697387695312 66.99543762207031
bird 0.2188223 28.121673583984375 46.137752532958984 54.02455139160156 71.98556518554688
dog 0.21797547 163.93597412109375 89.04930114746094 201.851318359375 127.07322692871094
truck 0.20983407 214.00271606445312 71.95651245117188 229.98675537109375 87.96841430664062
truck 0.20535678 157.96011352539062 150.04469299316406 186.93115234375 178.87586975097656
