ship 0.98612356 0.9886760711669922 139.0404052734375 33.000526428222656 171.13226318359375
truck 0.9853729 45.093238830566406 109.03744506835938 74.00369262695312 137.92662048339844
cat 0.9847878 209.13658142089844 55.03632736206055 238.0012664794922 84.00312042236328
dog 0.98398596 131.04273986816406 64.95518493652344 150.0319366455078 84.04289245605469
frog 0.98220015 122.08833312988281 23.142444610595703 154.0102996826172 54.99540328979492
frog 0.9795194 121.02945709228516 130.03916931152344 156.02450561523438 165.0089569091797
dog 0.97860956 112.98822784423828 92.99183654785156 145.01979064941406 125.10577392578125
deer 0.9782233 168.06126403808594 179.00978088378906 206.02696228027344 217.0393829345703
deer 0.9774724 213.12594604492188 94.03203582763672 250.91769409179688 131.95001220703125
truck 0.97736526 82.0335922241211 174.12181091308594 110.94060516357422 202.95005798339844
automobile 0.9759333 19.117645263671875 215.00149536132812 53.94525909423828 250.06723022460938
truck 0.9752667 79.0394058227539 204.09844970703125 104.9492416381836 229.98880004882812
dog 0.974031 36.04895782470703 54.024574279785156 70.99398040771484 89.07666778564453
ship 0.9713721 127.06478118896484 171.114501953125 149.04013061523438 192.97296142578125
frog 0.9687065 72.91999053955078 59.042076110839844 108.00261688232422 93.97049713134766
truck 0.9639525 5.063082695007324 7.030545234680176 30.974788665771484 33.08486557006836
deer 0.9602597 88.05537414550781 134.97793579101562 113.92872619628906 161.07122802734375
frog 0.9511688 26.01066780090332 174.04412841796875 48.03107452392578 195.985107421875
