automobile 0.9875499 138.068359375 51.11286163330078 167.02606201171875 79.93476104736328
frog 0.9834088 48.071014404296875 138.07275390625 76.98948669433594 166.98287963867188
bird 0.98293275 66.0949935913086 87.08385467529297 91.92937469482422 112.94031524658203
frog 0.98263276 31.03600311279297 28.03420066833496 62.91816711425781 59.97105407714844
deer 0.9787673 81.9511489868164 120.05599975585938 113.97359466552734 151.86761474609375
frog 0.97872627 68.03995513916016 179.9487762451172 99.84578704833984 211.88084411621094
ship 0.97606254 105.9732437133789 171.06185913085938 141.0386505126953 205.9991455078125
deer 0.949516 65.03878784179688 215.8974609375 87.08071899414062 238.02932739257812
dog 0.92835176 33.04501724243164 94.09373474121094 55.03278732299805 115.96737670898438
deer 0.91001725 203.94345092773438 24.0869140625 230.0067138671875 50.00599670410156
deer 0.87055933 213.0889892578125 141.07257080078125 231.95205688476562 159.9827880859375
cat 0.8698453 12.057151794433594 136.0543975830078 27.923336029052734 152.0254669189453
bird 0.835726 1.0384407043457031 3.1441354751586914 20.049243927001953 22.028308868408203
dog 0.81494755 211.14724731445312 109.10160827636719 236.95852661132812 134.9691925048828
cat 0.6765028 173.040771484375 213.09854125976562 207.84292602539062 247.87466430664062
