truck 0.98526955 9.990541458129883 68.0382308959961 47.982635498046875 105.95503997802734
airplane 0.9833392 174.97711181640625 183.0181121826172 194.0294189453125 202.0159149169922
bird 0.9829903 8.072551727294922 35.060062408447266 33.94987487792969 60.96114730834961
ship 0.9829523 70.057861328125 205.00738525390625 99.01194763183594 233.968017578125
deer 0.9824776 194.0189666748047 95.97256469726562 226.1331329345703 127.99937438964844
airplane 0.98029345 169.9813995361328 40.07106018066406 201.97938537597656 71.9801025390625
cat 0.979921 108.17353057861328 39.03388977050781 143.1605224609375 73.99061584472656
frog 0.9786211 89.02989196777344 70.91920471191406 105.02890014648438 87.00045776367188
automobile 0.9783044 62.00884246826172 7.038736343383789 91.0513687133789 35.95610046386719
airplane 0.9757773 16.07925796508789 150.99522399902344 53.990238189697266 189.0390167236328
airplane 0.97565824 156.07296752929688 216.03346252441406 191.08193969726562 251.17723083496094
deer 0.97562444 110.04769897460938 163.1209259033203 148.0179443359375 201.0659637451172
bird 0.9751716 143.1367645263672 90.99652099609375 181.1208038330078 129.08058166503906
dog 0.9718659 210.05917358398438 19.084362030029297 239.06814575195312 47.9310417175293
dog 0.9638842 194.03404235839844 213.9824676513672 226.07310485839844 245.96739196777344
cat 0.9474562 88.01985168457031 125.05490112304688 123.09049987792969 160.07440185546875
airplane 0.9288717 61.03276824951172 60.13392639160156 87.04415130615234 86.01687622070312
deer 0.9271536 21.98126983642578 197.88368225097656 47.99095916748047 224.1003875732422
deer 0.90442634 57.011009216308594 138.0667724609375 83.04264068603516 163.90774536132812
dog 0.47606856 201.1254119873047 77.75243377685547 220.11891174316406 93.20507049560547
deer 0.43738824 201.1254119873047 77.75243377685547 220.11891174316406 93.20507049560547
