truck 0.9912463 149.04989624023438 73.00444030761719 167.96499633789062 92.03074645996094
frog 0.9800863 212.10934448242188 139.9817352294922 247.03128051757812 175.09315490722656
dog 0.97990906 39.1357421875 136.04290771484375 74.00230407714844 170.91021728515625
dog 0.97829044 194.01568603515625 7.17694091796875 213.08419799804688 26.03768539428711
deer 0.97699714 214.08201599121094 6.2764892578125 235.99205017089844 28.08371353149414
airplane 0.9754511 136.9736785888672 180.00949096679688 166.11534118652344 208.98876953125
airplane 0.97218454 103.95291900634766 75.99726104736328 132.97494506835938 105.0031509399414
automobile 0.97152007 26.139875411987305 18.088848114013672 47.950355529785156 40.02415466308594
automobile 0.96611947 43.99561309814453 83.98258972167969 79.05229949951172 119.03582763671875
dog 0.95890254 86.03240966796875 177.0011749267578 121.10324096679688 212.09434509277344
automobile 0.94208664 49.197410583496094 5.973783493041992 86.92375946044922 44.068572998046875
bird 0.940217 188.98199462890625 39.011417388916016 218.01950073242188 67.93855285644531
automobile 0.9367778 119.02578735351562 0.884425163269043 134.89227294921875 16.970897674560547
cat 0.90690887 175.12643432617188 83.02550506591797 204.00454711914062 111.89813995361328
dog 0.7960297 83.03341674804688 128.0060577392578 111.96310424804688 157.0770721435547
truck 0.74369895 167.14979553222656 175.9881591796875 183.0501251220703 192.0208740234375
deer 0.7044091 159.04541015625 129.99896240234375 177.98361206054688 149.03457641601562
truck 0.62515485 110.93836975097656 35.99502944946289 129.96139526367188 54.951107025146484
automobile 0.5431003 111.00271606445312 36.088375091552734 129.94224548339844 55.05044937133789
cat 0.51037663 16.02348518371582 206.02711486816406 31.92002296447754 222.0255889892578
frog 0.45367628 15.988887786865234 206.00437927246094 31.91727066040039 222.00563049316406
bird 0.2062504 159.01486206054688 130.03623962402344 177.97833251953125 149.03648376464844
