automobile 0.9828793 194.0603790283203 0.9837017059326172 226.0393524169922 32.99952697753906
ship 0.98287046 71.01322937011719 204.0703582763672 93.21330261230469 226.0623016357422
ship 0.9810268 46.01837921142578 156.01280212402344 72.04704284667969 182.06431579589844
dog 0.980565 51.065406799316406 11.155040740966797 85.99610137939453 46.030860900878906
truck 0.9789752 96.13897705078125 157.16433715820312 118.01004028320312 179.04458618164062
dog 0.977775 84.01018524169922 91.07049560546875 122.00678253173828 129.00946044921875
frog 0.97672224 49.06005859375 62.08753204345703 71.02570343017578 84.00833892822266
airplane 0.9761353 51.05574035644531 97.98054504394531 79.78465270996094 127.09129333496094
airplane 0.97222316 94.17292785644531 194.11119079589844 129.0615692138672 228.9814910888672
automobile 0.96931595 205.033935546875 101.072265625 237.050048828125 132.90614318847656
deer 0.9651787 18.052345275878906 155.08970642089844 39.947410583496094 177.0113983154297
airplane 0.9641509 141.06866455078125 47.160606384277344 175.93557739257812 81.9764175415039
dog 0.9607732 201.12510681152344 206.17852783203125 230.01036071777344 234.97500610351562
truck 0.9597374 147.0620880126953 138.04879760742188 169.05308532714844 160.02984619140625
truck 0.92626816 26.010047912597656 26.03774070739746 48.01634216308594 48.016143798828125
dog 0.6237882 2.029341697692871 124.04045867919922 23.97097396850586 146.05502319335938
truck 0.54842645 180.00592041015625 173.0187530517578 208.923095703125 201.93873596191406
deer 0.52826226 102.0277099609375 71.0092544555664 121.01905822753906 90.20207977294922
truck 0.524133 102.08537292480469 70.9863052368164 121.04965209960938 90.27510833740234
automobile 0.4978758 180.0213623046875 172.99114990234375 209.00057983398438 201.98471069335938
cat 0.25375888 2.080122947692871 124.03458404541016 23.945003509521484 146.05758666992188
cat 0.21626034 102.0987319946289 70.92678833007812 121.03533172607422 90.20751953125
