truck 0.98283064 25.10565757751465 126.2083511352539 60.00782012939453 161.07521057128906
airplane 0.98256946 57.026092529296875 86.97157287597656 95.00041198730469 125.03202819824219
ship 0.9822399 112.98587799072266 206.0808563232422 150.95570373535156 244.12828063964844
truck 0.98091525 61.03202438354492 38.036346435546875 96.04136657714844 73.0826187133789
frog 0.9789807 127.98526000976562 28.05361557006836 147.04190063476562 47.04031753540039
truck 0.97834885 67.09024047851562 127.88259887695312 102.0386962890625 163.0467529296875
frog 0.97789234 100.02791595458984 79.04899597167969 131.95277404785156 110.99826049804688
truck 0.97668755 144.00567626953125 113.06082916259766 175.9825439453125 145.1146240234375
bird 0.9764086 54.06350326538086 3.118997573852539 76.0070571899414 25.00737953186035
bird 0.97239655 188.08384704589844 82.08197021484375 220.07896423339844 113.97560119628906
automobile 0.9300432 81.00848388671875 191.01028442382812 106.85714721679688 216.91683959960938
cat 0.9276554 201.10809326171875 122.98036193847656 235.96527099609375 157.98521423339844
dog 0.91942084 41.16642761230469 169.09963989257812 75.97980499267578 203.91580200195312
truck 0.90981823 159.05638122558594 3.185603141784668 180.9890594482422 25.084304809570312
dog 0.90523905 195.14268493652344 56.97064971923828 213.9781036376953 75.7011947631836
airplane 0.8835906 166.0681915283203 152.98023986816406 184.9907989501953 172.04368591308594
cat 0.67838293 208.2911834716797 21.916584014892578 235.8870086669922 51.539608001708984
