truck 0.98985195 101.17518615722656 210.1595458984375 119.95326232910156 228.92340087890625
automobile 0.98922586 163.0980987548828 49.089229583740234 185.1110382080078 70.9950180053711
frog 0.9885486 93.0875473022461 5.094064712524414 115.0664291381836 27.01036262512207
ship 0.98677635 109.04603576660156 111.05709075927734 127.98252868652344 130.01942443847656
truck 0.98664045 10.105422973632812 42.04344177246094 47.9036865234375 79.94204711914062
airplane 0.98640144 108.09413146972656 41.015625 130.036376953125 63.12052917480469
automobile 0.98639655 94.05511474609375 143.0110321044922 113.0316162109375 161.9951629638672
frog 0.9823629 186.03561401367188 37.025970458984375 215.0450439453125 66.08187866210938
frog 0.98090255 121.06208038330078 165.04080200195312 155.98165893554688 200.022705078125
airplane 0.9806134 172.00506591796875 78.98475646972656 207.02255249023438 113.90284729003906
truck 0.9794198 77.05868530273438 68.92176818847656 115.04254150390625 107.00691223144531
automobile 0.9633256 26.042438507080078 147.11099243164062 45.0118293762207 166.06637573242188
cat 0.9593562 206.1668243408203 119.1247787475586 234.93138122558594 148.0356903076172
bird 0.959133 27.032697677612305 117.08372497558594 55.98320770263672 146.1053924560547
automobile 0.94720787 64.98954772949219 1.1583805084228516 83.96806335449219 19.96941375732422
frog 0.92995954 60.01846694946289 31.96165657043457 95.06724548339844 67.03324127197266
truck 0.65204376 22.08893585205078 182.09642028808594 43.99525451660156 204.0444793701172
bird 0.6186632 164.27923583984375 213.14883422851562 185.91659545898438 234.96755981445312
frog 0.3789687 137.08828735351562 22.034130096435547 158.99383544921875 43.984989166259766
bird 0.3561384 22.059852600097656 182.09706115722656 43.97576141357422 204.0096893310547
ship 0.21814483 164.30532836914062 212.93344116210938 185.84323120117188 235.05841064453125
