truck 0.9905686 138.00225830078125 130.07960510253906 156.91748046875 149.0110626220703
ship 0.98898596 178.00555419921875 77.02830505371094 200.058837890625 98.95021057128906
truck 0.9823863 62.02227783203125 147.01168823242188 97.02934265136719 182.00582885742188
frog 0.98224413 200.07855224609375 10.06287670135498 232.08786010742188 41.95795822143555
ship 0.97814167 145.05841064453125 214.00682067871094 171.06332397460938 239.8949737548828
frog 0.97789985 145.04078674316406 159.1376953125 180.04786682128906 194.01913452148438
frog 0.97516716 147.9944610595703 52.03380584716797 174.03199768066406 78.01668548583984
bird 0.97066957 213.05233764648438 85.9701156616211 239.0303955078125 112.00768280029297
dog 0.966259 215.065185546875 210.02572631835938 236.99520874023438 231.9281005859375
cat 0.95866495 40.07574462890625 141.63645935058594 58.924171447753906 160.0405731201172
cat 0.954687 65.13995361328125 68.0982894897461 99.87567138671875 103.09058380126953
cat 0.95302635 7.076582908630371 62.110618591308594 35.954376220703125 91.03441619873047
deer 0.9506457 20.029237747192383 4.082310676574707 51.97260284423828 35.903778076171875
dog 0.94590676 181.02027893066406 148.13037109375 210.0112762451172 177.01373291015625
deer 0.94247574 109.11900329589844 6.107260704040527 134.9882049560547 31.98740005493164
cat 0.93920577 103.05097198486328 137.97438049316406 132.00906372070312 167.1182403564453
airplane 0.9181143 20.005428314208984 204.0213623046875 36.02628707885742 220.03555297851562
airplane 0.8634172 115.97264099121094 81.08507537841797 150.9094696044922 115.99974822998047
dog 0.7966956 18.06413459777832 104.01483917236328 47.02742004394531 132.97994995117188
deer 0.40032893 17.927085876464844 103.98541259765625 46.97734069824219 132.98193359375
