bird 0.9887377 203.01275634765625 35.05524826049805 232.04446411132812 63.97175979614258
automobile 0.979259 87.04165649414062 12.04458236694336 124.99346923828125 50.00255584716797
frog 0.97857225 110.012451171875 56.03075408935547 142.14881896972656 88.06366729736328
airplane 0.97669184 49.03507614135742 109.10260772705078 83.99290466308594 144.0126190185547
airplane 0.97620773 118.02356719970703 188.9869384765625 137.0277862548828 208.04000854492188
ship 0.9710214 16.003063201904297 177.00082397460938 45.00071334838867 205.73379516601562
deer 0.97068477 6.069652557373047 63.97479248046875 41.048336029052734 99.03895568847656
automobile 0.95257455 70.14411163330078 82.12754821777344 96.05602264404297 107.93746948242188
cat 0.8982915 185.88412475585938 210.01441955566406 218.084228515625 242.07423400878906
automobile 0.89559674 123.0416030883789 145.09072875976562 157.992919921875 180.05111694335938
ship 0.89245737 2.027009963989258 206.9951171875 40.096214294433594 245.07095336914062
truck 0.8914325 155.05657958984375 24.0434513092041 193.04953002929688 62.033592224121094
deer 0.66649675 126.02141571044922 108.03106689453125 141.98605346679688 123.95225524902344
bird 0.642882 169.9467010498047 145.01492309570312 185.9805145263672 160.98843383789062
frog 0.6144719 0.0 10.056872367858887 22.02083396911621 31.901004791259766
deer 0.5773841 52.006351470947266 157.06947326660156 68.0345687866211 173.00450134277344
airplane 0.5662387 183.03016662597656 68.02735900878906 204.98692321777344 90.01730346679688
bird 0.4399975 192.0130615234375 182.9288787841797 218.08700561523438 209.0667266845703
truck 0.42624253 186.09121704101562 97.02340698242188 218.11355590820312 129.068115234375
deer 0.40764657 191.92138671875 182.9926300048828 218.05667114257812 209.11598205566406
cat 0.36832005 186.11077880859375 97.02394104003906 218.03207397460938 129.1023406982422
ship 0.3307727 186.09121704101562 97.02340698242188 218.11355590820312 129.068115234375
cat 0.32103658 125.99310302734375 108.00218200683594 142.0323486328125 123.9537353515625
cat 0.31464535 0.03660297393798828 9.9749116897583 21.97983169555664 31.95635986328125
ship 0.268047 192.03347778320312 183.03819274902344 217.99508666992188 209.07261657714844
dog 0.2606998 169.92230224609375 144.9814910888672 185.9710693359375 161.00941467285156
truck 0.23174822 183.01002502441406 68.15088653564453 205.0026092529297 89.95926666259766
bird 0.20816296 125.99310302734375 108.00218200683594 142.0323486328125 123.9537353515625
dog 0.20112392 125.99310302734375 108.00218200683594 142.0323486328125 123.9537353515625
