airplane 0.9896977 48.108543395996094 33.06100845336914 70.11604309082031 55.06149673461914
frog 0.98721844 61.04917526245117 158.04165649414062 90.05294799804688 187.06182861328125
airplane 0.9861895 34.04981231689453 86.11476135253906 56.005401611328125 108.06428527832031
deer 0.98335147 177.0170440673828 32.97829055786133 214.9583282470703 71.08517456054688
airplane 0.9809716 109.10523223876953 171.04112243652344 146.99147033691406 209.0157928466797
truck 0.97920096 191.17942810058594 216.08705139160156 228.95960998535156 254.1456756591797
frog 0.9780666 134.0519561767578 35.10643005371094 168.90476989746094 70.0779800415039
frog 0.9755051 201.94857788085938 117.98616027832031 236.9295654296875 153.0297088623047
frog 0.97469836 3.9665145874023438 111.09947967529297 35.994956970214844 143.01547241210938
truck 0.97415274 13.056097984313965 200.01815795898438 42.04415512084961 229.087890625
airplane 0.97067165 73.98587036132812 197.978515625 103.09849548339844 227.02041625976562
dog 0.9695675 119.14862823486328 123.12024688720703 153.97828674316406 158.041015625
truck 0.9534278 5.974666595458984 146.09608459472656 38.02239990234375 177.9959259033203
bird 0.94732845 71.15705871582031 32.05003356933594 93.02018737792969 54.046653747558594
airplane 0.91584146 174.04075622558594 119.08871459960938 196.08982849121094 141.01953125
frog 0.6249448 104.19631958007812 68.07259368896484 130.0015869140625 93.96953582763672
ship 0.5072618 132.02137756347656 18.015586853027344 148.0175323486328 33.708221435546875
dog 0.40362495 209.06924438476562 95.08820343017578 225.00677490234375 111.02161407470703
dog 0.39372838 104.19631958007812 68.07259368896484 130.0015869140625 93.96953582763672
deer 0.35676378 132.0039520263672 17.968246459960938 148.0857696533203 33.76174545288086
