bird 0.98217696 183.97120666503906 195.9847869873047 221.9532012939453 233.94676208496094
truck 0.981797 126.03201293945312 147.22134399414062 155.00436401367188 175.96762084960938
automobile 0.9807601 58.042991638183594 67.03775787353516 96.02190399169922 105.05941009521484
automobile 0.976281 196.04869079589844 99.07953643798828 231.09629821777344 134.01260375976562
dog 0.975492 35.990318298339844 128.0384521484375 65.00712585449219 157.0989990234375
cat 0.97332776 28.095048904418945 212.9278564453125 57.085174560546875 241.9879150390625
cat 0.965415 115.12625122070312 104.09077453613281 152.96463012695312 141.96636962890625
automobile 0.962622 16.08097267150879 19.976116180419922 51.07849884033203 55.0425910949707
frog 0.9585241 54.97254180908203 13.021303176879883 70.98694610595703 29.061220169067383
ship 0.9456848 167.07162475585938 138.0498809814453 189.01895141601562 160.06373596191406
deer 0.94128215 110.04354858398438 192.99710083007812 136.02659606933594 219.01385498046875
frog 0.8959123 161.99591064453125 104.9532470703125 184.03802490234375 127.00244140625
bird 0.86809266 153.01272583007812 4.062187194824219 172.083740234375 23.273237228393555
cat 0.6275652 90.01541900634766 127.96894073486328 108.97347259521484 147.0095977783203
cat 0.61280566 28.0360050201416 177.04083251953125 63.07483673095703 211.8262939453125
cat 0.5317501 211.190185546875 30.136363983154297 243.07025146484375 61.93821334838867
automobile 0.5260677 176.06771850585938 22.081138610839844 201.98760986328125 48.002288818359375
ship 0.45445645 176.01763916015625 22.046401977539062 201.98431396484375 47.963905334472656
dog 0.44962448 28.0360050201416 177.04083251953125 63.07483673095703 211.8262939453125
bird 0.3920262 211.1449737548828 30.10347557067871 243.00975036621094 61.987335205078125
dog 0.30130282 90.01399230957031 127.94866943359375 109.02433776855469 147.00653076171875
