airplane 0.9911921 109.01351165771484 107.0494613647461 131.0010986328125 128.98355102539062
deer 0.98783237 191.0487518310547 153.0564727783203 212.96922302246094 175.0746307373047
automobile 0.98636436 78.11227416992188 129.08920288085938 100.02153015136719 151.01522827148438
airplane 0.9827819 151.08248901367188 152.99002075195312 186.10894775390625 188.10415649414062
deer 0.98194313 142.20196533203125 101.07695770263672 170.99203491210938 130.1003875732422
automobile 0.98011553 123.0789794921875 40.07479476928711 142.0306396484375 59.02071762084961
airplane 0.97979665 65.15869140625 188.10247802734375 97.11003112792969 220.04965209960938
airplane 0.97949344 122.99766540527344 61.05719757080078 158.07530212402344 96.04692840576172
deer 0.9794517 19.970746994018555 65.01165771484375 52.02387237548828 97.023193359375
cat 0.9792981 169.1090545654297 37.08245086669922 207.03968811035156 74.91246032714844
airplane 0.9776745 117.07654571533203 5.115019798278809 139.00357055664062 26.98670196533203
ship 0.9753789 72.1261978149414 54.0443000793457 107.01807403564453 88.97233581542969
automobile 0.97247434 28.008127212524414 112.07730865478516 47.036216735839844 130.9968719482422
dog 0.96936643 111.04180145263672 215.03500366210938 143.05435180664062 246.80630493164062
deer 0.9489474 213.18060302734375 211.99131774902344 239.0579833984375 238.05223083496094
cat 0.93647075 145.34547424316406 205.0735321044922 174.07997131347656 233.9774627685547
bird 0.8885556 64.14170837402344 92.1447982788086 92.92391967773438 121.14623260498047
cat 0.32256866 185.060791015625 216.0165557861328 203.97158813476562 235.0552520751953
