airplane 0.9923065 125.1298599243164 90.03626251220703 147.00454711914062 111.78838348388672
airplane 0.98895717 95.91397857666016 111.02323150634766 118.0697250366211 133.01588439941406
automobile 0.9861828 45.05855941772461 29.040569305419922 63.940555572509766 47.97511672973633
airplane 0.98315334 84.08587646484375 12.017681121826172 118.97518920898438 47.09755325317383
truck 0.9825406 197.07391357421875 145.00123596191406 232.00210571289062 180.07139587402344
dog 0.9824354 56.082157135009766 175.04844665527344 74.9755859375 194.0444793701172
truck 0.9797771 174.24464416503906 38.127498626708984 205.9542694091797 70.02203369140625
automobile 0.9795771 31.016016006469727 212.08084106445312 62.99928283691406 244.05508422851562
ship 0.9795005 57.004966735839844 99.1968994140625 91.98595428466797 133.98748779296875
airplane 0.97873914 150.05142211914062 161.01644897460938 175.94500732421875 187.02224731445312
ship 0.96919185 193.03070068359375 100.0362319946289 219.02740478515625 125.97721099853516
deer 0.9671849 5.107563018798828 96.05052185058594 42.987022399902344 134.04916381835938
bird 0.9592105 88.07015991210938 137.09463500976562 113.94851684570312 162.91830444335938
automobile 0.91962683 138.0277099609375 48.915218353271484 173.22622680664062 84.08724975585938
airplane 0.91337866 26.06983184814453 54.099674224853516 52.025291442871094 79.92568969726562
bird 0.8532631 128.03817749023438 150.04446411132812 144.0203857421875 165.96002197265625
bird 0.8117758 67.01985931396484 75.92005157470703 89.11006927490234 98.17003631591797
frog 0.33852655 67.05021667480469 76.1053237915039 89.03874206542969 98.13780975341797
