bird 0.99238586 26.05560302734375 75.07108306884766 48.057762145996094 97.05904388427734
frog 0.98699784 156.95848083496094 141.09469604492188 186.04380798339844 169.96963500976562
airplane 0.98190546 69.07192993164062 35.122718811035156 104.0843505859375 70.11192321777344
ship 0.97888744 101.09693908691406 130.98715209960938 138.96575927734375 169.15676879882812
ship 0.9765017 178.14442443847656 52.007171630859375 213.0452117919922 86.98709106445312
airplane 0.9737524 114.99951171875 173.01669311523438 150.00372314453125 207.90655517578125
frog 0.9726898 71.07420349121094 161.05645751953125 99.89675903320312 189.92861938476562
bird 0.97032225 4.023870468139648 137.9912567138672 36.078887939453125 169.9470672607422
truck 0.96942747 138.0518798828125 1.2402877807617188 163.88818359375 27.08411407470703
cat 0.96823937 41.030250549316406 151.0586395263672 66.99987030029297 177.0555877685547
bird 0.9482528 206.0634002685547 11.076436996459961 228.0520782470703 32.98194885253906
automobile 0.9146356 167.3096466064453 210.9499969482422 195.1338653564453 241.0371856689453
deer 0.90550673 213.17787170410156 176.8782958984375 238.99546813964844 202.93807983398438
deer 0.8763982 206.0811004638672 103.03781127929688 231.9217987060547 128.95779418945312
dog 0.86356926 208.00457763671875 151.98983764648438 223.99423217773438 168.03515625
airplane 0.8598298 6.039640426635742 5.9588775634765625 40.951820373535156 41.00704574584961
dog 0.83127886 96.07975006103516 209.07574462890625 131.12147521972656 244.01239013671875
truck 0.66322154 67.07982635498047 77.14466857910156 102.01236724853516 112.06352233886719
frog 0.66107345 158.08055114746094 184.10696411132812 177.0688934326172 202.89813232421875
cat 0.47347048 67.06788635253906 77.075439453125 101.9898681640625 112.05314636230469
dog 0.29181194 158.09681701660156 184.1006622314453 177.03953552246094 202.96543884277344
bird 0.26379701 156.1091766357422 101.04071044921875 193.97926330566406 139.19354248046875
airplane 0.25233752 206.12486267089844 103.0237045288086 231.9431610107422 129.08941650390625
cat 0.2233052 158.08055114746094 184.10696411132812 177.0688934326172 202.89813232421875
