truck 0.98894346 99.12408447265625 131.21661376953125 124.81547546386719 157.03836059570312
dog 0.9858222 33.033138275146484 44.08281707763672 55.02579879760742 65.96009063720703
truck 0.9774664 193.06634521484375 11.083013534545898 231.00888061523438 48.99633026123047
automobile 0.9769087 36.025108337402344 76.01577758789062 62.021263122558594 102.00596618652344
deer 0.97610307 126.08380889892578 148.99411010742188 152.05357360839844 175.04473876953125
dog 0.9695368 157.07028198242188 97.08470153808594 188.96707153320312 129.05264282226562
automobile 0.9695029 76.04478454589844 205.1193389892578 102.00679016113281 230.94871520996094
deer 0.9446126 181.06719970703125 136.16905212402344 203.06301879882812 158.0412139892578
truck 0.934216 85.12743377685547 101.0169906616211 104.00000762939453 119.99288177490234
cat 0.9294455 0.0 146.1235809326172 25.982912063598633 171.88307189941406
airplane 0.9137445 133.0538330078125 196.04266357421875 152.02780151367188 215.04385375976562
cat 0.65691185 51.0455207824707 111.08715057373047 67.09446716308594 127.0366439819336
automobile 0.6331034 166.94818115234375 203.1737060546875 185.89849853515625 222.102294921875
bird 0.6191699 214.06082153320312 92.07527923583984 249.00100708007812 127.05956268310547
airplane 0.6059974 214.09268188476562 92.07244873046875 249.01345825195312 127.05685424804688
dog 0.4725191 38.17732238769531 145.05787658691406 69.9296875 176.96470642089844
cat 0.43685886 167.0178680419922 203.1585693359375 186.0095672607422 221.99447631835938
deer 0.42831513 187.9707489013672 51.220680236816406 207.10752868652344 70.00730895996094
cat 0.36090106 187.9707489013672 51.220680236816406 207.10752868652344 70.00730895996094
frog 0.28841943 188.0602569580078 50.973602294921875 207.07664489746094 70.00044250488281
truck 0.28559554 51.041664123535156 111.09464263916016 67.04013061523438 127.07231903076172
automobile 0.2298246 51.041664123535156 111.09464263916016 67.04013061523438 127.07231903076172
deer 0.21602383 133.06292724609375 196.04335021972656 152.03390502929688 215.01316833496094
