ship 0.9837967 93.11389923095703 94.05728149414062 115.03777313232422 115.93473815917969
airplane 0.98320353 49.03290939331055 109.03311157226562 84.12127685546875 144.00552368164062
truck 0.9802778 25.005779266357422 59.10350036621094 54.03965377807617 87.98423767089844
automobile 0.97903836 143.0589141845703 128.0248565673828 180.96775817871094 165.96434020996094
deer 0.975054 54.04105758666992 146.01593017578125 70.05689239501953 162.02297973632812
deer 0.9716814 2.0924301147460938 102.03770446777344 21.03791046142578 121.04008483886719
ship 0.97067106 32.13006591796875 190.04725646972656 64.0228500366211 222.0699920654297
automobile 0.9673574 149.01751708984375 7.187808990478516 183.95858764648438 41.953609466552734
cat 0.961308 80.94601440429688 184.98382568359375 107.1651611328125 211.03549194335938
dog 0.93682647 106.04704284667969 146.00607299804688 132.0440673828125 171.93414306640625
bird 0.9011065 60.080474853515625 22.007780075073242 95.01373291015625 57.014259338378906
truck 0.8707498 195.10289001464844 182.9901123046875 216.95591735839844 204.95123291015625
bird 0.86037636 130.04928588867188 46.03776168823242 152.00958251953125 67.9946060180664
airplane 0.737005 160.00222778320312 205.04193115234375 176.03158569335938 221.01434326171875
frog 0.71962595 109.02291107177734 182.0484161376953 137.94589233398438 210.9130401611328
ship 0.62257594 176.95823669433594 95.08576202392578 209.00404357910156 127.01285552978516
cat 0.46671504 108.95750427246094 182.32705688476562 137.0272674560547 210.82901000976562
airplane 0.43941692 176.92129516601562 95.06372833251953 208.99566650390625 126.9754867553711
automobile 0.43176258 195.0204620361328 183.0030975341797 216.9569549560547 204.92344665527344
ship 0.3478091 160.0095977783203 205.024658203125 176.01036071777344 221.00765991210938
deer 0.24418545 160.00222778320312 205.04193115234375 176.03158569335938 221.01434326171875
