truck 0.9868159 173.11524963378906 189.1420440673828 195.04078674316406 210.96681213378906
frog 0.9853515 162.0968017578125 149.04039001464844 181.0020751953125 167.98728942871094
automobile 0.98434824 140.11444091796875 53.13823318481445 162.03683471679688 75.01119995117188
automobile 0.982 21.05385398864746 172.07020568847656 42.98686218261719 193.95860290527344
frog 0.9790063 210.07638549804688 178.07470703125 247.92279052734375 215.97628784179688
ship 0.97778386 205.0409393310547 9.066495895385742 239.98878479003906 44.04076385498047
ship 0.97733164 80.88172912597656 197.00900268554688 118.86849975585938 234.91439819335938
cat 0.9765239 170.01487731933594 81.01422119140625 189.07875061035156 99.99826049804688
automobile 0.9731387 77.01909637451172 21.117467880249023 115.0487289428711 59.06237030029297
deer 0.97199285 59.02461242675781 180.03207397460938 74.97734069824219 196.01052856445312
airplane 0.9714508 79.0785903930664 87.00955200195312 108.06685638427734 116.09187316894531
automobile 0.9574408 8.071178436279297 54.065345764160156 34.095428466796875 79.90401458740234
cat 0.934092 191.1361083984375 56.04743957519531 217.05023193359375 81.86674499511719
cat 0.90029836 173.9531707763672 123.07646942138672 193.02760314941406 141.9830780029297
airplane 0.8811689 213.03567504882812 112.05663299560547 232.04684448242188 130.9688720703125
deer 0.85952365 13.064520835876465 206.92803955078125 44.98492431640625 238.96868896484375
cat 0.8505771 144.01011657714844 13.990476608276367 176.0075225830078 45.9224853515625
bird 0.5815436 44.05601501464844 56.97287368774414 66.0165023803711 78.97459411621094
ship 0.36288688 213.089599609375 112.10755920410156 232.2044677734375 130.99102783203125
dog 0.35160905 43.991661071777344 57.04132843017578 65.99168395996094 78.93085479736328
truck 0.21837649 13.002632141113281 206.92352294921875 44.99980926513672 238.9710693359375
