airplane 0.9910207 109.1210708618164 40.10783004760742 131.00933837890625 62.03268814086914
airplane 0.9852071 190.07176208496094 31.10552406311035 209.06446838378906 50.033905029296875
automobile 0.98356503 34.07643508911133 197.03453063964844 55.98465347290039 219.03916931152344
truck 0.98257345 50.07876968383789 157.03953552246094 72.01982116699219 179.0026092529297
deer 0.98219377 117.97026062011719 171.05999755859375 150.09275817871094 202.90707397460938
truck 0.98120856 75.10598754882812 110.10413360595703 97.09164428710938 132.0678253173828
frog 0.9778307 52.142974853515625 48.087703704833984 90.00552368164062 85.98092651367188
automobile 0.977676 98.14236450195312 123.0369873046875 135.95166015625 160.98886108398438
cat 0.97547567 135.94374084472656 77.08120727539062 164.92250061035156 105.94851684570312
automobile 0.97205454 93.00060272216797 70.02084350585938 131.09768676757812 108.05397033691406
ship 0.97200817 187.07337951660156 138.05520629882812 225.08924865722656 175.97567749023438
bird 0.9570768 180.1673583984375 74.990478515625 218.10504150390625 112.98489379882812
deer 0.94462776 99.07579803466797 205.06227111816406 117.95551300048828 223.92942810058594
truck 0.9419862 25.051807403564453 111.00935363769531 43.98006820678711 130.060791015625
dog 0.91708696 186.19947814941406 192.8719482421875 220.91514587402344 227.9239501953125
frog 0.9008786 213.9825439453125 9.035017967224121 243.05758666992188 37.95172119140625
ship 0.86512977 157.12818908691406 5.977248191833496 185.99046325683594 34.989158630371094
airplane 0.8482988 108.06547546386719 8.02767562866211 127.05126953125 26.94213104248047
cat 0.65149856 167.03323364257812 48.12173843383789 186.0623779296875 66.97427368164062
airplane 0.5306611 50.13911056518555 112.16704559326172 69.03424072265625 130.96665954589844
automobile 0.5243855 108.08393859863281 7.982537269592285 127.07441711425781 26.928314208984375
frog 0.51618534 50.00981140136719 112.04882049560547 69.07258605957031 131.02154541015625
truck 0.48351255 50.13911056518555 112.16704559326172 69.03424072265625 130.96665954589844
automobile 0.42456588 50.13911056518555 112.16704559326172 69.03424072265625 130.96665954589844
frog 0.26633558 167.048583984375 48.002384185791016 186.129150390625 66.99885559082031
truck 0.23410499 167.07899475097656 48.004661560058594 186.05787658691406 67.0118408203125
deer 0.21148759 213.92373657226562 9.06257438659668 243.0557861328125 37.827362060546875
airplane 0.20751867 98.93917846679688 205.03775024414062 118.05659484863281 224.02655029296875
