truck 0.99318516 29.08091163635254 97.09309387207031 50.98179626464844 119.00563049316406
bird 0.9921501 197.1341094970703 175.02432250976562 219.0417022705078 197.05206298828125
truck 0.99072695 167.05740356445312 152.0493927001953 189.03933715820312 173.99217224121094
dog 0.9858762 17.104990005493164 124.08566284179688 39.01728057861328 146.02847290039062
ship 0.98395574 125.03395080566406 45.05062484741211 160.10475158691406 80.00212097167969
dog 0.979643 201.0479736328125 201.06729125976562 220.02444458007812 220.04800415039062
dog 0.97903967 204.0672607421875 15.139533042907715 235.88427734375 47.09357452392578
frog 0.9777679 82.05734252929688 104.99010467529297 107.96800231933594 130.93814086914062
deer 0.9749495 106.63887786865234 214.9461669921875 144.43600463867188 253.19027709960938
automobile 0.97075284 130.03857421875 129.11448669433594 159.01153564453125 157.9676971435547
frog 0.9703693 91.0514907836914 37.056907653808594 117.09114837646484 62.99339294433594
frog 0.9659101 60.07951354980469 6.02200984954834 85.99058532714844 32.05730056762695
automobile 0.94328505 149.98939514160156 105.0335922241211 166.06275939941406 121.05269622802734
cat 0.9431493 3.844911575317383 187.0894775390625 29.95823860168457 213.02490234375
dog 0.9335838 100.08393096923828 166.96746826171875 134.9892120361328 202.0728759765625
cat 0.9311772 49.062644958496094 138.02359008789062 74.95062255859375 163.9117431640625
frog 0.92858624 195.006103515625 119.9892578125 210.99984741210938 136.0043487548828
deer 0.6873417 213.98715209960938 75.0219955444336 245.97518920898438 107.0637435913086
truck 0.28258777 194.9861602783203 119.94757080078125 211.03880310058594 136.0063934326172
