frog 0.9877698 122.00752258300781 49.9788818359375 144.0062713623047 71.95211029052734
automobile 0.98771256 45.96925735473633 88.09905242919922 64.90613555908203 107.02759552001953
frog 0.9858328 78.95706939697266 175.97821044921875 95.03646087646484 192.04425048828125
ship 0.9813441 19.054624557495117 40.06190872192383 37.98701477050781 59.02225875854492
automobile 0.979968 102.04074096679688 168.9516143798828 134.06185913085938 201.0776824951172
frog 0.9766158 75.09937286376953 212.97637939453125 110.0562973022461 248.02706909179688
deer 0.97526443 192.06442260742188 31.97167205810547 227.043212890625 66.97372436523438
truck 0.97217023 34.06319046020508 118.10785675048828 62.95363998413086 147.05819702148438
frog 0.97196186 78.06188201904297 121.03084564208984 96.98371124267578 140.04714965820312
frog 0.97077334 66.10795593261719 53.973793029785156 100.94851684570312 89.00080108642578
dog 0.96275747 113.08265686035156 133.09841918945312 134.93934631347656 154.97613525390625
cat 0.9600457 188.0177001953125 188.00900268554688 223.03564453125 223.04769897460938
frog 0.9474274 51.06891632080078 30.09830093383789 73.02881622314453 52.1483268737793
airplane 0.9227084 141.07574462890625 119.14045715332031 167.02056884765625 144.97254943847656
deer 0.9159944 144.0570526123047 181.9834747314453 176.04954528808594 214.06272888183594
automobile 0.91005385 3.0284576416015625 105.99758911132812 19.030353546142578 122.19410705566406
deer 0.8548027 85.9628677368164 7.023629188537598 102.0306167602539 23.064556121826172
frog 0.7286179 85.05183410644531 150.07577514648438 100.93765258789062 165.98226928710938
cat 0.5397459 198.0088348388672 152.08132934570312 230.09629821777344 184.03799438476562
dog 0.51699674 10.248486518859863 168.97982788085938 36.10866165161133 194.95254516601562
frog 0.43710828 198.0484161376953 152.0630645751953 230.08042907714844 184.0407257080078
dog 0.289106 85.0481185913086 150.01145935058594 101.00469207763672 165.9826202392578
dog 0.20961767 85.95780181884766 7.038139343261719 102.00765228271484 23.052122116088867
