truck 0.9884219 46.022377014160156 74.00243377685547 65.0721206665039 93.02860260009766
airplane 0.9831692 6.07615852355957 200.03668212890625 38.00322723388672 232.05963134765625
dog 0.98071194 153.49755859375 138.1138458251953 175.04678344726562 159.7870635986328
frog 0.9804386 207.062255859375 9.0413236618042 229.00259399414062 31.08572769165039
bird 0.9772798 131.98324584960938 203.98365783691406 167.01565551757812 238.99424743652344
automobile 0.97437596 136.10218811035156 162.9627227783203 171.03956604003906 198.00062561035156
ship 0.97243655 143.04957580566406 8.078119277954102 177.95680236816406 42.99140930175781
cat 0.97009116 121.06505584716797 41.052284240722656 139.8773193359375 59.927886962890625
truck 0.96859705 70.99490356445312 145.0726318359375 103.02056884765625 177.04306030273438
frog 0.9660882 55.06459045410156 39.08054733276367 77.0279541015625 60.9972038269043
frog 0.96306556 206.0747528076172 133.12840270996094 240.9904327392578 168.0785369873047
cat 0.9437038 33.05160140991211 107.08367919921875 55.01243209838867 128.98519897460938
frog 0.94077563 67.01447296142578 92.02494049072266 99.0339584350586 123.95586395263672
frog 0.9274636 176.1035614013672 183.01348876953125 207.99830627441406 215.06716918945312
bird 0.9114238 91.11029052734375 51.05353927612305 116.9613037109375 77.0089111328125
automobile 0.8970287 100.05973815917969 196.0840606689453 119.07455444335938 214.9461212158203
bird 0.8311846 104.09195709228516 147.97982788085938 123.1249771118164 166.98138427734375
automobile 0.80787677 125.82159423828125 133.06521606445312 151.7679443359375 159.05889892578125
frog 0.2869733 104.137939453125 148.0896453857422 123.25485229492188 166.9822540283203
truck 0.23389217 125.82159423828125 133.06521606445312 151.7679443359375 159.05889892578125
