bird 0.98909706 155.07183837890625 176.06858825683594 174.00802612304688 195.00575256347656
airplane 0.98732114 15.041199684143066 197.04238891601562 37.01808547973633 219.00631713867188
dog 0.9823793 191.02001953125 128.012451171875 220.01739501953125 156.99456787109375
airplane 0.98223966 68.04081726074219 166.9606475830078 100.0880126953125 199.1007537841797
automobile 0.98002845 105.1124267578125 96.08086395263672 131.04400634765625 121.93762969970703
cat 0.9787595 35.9864616394043 97.07201385498047 58.14876174926758 119.07250213623047
frog 0.9774333 119.0242919921875 13.069822311401367 153.91525268554688 47.947425842285156
frog 0.9750616 60.04354476928711 209.99937438964844 98.01878356933594 248.00193786621094
airplane 0.9719901 179.08453369140625 55.11894989013672 204.99066162109375 81.0300521850586
dog 0.96683866 151.04347229003906 91.69903564453125 170.03489685058594 109.97663879394531
automobile 0.95992374 12.067721366882324 11.064249992370605 37.99602508544922 37.01736831665039
bird 0.9251112 121.04527282714844 171.11691284179688 146.9990692138672 196.97256469726562
automobile 0.91399527 126.06431579589844 154.06080627441406 142.0541534423828 169.6394500732422
airplane 0.86353755 186.517333984375 209.7368621826172 216.98715209960938 242.21632385253906
cat 0.83131933 206.1203155517578 70.9697265625 231.9734649658203 96.9576416015625
ship 0.81037945 211.97914123535156 164.1425323486328 247.03135681152344 199.03028869628906
dog 0.6539878 210.14047241210938 12.031806945800781 245.0347900390625 47.11399841308594
bird 0.5293652 212.0514678955078 164.1103515625 246.98304748535156 199.08441162109375
cat 0.4512318 36.0179443359375 134.96954345703125 61.99506378173828 161.14248657226562
bird 0.43009126 35.96131134033203 135.00250244140625 62.07482147216797 161.03018188476562
cat 0.33310974 210.12506103515625 12.015125274658203 245.03268432617188 47.08509063720703
dog 0.25230175 36.008079528808594 134.9189453125 61.98381805419922 161.09967041015625
