frog 0.98739815 163.1127166748047 178.06539916992188 195.0025177001953 209.98895263671875
frog 0.9852184 88.9801254272461 70.04269409179688 118.05672454833984 99.04547119140625
truck 0.98280954 19.995941162109375 63.06354904174805 51.94732666015625 95.08514404296875
ship 0.98064387 205.96243286132812 183.03610229492188 244.02261352539062 220.97201538085938
frog 0.98031974 137.99667358398438 106.97595977783203 157.05770874023438 125.99861907958984
bird 0.980286 169.86727905273438 79.05702209472656 202.01641845703125 111.03288269042969
deer 0.97843206 173.0795440673828 50.09738540649414 191.9205780029297 68.98038482666016
frog 0.9749006 113.01797485351562 194.02456665039062 135.0565948486328 216.01028442382812
automobile 0.9740719 102.01299285888672 0.9853248596191406 123.9903335571289 23.02384376525879
deer 0.96991014 1.0200700759887695 193.95468139648438 29.961254119873047 222.95413208007812
frog 0.9636209 17.05551528930664 6.028116226196289 42.999961853027344 31.95289421081543
ship 0.9360306 132.00746154785156 20.03534507751465 161.00819396972656 49.02227020263672
frog 0.9209548 214.08624267578125 111.04401397705078 235.93576049804688 132.96885681152344
dog 0.87861663 127.02395629882812 68.06554412841797 162.00201416015625 102.95226287841797
deer 0.8580238 6.068313121795654 159.01756286621094 22.010986328125 175.0444793701172
airplane 0.5640145 53.9393196105957 28.061737060546875 79.94647979736328 54.09489440917969
cat 0.50307626 59.983604431152344 114.00861358642578 79.02001190185547 133.0074920654297
bird 0.35951886 54.02174377441406 27.985755920410156 80.03907775878906 54.03699493408203
dog 0.30929762 6.101489543914795 159.05545043945312 21.981243133544922 175.05075073242188
deer 0.25572467 60.036109924316406 114.0985336303711 79.1250228881836 132.9727783203125
deer 0.2288763 35.09745788574219 200.953369140625 73.01564025878906 239.1070556640625
