frog 0.988399 21.075241088867188 117.07196807861328 39.93859100341797 136.00967407226562
frog 0.9866096 29.15239143371582 66.08037567138672 51.028106689453125 87.9597396850586
cat 0.9821944 56.030921936035156 49.936798095703125 88.00638580322266 82.08470153808594
airplane 0.9752908 111.04774475097656 213.0885467529297 139.96420288085938 242.0637664794922
ship 0.97193027 173.1058807373047 79.00332641601562 194.96665954589844 101.04676818847656
truck 0.9693067 29.027324676513672 155.0561981201172 63.948734283447266 189.95082092285156
bird 0.96760243 205.00735473632812 58.02363967895508 236.94058227539062 89.98597717285156
dog 0.9667319 48.09736633300781 1.9926815032958984 82.94041442871094 37.03413391113281
ship 0.9625133 24.054344177246094 200.07838439941406 52.984046936035156 228.8922576904297
deer 0.9556986 100.12397766113281 100.95645141601562 126.01802062988281 127.0789794921875
ship 0.9551478 154.08334350585938 127.99018096923828 191.96038818359375 165.9986572265625
cat 0.9530691 96.00404357910156 63.08512878417969 131.0332489013672 98.10115051269531
bird 0.9414688 89.99163818359375 154.0036163330078 122.08906555175781 186.04954528808594
cat 0.89699924 51.12974548339844 92.07595825195312 72.90455627441406 113.98184204101562
cat 0.86226976 123.08779907226562 35.09624099731445 144.99642944335938 57.03201675415039
frog 0.85495585 157.0354766845703 198.05853271484375 173.0425567626953 214.05413818359375
bird 0.7589011 87.06019592285156 188.02281188964844 109.002685546875 210.0503387451172
deer 0.71627975 67.16751098632812 169.02474975585938 85.79316711425781 188.01812744140625
cat 0.40064505 87.03761291503906 188.16830444335938 109.06904602050781 209.84759521484375
dog 0.3108939 67.26102447509766 169.0314178466797 85.87529754638672 188.0546112060547
bird 0.27529794 67.04998779296875 169.1289825439453 85.80427551269531 188.11863708496094
deer 0.25218242 157.02305603027344 198.0863800048828 173.04222106933594 214.00914001464844
