truck 0.98866636 198.08624267578125 38.0462760925293 220.00601196289062 60.05166244506836
dog 0.9807048 23.070053100585938 63.084136962890625 45.054100036621094 85.04296875
bird 0.9782026 88.04005432128906 165.04483032226562 123.10322570800781 200.00225830078125
airplane 0.9756131 169.02975463867188 67.08895111083984 198.00949096679688 96.0036849975586
deer 0.97384477 32.013275146484375 86.07795715332031 63.97801208496094 117.99290466308594
frog 0.9726918 192.98629760742188 116.08045959472656 219.02072143554688 142.04942321777344
dog 0.96577203 51.13892364501953 207.02761840820312 88.97684478759766 245.03695678710938
truck 0.9553305 5.0659379959106445 164.09951782226562 23.977153778076172 183.01547241210938
deer 0.9503624 51.0543327331543 129.0497283935547 77.0485610961914 154.9309844970703
frog 0.9500123 39.06227493286133 171.9309539794922 64.92454528808594 198.12892150878906
dog 0.9489405 59.1229248046875 40.68799591064453 88.03645324707031 68.99729919433594
bird 0.94177306 167.13833618164062 2.0618200302124023 199.00628662109375 34.05683517456055
cat 0.92413634 21.038665771484375 143.10752868652344 40.00898742675781 161.9679718017578
airplane 0.8882972 193.25486755371094 185.93658447265625 230.9012908935547 224.21319580078125
dog 0.88668597 155.1102752685547 110.05915832519531 184.02259826660156 138.95973205566406
airplane 0.7236343 115.06986236572266 31.024147033691406 147.0456085205078 63.04194641113281
deer 0.33659965 115.08718872070312 31.035751342773438 147.16473388671875 63.060340881347656
