frog 0.98869884 145.03289794921875 168.03909301757812 164.03054809570312 186.9918212890625
frog 0.983693 89.01868438720703 3.1286773681640625 120.93903350830078 35.00477981567383
truck 0.9773324 113.06111145019531 122.9852294921875 142.08995056152344 151.9549560546875
dog 0.97462845 99.99931335449219 186.03451538085938 132.0087127685547 218.04550170898438
airplane 0.97342086 19.996490478515625 186.04074096679688 45.832603454589844 212.01199340820312
automobile 0.9706968 68.05301666259766 64.9891357421875 87.02411651611328 84.00973510742188
deer 0.9693166 105.02022552490234 38.09823226928711 139.97030639648438 73.04779052734375
automobile 0.9674074 174.07302856445312 26.00649642944336 209.13101196289062 60.93698501586914
automobile 0.9564314 149.97976684570312 116.01008605957031 169.1016845703125 135.2206268310547
cat 0.9521439 75.03501892089844 120.03562927246094 91.00376892089844 135.9897003173828
cat 0.9195951 154.00730895996094 198.03875732421875 192.0067901611328 236.01043701171875
frog 0.89706576 201.1022491455078 77.04051208496094 230.01148986816406 105.9927978515625
dog 0.88593864 28.080549240112305 25.064075469970703 45.222381591796875 42.97444534301758
bird 0.81124747 25.090744018554688 116.10344696044922 54.03974914550781 144.8506317138672
bird 0.6900424 8.051704406738281 133.074951171875 23.99319076538086 149.0076904296875
cat 0.6731301 215.11538696289062 37.14551544189453 240.96871948242188 62.95299530029297
dog 0.4789734 50.02293014526367 167.09002685546875 85.04861450195312 201.95513916015625
frog 0.43341887 49.96009826660156 167.12059020996094 85.08283996582031 201.9908905029297
frog 0.33371997 8.109658241271973 133.0188446044922 23.95925521850586 148.9860382080078
dog 0.24071494 215.10589599609375 37.161537170410156 240.93292236328125 63.001380920410156
cat 0.23977661 8.109658241271973 133.0188446044922 23.95925521850586 148.9860382080078
frog 0.23374605 215.10589599609375 37.161537170410156 240.93292236328125 63.001380920410156
truck 0.20218897 8.109658241271973 133.0188446044922 23.95925521850586 148.9860382080078
cat 0.2007398 49.93862533569336 167.10214233398438 84.98262023925781 201.95864868164062
deer 0.200472 25.0833740234375 116.08480834960938 54.01057434082031 144.8406982421875
