bird 0.9854946 0.0 197.94094848632812 35.05720520019531 233.00656127929688
airplane 0.9827987 86.0578842163086 105.05589294433594 123.9532699584961 143.07302856445312
truck 0.9821831 157.10191345214844 190.01153564453125 188.9788055419922 221.9619140625
airplane 0.98111916 40.967220306396484 95.14070129394531 67.09828186035156 120.94566345214844
truck 0.97997224 99.0491943359375 214.0880889892578 130.99905395507812 245.9984588623047
airplane 0.97818655 93.0826644897461 171.04458618164062 125.00467681884766 202.8697509765625
deer 0.9776175 13.073258399963379 100.09011840820312 35.04966354370117 122.0625
airplane 0.97754806 181.04794311523438 53.99872589111328 210.0400390625 83.0617904663086
cat 0.97087115 137.05935668945312 111.9817123413086 169.0040283203125 143.98556518554688
cat 0.9695978 8.045698165893555 29.030288696289062 45.93828582763672 66.90166473388672
bird 0.96176744 196.01876831054688 200.0011749267578 214.99197387695312 218.97789001464844
ship 0.9564246 126.96135711669922 77.06396484375 153.01565551757812 103.09927368164062
frog 0.9535179 51.95392608642578 29.085355758666992 90.04389190673828 67.00310516357422
dog 0.88755894 185.0750732421875 96.77882385253906 217.06768798828125 129.06556701660156
frog 0.87486494 40.071922302246094 145.0526123046875 74.96797180175781 180.034912109375
dog 0.8600035 39.147953033447266 216.17068481445312 67.95409393310547 245.08145141601562
truck 0.6324183 102.11202239990234 9.99625015258789 127.9294204711914 35.92539978027344
cat 0.58130914 178.12799072265625 155.03477478027344 207.0181884765625 183.9753875732422
cat 0.5333341 99.39117431640625 40.20418930053711 122.91300964355469 63.709476470947266
automobile 0.5312033 102.13856506347656 10.019285202026367 127.90736389160156 35.919532775878906
dog 0.4281475 99.25042724609375 40.29552459716797 122.88165283203125 63.740013122558594
cat 0.207513 39.02348327636719 216.09654235839844 67.98676300048828 245.0279998779297
