airplane 0.9931165 3.187941551208496 187.04299926757812 25.032119750976562 209.00506591796875
truck 0.989674 200.06341552734375 212.148681640625 219.05093383789062 231.02926635742188
bird 0.98603487 112.02850341796875 82.98709106445312 141.11338806152344 111.97796630859375
ship 0.9811949 197.08587646484375 128.00547790527344 226.0887451171875 156.98646545410156
truck 0.98027337 10.157594680786133 88.04483032226562 45.009864807128906 122.94197082519531
bird 0.97279054 60.09148406982422 80.92979431152344 85.96338653564453 106.981201171875
frog 0.9696342 178.0218505859375 158.08212280273438 213.10076904296875 193.06564331054688
ship 0.9681556 141.08726501464844 10.048812866210938 173.0295867919922 41.92384719848633
cat 0.9677794 146.09201049804688 42.996421813964844 184.01373291015625 80.99783325195312
dog 0.9663861 3.1292648315429688 125.03116607666016 40.92314147949219 162.98989868164062
automobile 0.96016663 84.01234436035156 64.08455657958984 100.0426025390625 79.9767837524414
frog 0.9498874 81.12042999267578 141.02850341796875 100.01288604736328 160.0648193359375
automobile 0.9270839 61.202919006347656 142.05966186523438 76.95931243896484 158.05484008789062
frog 0.9217935 198.01039123535156 7.952242374420166 214.01686096191406 23.924367904663086
frog 0.9102409 118.02385711669922 127.74581909179688 156.18185424804688 165.93170166015625
bird 0.9089585 54.975616455078125 209.0228729248047 92.90640258789062 246.9535369873047
dog 0.48304027 43.079872131347656 148.84498596191406 59.210670471191406 165.0935821533203
cat 0.29778582 43.117801666259766 148.76170349121094 59.18013381958008 165.2091827392578
