airplane 0.98380935 172.0475616455078 65.08806610107422 194.0179901123047 87.01839447021484
ship 0.9821011 76.01753234863281 214.07501220703125 111.04066467285156 249.08660888671875
cat 0.98071694 139.08334350585938 157.04347229003906 174.07608032226562 191.91944885253906
truck 0.9807117 125.04925537109375 28.07367706298828 162.96566772460938 65.97306060791016
deer 0.97866106 215.032470703125 40.08013916015625 250.01303100585938 74.94412994384766
dog 0.97856045 19.204544067382812 48.08990478515625 47.875572204589844 77.02385711669922
automobile 0.9768025 212.08624267578125 171.98992919921875 246.99765014648438 207.15280151367188
ship 0.971126 21.088577270507812 204.04476928710938 59.01385498046875 242.07000732421875
cat 0.9677665 171.0657196044922 19.128040313720703 200.0093231201172 47.9300422668457
ship 0.9509853 85.16447448730469 107.30751037597656 106.953369140625 129.10850524902344
dog 0.94157207 124.00750732421875 83.95938873291016 161.94284057617188 121.9588851928711
ship 0.9297998 203.05030822753906 82.0972671508789 235.0426483154297 113.90399932861328
frog 0.9218501 71.09504699707031 24.090187072753906 109.07110595703125 62.01152038574219
dog 0.91817117 68.09501647949219 159.0033416748047 96.91563415527344 188.08094787597656
frog 0.8479909 88.04989624023438 80.04306030273438 103.99519348144531 96.01091003417969
dog 0.79161 33.99519348144531 24.97555160522461 49.9649658203125 41.0130500793457
cat 0.7115465 31.0739803314209 81.08934020996094 66.0617446899414 116.02323913574219
frog 0.5953522 56.099727630615234 117.9311294555664 81.97689056396484 143.81410217285156
bird 0.46611932 56.1796989440918 117.89839172363281 82.0443115234375 143.8025360107422
dog 0.2921186 31.0739803314209 81.08934020996094 66.0617446899414 116.02323913574219
