dog 0.981732 76.05231475830078 206.02635192871094 111.1168441772461 240.98390197753906
truck 0.9784697 149.0462188720703 25.932994842529297 183.9643096923828 61.110294342041016
frog 0.9759619 168.02337646484375 80.00360107421875 200.00006103515625 111.90779113769531
ship 0.9742248 202.14260864257812 49.07148742675781 227.95285034179688 75.01187133789062
automobile 0.96344405 117.12217712402344 31.192960739135742 143.00990295410156 57.091514587402344
cat 0.9622458 42.03437805175781 19.989009857177734 77.08604431152344 54.9877815246582
cat 0.96187365 192.0635528564453 149.0950164794922 227.11900329589844 183.94358825683594
cat 0.9528002 61.11815643310547 59.98015594482422 98.9724349975586 97.99958038330078
automobile 0.928972 97.04117584228516 145.99359130859375 122.95935821533203 172.12905883789062
ship 0.9014006 108.0479736328125 73.94723510742188 145.94410705566406 112.02447509765625
bird 0.86113435 22.023303985595703 116.998046875 37.99604415893555 132.99758911132812
automobile 0.83501375 154.9542236328125 131.0414581298828 174.02853393554688 150.0230255126953
deer 0.8329226 117.99057006835938 119.03777313232422 139.83804321289062 140.96371459960938
dog 0.6680409 2.040395736694336 2.1689558029174805 31.079435348510742 31.03990936279297
bird 0.5578883 11.039502143859863 143.0316619873047 33.010860443115234 165.07679748535156
dog 0.5119122 158.98190307617188 4.004855155944824 174.99203491210938 20.00537872314453
cat 0.5102787 38.03181076049805 176.15338134765625 63.96244430541992 201.93453979492188
frog 0.47627455 38.02122116088867 176.11077880859375 63.93955612182617 201.94281005859375
deer 0.47394422 107.00590515136719 173.95135498046875 123.04591369628906 189.96401977539062
deer 0.4627623 158.98190307617188 4.004855155944824 174.99203491210938 20.00537872314453
automobile 0.3812335 107.01028442382812 173.96397399902344 122.99861145019531 189.94862365722656
dog 0.31746724 10.977255821228027 143.04197692871094 32.987300872802734 164.95997619628906
truck 0.30712044 154.9567413330078 131.1249237060547 173.9873504638672 149.98890686035156
frog 0.29827315 158.98190307617188 4.004855155944824 174.99203491210938 20.00537872314453
cat 0.20930752 2.0718326568603516 2.2425107955932617 31.084619522094727 31.0697021484375
