dog 0.98247266 84.01103973388672 50.02582550048828 106.0551986694336 72.01580047607422
deer 0.97502995 198.01866149902344 84.0287857055664 230.04225158691406 116.0566177368164
bird 0.9745886 119.09441375732422 213.0328826904297 156.96810913085938 250.8927459716797
deer 0.972294 45.046791076660156 16.064748764038086 71.12682342529297 41.9122314453125
bird 0.9720735 141.14715576171875 89.9880599975586 175.997802734375 125.01856231689453
dog 0.9694725 174.02999877929688 178.10182189941406 199.99227905273438 203.8360137939453
deer 0.96917343 62.038002014160156 156.07720947265625 91.00605010986328 185.07672119140625
dog 0.9630246 84.95396423339844 111.98828125 117.0301513671875 143.9498748779297
cat 0.9626305 187.03932189941406 208.12139892578125 225.08189392089844 245.94317626953125
airplane 0.9621842 108.04113006591797 72.0591049194336 134.11192321777344 98.03800201416016
ship 0.96028924 101.06636810302734 7.0396223068237305 127.04515838623047 33.07658386230469
dog 0.9388181 46.97856903076172 124.98079681396484 63.060279846191406 141.01654052734375
airplane 0.9377581 191.01242065429688 126.0347671508789 210.02066040039062 145.07049560546875
cat 0.6623999 49.9785270690918 63.0186653137207 75.99087524414062 89.13097381591797
dog 0.5785383 188.83248901367188 13.925119400024414 215.084228515625 39.91082000732422
bird 0.49329096 113.979248046875 165.01242065429688 151.99752807617188 202.9483642578125
truck 0.39821514 50.00177764892578 63.01982879638672 75.98143005371094 89.13446807861328
deer 0.35408053 31.11040496826172 95.00526428222656 53.014556884765625 117.15330505371094
cat 0.3262995 188.80860900878906 13.959220886230469 215.1315460205078 39.948028564453125
deer 0.28423804 113.88216400146484 165.05638122558594 151.82321166992188 202.6577911376953
cat 0.28179246 147.01446533203125 19.043766021728516 165.9085693359375 37.98917007446289
