automobile 0.9861623 31.06395149230957 7.019901275634766 66.0677719116211 42.00429916381836
truck 0.9835299 204.07362365722656 27.116552352905273 239.09169006347656 62.0126953125
deer 0.98247504 182.01365661621094 156.0777130126953 207.96507263183594 181.9596710205078
deer 0.9791707 19.137611389160156 69.10017395019531 50.98528289794922 100.97100830078125
ship 0.97802806 55.20263671875 51.0720329284668 87.04843139648438 83.08149719238281
frog 0.97671556 78.07801818847656 186.0135040283203 113.08460998535156 221.0020294189453
ship 0.9747708 145.017578125 108.03994750976562 167.060302734375 130.03598022460938
frog 0.9678534 5.140296936035156 181.9972686767578 43.036399841308594 219.95729064941406
dog 0.96270573 23.07617950439453 133.91746520996094 58.064918518066406 169.0132598876953
automobile 0.94737244 188.03994750976562 100.06463623046875 223.09988403320312 135.12062072753906
truck 0.9428957 159.15390014648438 185.08871459960938 185.02053833007812 210.93380737304688
airplane 0.93477863 157.12313842773438 5.107613563537598 188.9525146484375 36.97935104370117
deer 0.88241005 140.11024475097656 42.121604919433594 172.0093536376953 73.99662780761719
truck 0.8136996 122.0746841430664 167.0663604736328 143.98265075683594 189.00367736816406
automobile 0.7432408 120.05644226074219 103.01346588134766 135.9925994873047 118.9824447631836
frog 0.61619395 144.092529296875 84.09477996826172 163.0205078125 103.15558624267578
cat 0.5118132 5.0526123046875 35.21453857421875 23.971458435058594 53.068336486816406
deer 0.49468336 121.0885238647461 78.0207748413086 142.9010009765625 99.9695816040039
truck 0.4095297 120.05644226074219 103.01346588134766 135.9925994873047 118.9824447631836
deer 0.34007066 144.07241821289062 84.11389923095703 162.9923095703125 103.05219268798828
frog 0.25071114 140.1124267578125 42.109798431396484 172.0343017578125 73.9241714477539
automobile 0.230014 122.06043243408203 167.02349853515625 144.00994873046875 188.87899780273438
