bird 0.98961353 155.10745239257812 97.10729217529297 176.99349975585938 119.0888900756836
frog 0.98709786 202.0023956298828 76.08110046386719 224.04966735839844 98.0404052734375
bird 0.98530936 23.105857849121094 47.05731201171875 45.00617980957031 68.92901611328125
automobile 0.9799773 215.08053588867188 117.0876235961914 243.93893432617188 146.0015869140625
ship 0.97969687 90.05614471435547 38.846534729003906 122.1056900024414 71.08738708496094
deer 0.9796259 75.01315307617188 3.0735607147216797 106.95645141601562 35.11854553222656
bird 0.9787621 35.16891860961914 195.0606231689453 56.978641510009766 217.0432891845703
dog 0.97501934 202.01136779785156 37.30754852294922 236.9939727783203 72.04347229003906
automobile 0.9717196 76.01799774169922 168.98606872558594 92.02669525146484 185.03343200683594
dog 0.96938646 194.2401885986328 156.18653869628906 213.01344299316406 175.05604553222656
frog 0.9600283 168.00439453125 203.0979461669922 205.93878173828125 240.93080139160156
dog 0.9508497 136.12588500976562 17.090349197387695 170.97018432617188 52.062042236328125
cat 0.9411817 205.87928771972656 7.074889183044434 234.9535675048828 36.0098876953125
cat 0.6462902 51.11638259887695 112.10601806640625 77.2279052734375 137.99147033691406
cat 0.62142074 128.04835510253906 66.92853546142578 146.9962615966797 86.12071990966797
truck 0.547435 127.9881820678711 66.91866302490234 146.9387664794922 86.15943145751953
dog 0.31550944 51.11638259887695 112.10601806640625 77.2279052734375 137.99147033691406
