truck 0.99248976 190.04702758789062 66.05020904541016 209.01217651367188 85.0401840209961
airplane 0.9836717 161.00648498535156 33.02205276489258 180.0311737060547 52.00986099243164
truck 0.98222536 1.0454177856445312 170.93727111816406 30.030805587768555 199.9930877685547
airplane 0.98106915 28.012531280517578 134.0161895751953 63.03573226928711 169.06626892089844
airplane 0.9798006 195.97723388671875 188.99818420410156 227.96640014648438 221.02540588378906
frog 0.9715297 73.02655029296875 139.0432586669922 98.94883728027344 165.0561065673828
automobile 0.9665129 42.08292770385742 7.161031723022461 77.02642822265625 41.97477722167969
dog 0.965785 81.21574401855469 172.94081115722656 115.95970153808594 207.9763641357422
automobile 0.96119785 88.979248046875 104.14921569824219 104.957763671875 119.88938903808594
cat 0.96030986 139.1141357421875 82.99771118164062 174.0977783203125 118.01284790039062
bird 0.95826113 154.0718231201172 120.05809020996094 180.15834045410156 146.0285186767578
frog 0.957099 123.0618896484375 175.00588989257812 148.97793579101562 201.0404052734375
cat 0.9498999 3.0106735229492188 76.01383972167969 35.101898193359375 107.94535827636719
frog 0.93529636 112.74879455566406 145.10455322265625 133.6773681640625 165.962158203125
deer 0.76797545 36.10032272338867 60.95848083496094 58.02646255493164 82.93499755859375
frog 0.7226195 126.012451171875 22.040645599365234 145.04837036132812 41.044742584228516
automobile 0.7046498 180.07965087890625 149.03762817382812 212.0067138671875 181.01092529296875
truck 0.7003245 185.1326141357422 113.00910949707031 217.08229064941406 145.12318420410156
bird 0.62207377 17.051923751831055 203.95150756835938 36.005584716796875 223.04208374023438
cat 0.5284115 126.03327178955078 22.065038681030273 145.0411834716797 41.082977294921875
ship 0.454488 185.0797576904297 113.00747680664062 217.07118225097656 145.15667724609375
truck 0.403456 179.96688842773438 149.05584716796875 212.01953125 181.0306396484375
