truck 0.9875108 24.238948822021484 178.92259216308594 46.043155670166016 201.01136779785156
frog 0.9864098 180.06643676757812 60.15867614746094 206.0089111328125 86.01544189453125
deer 0.98024404 151.98834228515625 154.00515747070312 189.92559814453125 192.003173828125
bird 0.977996 71.0069808959961 46.99738311767578 87.08130645751953 62.989288330078125
deer 0.9767525 170.04530334472656 11.938541412353516 202.00010681152344 44.06886672973633
deer 0.9764857 33.035804748535156 94.10383605957031 61.998085021972656 122.97718811035156
deer 0.9731606 70.0521240234375 168.98460388183594 102.05967712402344 201.0207061767578
automobile 0.97244424 95.09099578857422 7.030982971191406 132.91720581054688 44.98413848876953
ship 0.972263 53.9124755859375 72.04646301269531 72.98606872558594 91.35191345214844
cat 0.97178376 24.080135345458984 12.06657600402832 53.00044631958008 41.019981384277344
cat 0.97142446 189.997314453125 206.11007690429688 227.89190673828125 244.08670043945312
ship 0.96651196 36.054927825927734 159.04434204101562 55.02558517456055 178.15585327148438
deer 0.9630212 122.04705047607422 51.06741714477539 143.94615173339844 73.02215576171875
bird 0.9604708 26.032188415527344 66.00848388671875 51.85267639160156 92.11801147460938
dog 0.9598376 122.01242065429688 101.9980697631836 156.99444580078125 137.06130981445312
frog 0.87779415 8.044065475463867 131.4268035888672 33.93043518066406 157.0095977783203
cat 0.7645744 210.05274963378906 144.0252227783203 239.0664520263672 172.99095153808594
ship 0.7071479 203.06561279296875 100.10359954833984 229.04971313476562 125.94361114501953
dog 0.4893797 88.01832580566406 53.114315032958984 107.04872131347656 72.01138305664062
bird 0.34941745 88.1710205078125 53.041236877441406 107.10221862792969 72.0152816772461
truck 0.28517097 210.18177795410156 144.02719116210938 239.0497283935547 173.07095336914062
deer 0.27846128 88.01832580566406 53.114315032958984 107.04872131347656 72.01138305664062
airplane 0.26001346 203.03497314453125 100.08159637451172 229.07363891601562 125.9180679321289
frog 0.2438047 88.01832580566406 53.114315032958984 107.04872131347656 72.01138305664062
cat 0.24052286 88.01832580566406 53.114315032958984 107.04872131347656 72.01138305664062
