ship 0.9842515 203.0198516845703 39.98261260986328 218.9474334716797 55.966888427734375
bird 0.98306286 129.96453857421875 43.983192443847656 149.02645874023438 63.0220947265625
truck 0.9809265 168.0658721923828 9.00365161895752 193.99644470214844 34.97919845581055
cat 0.97505397 165.11048889160156 163.0875244140625 200.01368713378906 198.09292602539062
ship 0.9742131 128.10174560546875 175.024658203125 159.97622680664062 207.15280151367188
frog 0.973997 0.01728057861328125 21.020519256591797 29.063377380371094 49.859378814697266
dog 0.9671751 59.08030700683594 7.09609317779541 90.97225952148438 39.01148986816406
ship 0.9661145 21.993850708007812 206.09825134277344 60.04106903076172 243.99693298339844
airplane 0.9593109 205.0250244140625 83.98440551757812 243.00143432617188 121.98506164550781
cat 0.95458746 92.02368927001953 79.04904174804688 123.94988250732422 110.84709167480469
dog 0.948465 145.9205322265625 114.10841369628906 172.05606079101562 139.97769165039062
truck 0.9390375 5.989049911499023 55.04384994506836 44.04082489013672 93.00523376464844
frog 0.88762057 71.06730651855469 195.0469207763672 108.9879150390625 233.0207061767578
truck 0.8586122 188.01953125 209.0487823486328 209.9998779296875 231.0009307861328
bird 0.4976069 165.08966064453125 73.06245422363281 191.01174926757812 98.88533020019531
cat 0.40603304 165.08656311035156 73.05224609375 190.97511291503906 98.92489624023438
deer 0.28528923 165.08656311035156 73.05224609375 190.97511291503906 98.92489624023438
bird 0.21403664 71.12793731689453 194.98983764648438 108.99187469482422 233.00119018554688
