bird 0.9933704 155.98960876464844 215.9832763671875 175.0043182373047 235.00634765625
frog 0.98728216 7.098653793334961 76.99799346923828 26.00895881652832 95.9562759399414
bird 0.98163044 127.05548858642578 82.03390502929688 145.98699951171875 101.00471496582031
airplane 0.9724109 79.05992889404297 204.14801025390625 108.2437973022461 232.95718383789062
truck 0.97197556 83.0875015258789 169.0040283203125 109.02643585205078 194.84439086914062
airplane 0.9719662 124.04385375976562 126.11637115478516 145.95895385742188 147.99069213867188
automobile 0.96848685 128.03103637695312 46.277584075927734 157.015869140625 74.97677612304688
ship 0.9663399 82.051025390625 64.05817413330078 120.05650329589844 102.04630279541016
airplane 0.9650712 176.05819702148438 144.03857421875 205.07855224609375 173.0106201171875
dog 0.964584 109.22259521484375 202.0202178955078 147.00735473632812 240.0261993408203
ship 0.9630473 22.098407745361328 33.00962829589844 47.90250778198242 58.96820831298828
bird 0.9593545 173.1332244873047 80.10871124267578 199.0977325439453 105.95296478271484
deer 0.95348203 181.06028747558594 25.998802185058594 200.0166778564453 45.00428009033203
truck 0.93625087 67.16030883789062 21.091989517211914 89.00675964355469 43.029327392578125
dog 0.9280031 111.07475280761719 1.9766654968261719 148.95274353027344 39.887916564941406
airplane 0.8232169 19.09375762939453 208.9900665283203 38.06320571899414 228.0054168701172
ship 0.28665483 19.066295623779297 209.00376892089844 38.035953521728516 228.0519256591797
