bird 0.9940506 189.0875244140625 208.03846740722656 211.05438232421875 229.97682189941406
deer 0.9848867 144.02264404296875 99.96424102783203 182.0145263671875 138.05392456054688
deer 0.9837731 10.066600799560547 119.03652954101562 47.914207458496094 156.9642333984375
airplane 0.9823703 157.0101776123047 193.0809783935547 178.9985809326172 215.0447540283203
truck 0.9802102 93.18537902832031 32.09617614746094 131.01405334472656 70.0394058227539
deer 0.9787262 165.13453674316406 153.98300170898438 194.06163024902344 183.02545166015625
ship 0.97816545 24.0255069732666 32.98860168457031 56.05229187011719 65.06552124023438
truck 0.9779281 69.98960876464844 145.9781036376953 105.07273864746094 181.12660217285156
ship 0.9770691 202.0323486328125 98.10674285888672 220.97128295898438 117.10875701904297
truck 0.97567654 192.9824676513672 52.049217224121094 225.07521057128906 84.02120208740234
airplane 0.97514 163.10841369628906 25.055503845214844 188.9385223388672 51.00965881347656
cat 0.97427773 52.02410888671875 216.02536010742188 86.92619323730469 251.05404663085938
automobile 0.9740434 7.028875350952148 212.97222900390625 41.92726135253906 247.9781494140625
cat 0.9706137 69.11226654052734 95.0329360961914 106.91378021240234 132.9862518310547
frog 0.9691229 67.04049682617188 198.02255249023438 83.005126953125 214.00857543945312
frog 0.95986485 13.043292045593262 172.98365783691406 38.99907302856445 199.05601501464844
airplane 0.81758195 210.99916076660156 121.0973129272461 237.01341247558594 146.96815490722656
cat 0.51614356 129.084716796875 190.08543395996094 155.097412109375 215.9231414794922
deer 0.36288774 210.99916076660156 121.0973129272461 237.01341247558594 146.96815490722656
dog 0.3363626 60.18751525878906 28.961965560913086 89.10572814941406 57.94495391845703
deer 0.2973923 129.084716796875 190.08543395996094 155.097412109375 215.9231414794922
frog 0.268104 129.084716796875 190.08543395996094 155.097412109375 215.9231414794922
cat 0.20730019 60.204505920410156 28.980274200439453 89.1741714477539 57.959293365478516
