deer 0.9880136 47.087196350097656 178.0190887451172 81.97870635986328 213.0475616455078
frog 0.98356664 173.02293395996094 37.98851776123047 191.95652770996094 56.99627685546875
airplane 0.98174256 117.97618103027344 84.0764389038086 152.9607391357422 119.03099822998047
automobile 0.9811226 113.01555633544922 47.0004768371582 141.94261169433594 76.03663635253906
bird 0.97957486 1.958395004272461 164.00062561035156 40.074913024902344 201.9623260498047
automobile 0.97756374 150.0367889404297 148.97003173828125 175.9534454345703 175.08212280273438
frog 0.9733602 48.97894287109375 122.95980072021484 65.00929260253906 138.98663330078125
bird 0.9705128 200.05117797851562 199.0992431640625 229.0286865234375 227.98724365234375
truck 0.96919334 207.9967041015625 120.08719635009766 246.03610229492188 158.0219268798828
dog 0.96541274 18.06144905090332 3.9680824279785156 56.047645568847656 42.01690673828125
airplane 0.9620625 80.01530456542969 124.11921691894531 115.09478759765625 159.0266876220703
ship 0.95481086 103.94294738769531 198.9767608642578 119.97671508789062 215.0635528564453
airplane 0.92257345 156.0675811767578 192.07958984375 188.0039520263672 223.987548828125
cat 0.90743035 61.92804718017578 23.057998657226562 94.06267547607422 54.995361328125
dog 0.90659714 100.14344787597656 160.09129333496094 131.9711151123047 190.5269317626953
cat 0.83621097 96.96099853515625 2.094141960144043 119.053955078125 24.009464263916016
dog 0.771325 197.9442901611328 21.06514549255371 230.0114288330078 53.037071228027344
dog 0.66736597 181.0948028564453 135.1233673095703 203.07521057128906 157.0391082763672
deer 0.33862013 181.15216064453125 135.06338500976562 203.10009765625 157.04660034179688
ship 0.26974645 156.02890014648438 192.05577087402344 188.03964233398438 224.0587921142578
cat 0.20308843 181.09278869628906 135.12196350097656 203.0987091064453 157.0593719482422
