dog 0.98298645 196.1514129638672 109.17436981201172 225.0215301513672 137.95880126953125
deer 0.9790515 183.07159423828125 58.01137161254883 220.9813232421875 95.97810363769531
bird 0.97324777 118.01769256591797 78.03143310546875 143.99241638183594 103.955322265625
dog 0.97173846 93.08688354492188 109.1800537109375 124.93681335449219 141.1162567138672
dog 0.9673631 160.9761505126953 20.09495735168457 195.86158752441406 54.9681396484375
airplane 0.9655738 15.09689998626709 135.0522003173828 44.03923797607422 163.9627227783203
airplane 0.96532965 85.99944305419922 208.97857666015625 102.0815658569336 225.01681518554688
cat 0.963907 63.10716247558594 86.00862121582031 92.03523254394531 115.06570434570312
bird 0.9610618 135.00550842285156 175.01553344726562 154.00535583496094 193.96932983398438
truck 0.94548154 210.03285217285156 194.04653930664062 229.04237365722656 213.04318237304688
frog 0.940647 37.17756271362305 41.043601989746094 59.1039924621582 63.01995849609375
bird 0.89566934 84.0386734008789 29.1153621673584 100.02715301513672 44.810726165771484
ship 0.8734721 91.10760498046875 62.06480026245117 107.05595397949219 77.98493194580078
dog 0.81280303 203.02877807617188 4.016145706176758 222.039306640625 23.016695022583008
dog 0.7899202 149.02630615234375 64.07844543457031 171.07077026367188 86.02218627929688
cat 0.72481066 90.02059173583984 179.027587890625 116.02202606201172 205.04183959960938
bird 0.60458624 120.91694641113281 201.0069580078125 142.13197326660156 223.31558227539062
dog 0.5936887 157.12164306640625 133.60699462890625 195.01904296875 171.01385498046875
cat 0.5586704 153.10662841796875 201.10438537597656 171.94979858398438 220.03465270996094
ship 0.50924397 90.0174560546875 178.98611450195312 115.94126892089844 205.03561401367188
frog 0.4043794 153.10772705078125 201.1921844482422 171.94717407226562 220.06849670410156
cat 0.39179653 157.08010864257812 133.0443115234375 194.9315185546875 170.9783935546875
bird 0.37338662 153.10772705078125 201.1921844482422 171.94717407226562 220.06849670410156
cat 0.36836374 149.06866455078125 64.051025390625 171.05252075195312 86.02108764648438
bird 0.31248128 91.10030364990234 62.07032012939453 107.05672454833984 78.0363998413086
frog 0.24963301 121.15804290771484 201.2236785888672 141.69613647460938 223.2376251220703
frog 0.23626798 210.0311279296875 194.0240936279297 228.92431640625 213.2595672607422
frog 0.22083986 203.05101013183594 4.02125358581543 222.09022521972656 22.974729537963867
