bird 0.99074036 65.04315948486328 168.028076171875 83.96048736572266 187.00808715820312
airplane 0.98219085 19.056028366088867 207.10321044921875 40.984169006347656 229.00860595703125
dog 0.9809761 200.08038330078125 24.04463005065918 237.99636840820312 61.91786193847656
deer 0.9801489 70.9274673461914 88.0896224975586 99.9734115600586 117.11270904541016
automobile 0.9751234 160.1146240234375 62.064369201660156 195.01507568359375 97.0543441772461
airplane 0.97319674 40.02994155883789 95.05476379394531 61.97465896606445 117.02326965332031
cat 0.97279197 119.07218170166016 52.045570373535156 145.0210723876953 78.01183319091797
ship 0.9724978 174.1119842529297 202.9679412841797 206.0659942626953 235.04493713378906
deer 0.97018945 73.01094818115234 198.08822631835938 110.99254608154297 236.04428100585938
dog 0.9684473 102.13383483886719 160.96951293945312 131.03282165527344 190.02239990234375
dog 0.9641964 120.05271911621094 82.07027435302734 145.9627227783203 108.0938491821289
frog 0.95781946 138.0590057373047 197.1251220703125 159.9838104248047 218.99322509765625
frog 0.9434304 4.008064270019531 175.9267120361328 29.936016082763672 202.0868682861328
dog 0.8885981 94.04843139648438 124.99683380126953 128.88540649414062 159.97299194335938
frog 0.85560894 154.0238037109375 16.11532211303711 173.18856811523438 35.00497817993164
bird 0.8346921 185.03915405273438 112.96292877197266 214.03497314453125 141.9588165283203
cat 0.73489314 5.115535736083984 134.9261474609375 36.88929748535156 167.105224609375
frog 0.3355034 185.08189392089844 112.98698425292969 214.0750274658203 141.92214965820312
dog 0.3245934 28.03031349182129 6.1103057861328125 66.1234130859375 43.968841552734375
bird 0.3041445 5.115535736083984 134.9261474609375 36.88929748535156 167.105224609375
