dog 0.9848174 201.97134399414062 139.95628356933594 231.03396606445312 169.0106964111328
frog 0.98154056 205.07130432128906 24.98756980895996 236.9665069580078 56.89186096191406
deer 0.98055553 139.1220703125 186.9799346923828 168.06655883789062 215.94358825683594
truck 0.9779367 110.0594253540039 118.08395385742188 132.05438232421875 139.98501586914062
truck 0.97717583 80.00810241699219 159.99948120117188 117.98760986328125 197.98797607421875
automobile 0.9750141 32.97657775878906 110.04389953613281 59.00010681152344 135.97494506835938
automobile 0.97294927 13.266474723815918 20.967273712158203 45.018856048583984 53.08115768432617
ship 0.97000825 83.12259674072266 211.04339599609375 118.02056121826172 246.02444458007812
airplane 0.969739 152.07748413085938 12.011059761047363 174.03341674804688 34.01569366455078
truck 0.9661877 39.01837921142578 204.97085571289062 76.98857879638672 243.09149169921875
deer 0.9566375 62.039024353027344 130.06320190429688 84.02936553955078 152.01638793945312
deer 0.94473374 201.0147247314453 3.1231374740600586 220.02455139160156 21.905467987060547
cat 0.82844573 40.13915252685547 83.09239196777344 62.00108337402344 105.03364562988281
bird 0.74359006 78.12290954589844 71.07977294921875 103.95680236816406 97.01359558105469
dog 0.7020773 168.0605010986328 80.11262512207031 193.93653869628906 106.05184936523438
airplane 0.68979967 107.13797760009766 8.082487106323242 126.0599136352539 27.027257919311523
bird 0.58671236 1.110121726989746 213.07296752929688 29.938678741455078 241.99795532226562
deer 0.44773218 146.03726196289062 150.02955627441406 161.946044921875 166.01622009277344
bird 0.39867392 145.9723358154297 150.0249481201172 161.93333435058594 166.04002380371094
frog 0.30488172 1.0706939697265625 213.07850646972656 29.894180297851562 242.06419372558594
deer 0.28802866 118.95214080810547 33.917755126953125 150.97808837890625 66.10548400878906
bird 0.2665649 107.09355163574219 8.103448867797852 126.13296508789062 27.017560958862305
cat 0.26000693 1.0706939697265625 213.07850646972656 29.894180297851562 242.06419372558594
cat 0.24409938 78.12290954589844 71.07977294921875 103.95680236816406 97.01359558105469
dog 0.2422696 145.9723358154297 150.0249481201172 161.93333435058594 166.04002380371094
dog 0.23271668 201.0617218017578 3.2030210494995117 220.0113983154297 21.842418670654297
