automobile 0.98411846 60.093231201171875 129.075439453125 85.96382141113281 154.98336791992188
truck 0.9832186 177.97146606445312 160.14414978027344 206.98831176757812 188.9997100830078
frog 0.98082274 94.01789093017578 110.07030487060547 123.0611801147461 138.99569702148438
airplane 0.9804884 40.03166198730469 85.9983901977539 74.98814392089844 121.08045196533203
airplane 0.97986853 207.9781036376953 24.998870849609375 240.04835510253906 57.053375244140625
frog 0.9788444 15.040031433105469 199.00804138183594 47.12385177612305 231.11619567871094
ship 0.9757609 100.0267105102539 143.0596923828125 119.01604461669922 162.03460693359375
automobile 0.97443336 171.91351318359375 116.03465270996094 198.1175537109375 142.08641052246094
dog 0.9736524 66.06103515625 48.081626892089844 95.02326965332031 77.0910415649414
ship 0.96855855 147.96397399902344 66.06758880615234 176.9104461669922 95.1146011352539
automobile 0.96542174 96.97796630859375 8.092503547668457 123.03773498535156 34.19791793823242
deer 0.96190643 136.0204620361328 120.0911636352539 167.96302795410156 151.96194458007812
truck 0.9617668 67.18185424804688 211.1051025390625 92.97982788085938 236.94512939453125
deer 0.92948806 1.0885944366455078 56.027339935302734 23.044620513916016 78.03608703613281
cat 0.917664 103.09455871582031 37.98298645019531 137.96922302246094 73.0185775756836
deer 0.8759503 97.01136016845703 189.09951782226562 135.06028747558594 227.01296997070312
deer 0.8738581 166.0882568359375 16.914722442626953 204.02841186523438 54.87031936645508
deer 0.7213489 194.0255584716797 88.99366760253906 212.9937286376953 108.05107116699219
cat 0.54094094 4.002618789672852 110.92938995361328 33.066871643066406 140.05368041992188
frog 0.49180296 3.999295234680176 110.94816589355469 33.02967834472656 140.04202270507812
