automobile 0.9870158 189.10850524902344 87.0601577758789 211.04530334472656 109.00032806396484
automobile 0.9818917 190.07786560058594 10.030378341674805 211.84632873535156 31.939241409301758
truck 0.9746753 112.03982543945312 154.04693603515625 141.02870178222656 182.95742797851562
frog 0.9745207 1.1064863204956055 119.98841857910156 29.975494384765625 149.0094451904297
automobile 0.9626656 213.0888671875 18.04126739501953 232.01214599609375 37.04108428955078
airplane 0.95086396 212.041015625 161.06666564941406 233.94436645507812 183.0669403076172
deer 0.93870926 98.9901351928711 128.0089111328125 115.02729034423828 144.01089477539062
dog 0.93541664 122.11445617675781 71.17880249023438 148.02284240722656 97.04484558105469
deer 0.92022014 210.0768280029297 137.02740478515625 232.01966857910156 159.18133544921875
cat 0.88489413 129.08377075195312 103.1195068359375 164.01876831054688 137.92669677734375
cat 0.8820346 47.021854400634766 159.01136779785156 84.98812866210938 196.98170471191406
automobile 0.85595405 180.02001953125 116.9966812133789 199.03192138671875 136.00341796875
deer 0.7629191 150.99978637695312 60.041786193847656 167.029052734375 75.98128509521484
truck 0.7569952 179.06167602539062 196.99310302734375 198.07431030273438 215.96823120117188
deer 0.7049718 35.87086486816406 100.94406127929688 62.01030731201172 127.01020812988281
cat 0.68927974 14.039709091186523 215.00820922851562 43.022560119628906 244.05392456054688
bird 0.5457752 90.03327941894531 7.008379936218262 106.06892395019531 22.994972229003906
airplane 0.49877727 150.99978637695312 60.041786193847656 167.029052734375 75.98128509521484
dog 0.36090383 90.03327941894531 7.008379936218262 106.06892395019531 22.994972229003906
airplane 0.34610784 35.87086486816406 100.94406127929688 62.01030731201172 127.01020812988281
dog 0.33914685 96.98363494873047 59.010040283203125 113.07781219482422 74.96903991699219
truck 0.33810648 180.05039978027344 117.02278900146484 199.0231475830078 136.00428771972656
dog 0.32141304 14.047924995422363 215.03387451171875 42.94734573364258 244.0037841796875
deer 0.31742233 90.03327941894531 7.008379936218262 106.06892395019531 22.994972229003906
airplane 0.27503413 179.03509521484375 197.06021118164062 198.08502197265625 215.97305297851562
deer 0.2631233 14.00489616394043 215.0655059814453 42.956260681152344 244.0038604736328
ship 0.21205452 179.03509521484375 197.06021118164062 198.08502197265625 215.97305297851562
deer 0.20864144 96.98860168457031 58.994842529296875 113.02491760253906 74.953125
