airplane 0.98373365 17.02448272705078 63.02833557128906 36.07262420654297 82.03125
airplane 0.9834754 210.99746704101562 195.05484008789062 230.00811767578125 214.07785034179688
truck 0.9826434 143.120849609375 152.04127502441406 175.094482421875 183.9094696044922
truck 0.98254323 185.0506134033203 132.0205535888672 223.12818908691406 169.9875030517578
truck 0.9802789 117.0741958618164 12.01901626586914 135.9170379638672 31.06902313232422
bird 0.97796345 39.0017204284668 77.94764709472656 71.12271118164062 109.93777465820312
truck 0.9754306 213.08998107910156 5.962519645690918 245.0456085205078 37.951568603515625
frog 0.97385025 178.13943481445312 17.015827178955078 209.90704345703125 49.06858444213867
deer 0.97075915 115.0816650390625 49.040340423583984 149.95083618164062 84.04533386230469
dog 0.9692905 100.129638671875 192.09657287597656 137.90200805664062 229.9583282470703
truck 0.96829283 172.1005401611328 204.96710205078125 209.9479522705078 243.04449462890625
deer 0.964777 165.0934295654297 59.0757942199707 181.0062713623047 74.96131896972656
cat 0.93670297 29.989627838134766 194.1236114501953 61.95248794555664 226.14991760253906
bird 0.9153193 1.1693716049194336 98.04573822021484 27.124168395996094 124.0766830444336
ship 0.8645594 212.07650756835938 75.08448791503906 234.01345825195312 97.02409362792969
ship 0.8330015 41.09185791015625 140.98464965820312 75.85848999023438 176.02255249023438
ship 0.6225596 196.99942016601562 108.01020050048828 213.03512573242188 124.03722381591797
bird 0.58090585 67.91574096679688 190.05868530273438 97.22958374023438 219.02130126953125
automobile 0.5664076 197.00169372558594 108.04917907714844 212.93907165527344 124.06428527832031
deer 0.3460071 67.96690368652344 190.0803680419922 97.19947814941406 219.00279235839844
deer 0.2147302 41.03550720214844 141.02139282226562 75.93717956542969 176.0052490234375
