truck 0.9859067 176.04153442382812 142.08555603027344 198.03958129882812 164.00071716308594
truck 0.98295707 213.0386962890625 11.046256065368652 241.95272827148438 40.03436279296875
automobile 0.9829156 124.10501861572266 73.9339370727539 150.056884765625 99.91997528076172
frog 0.98223567 57.04179382324219 83.10699462890625 91.9417724609375 118.13201904296875
dog 0.98218113 12.015012741088867 116.04974365234375 41.06885528564453 145.09030151367188
automobile 0.9795123 135.0137481689453 18.944480895996094 163.9708709716797 47.88744354248047
dog 0.9752582 109.12871551513672 172.0437469482422 144.02664184570312 207.0298309326172
truck 0.9749048 151.95635986328125 67.00357055664062 190.02703857421875 105.02345275878906
frog 0.9747827 153.0115509033203 137.04464721679688 172.04737854003906 156.06704711914062
truck 0.9745767 106.02412414550781 109.01678466796875 141.0352783203125 143.85951232910156
truck 0.9726535 9.006607055664062 201.97010803222656 41.06669235229492 234.03721618652344
airplane 0.9720024 67.10110473632812 23.073429107666016 104.974853515625 61.006168365478516
frog 0.9702015 193.04522705078125 184.06666564941406 219.11630249023438 209.98448181152344
ship 0.9697763 211.0673370361328 58.062164306640625 240.0142364501953 86.90708923339844
truck 0.968097 0.8783664703369141 10.091697692871094 35.92707061767578 45.001426696777344
frog 0.94576466 164.10055541992188 197.0920867919922 186.08114624023438 219.0067596435547
dog 0.9366691 4.108772277832031 154.11590576171875 41.923919677734375 192.1016845703125
cat 0.9145651 48.115150451660156 199.0542449951172 73.93193817138672 224.9768829345703
dog 0.90620804 211.04811096191406 96.03060150146484 242.9728546142578 128.0486297607422
bird 0.21738082 163.97705078125 197.04263305664062 186.13937377929688 219.14974975585938
