truck 0.98624074 29.042179107666016 117.96837615966797 54.97831344604492 144.01336669921875
deer 0.9842808 182.10276794433594 139.0823516845703 219.96290588378906 176.93995666503906
deer 0.9799515 84.09637451171875 114.24380493164062 118.99142456054688 149.0794677734375
truck 0.9785483 168.0545196533203 19.031978607177734 206.0502166748047 57.07455062866211
truck 0.9773277 88.07393646240234 45.02619934082031 125.97222137451172 83.01579284667969
deer 0.9741272 211.11703491210938 47.00453186035156 243.02932739257812 79.11243438720703
cat 0.9673321 44.002655029296875 41.059112548828125 75.99669647216797 73.05023193359375
dog 0.9646578 52.168861389160156 181.9810333251953 86.9950180053711 217.01109313964844
cat 0.9618399 171.98098754882812 91.04182434082031 200.93115234375 119.93618774414062
ship 0.95518553 149.9903106689453 189.01254272460938 185.07716369628906 224.01522827148438
ship 0.9537616 65.05426025390625 12.995140075683594 90.83140563964844 38.62958908081055
airplane 0.9482625 135.10118103027344 89.03224182128906 163.98426818847656 118.11418151855469
ship 0.94181633 203.11900329589844 92.06885528564453 221.98756408691406 111.0814437866211
cat 0.8211926 201.08807373046875 202.08914184570312 233.2294921875 233.77536010742188
airplane 0.78241825 16.004186630249023 183.9940185546875 48.010894775390625 215.96417236328125
bird 0.67868197 140.0547637939453 123.05433654785156 159.03038024902344 141.97068786621094
deer 0.5669813 91.08720397949219 213.04620361328125 128.98289489746094 251.10391235351562
airplane 0.3335346 140.07162475585938 123.06683349609375 159.06011962890625 141.9837646484375
frog 0.30390763 6.087187767028809 49.01665115356445 27.944931030273438 71.06370544433594
bird 0.27652723 16.15717315673828 183.97198486328125 48.01814270019531 215.97958374023438
