bird 0.9918498 158.0679473876953 95.98542022705078 179.9985809326172 118.0508041381836
ship 0.9861804 145.14151000976562 128.08810424804688 167.14752197265625 149.93496704101562
ship 0.982036 179.1352081298828 62.082740783691406 207.99623107910156 91.06632232666016
bird 0.98116016 208.99325561523438 200.01724243164062 235.02896118164062 226.03274536132812
automobile 0.9806638 44.064998626708984 31.009845733642578 76.02214813232422 63.04220962524414
bird 0.9803217 131.05052185058594 21.072097778320312 168.99082946777344 59.010231018066406
frog 0.9697776 49.04400634765625 84.00857543945312 84.05435180664062 119.02021789550781
frog 0.9636471 99.95712280273438 81.92720031738281 137.995361328125 120.21783447265625
frog 0.9608895 82.00253295898438 4.058675765991211 117.10527038574219 39.01249694824219
ship 0.9605245 0.061832427978515625 51.01914978027344 32.06010055541992 83.04402160644531
cat 0.9528533 126.0363540649414 215.0913543701172 152.02206420898438 241.0165557861328
cat 0.9513126 164.0207977294922 168.0366973876953 186.0238800048828 190.0183563232422
airplane 0.9481534 193.1302947998047 123.0054931640625 227.91722106933594 157.961669921875
cat 0.9455545 67.05738830566406 204.04464721679688 102.00294494628906 239.06365966796875
truck 0.7288938 18.036239624023438 152.98495483398438 33.982540130615234 169.04550170898438
dog 0.6694445 102.13533020019531 122.9608154296875 130.79969787597656 152.00106811523438
cat 0.63749826 83.15096282958984 50.10822296142578 111.93001556396484 79.1450424194336
truck 0.62606543 83.09076690673828 50.09539031982422 111.98981475830078 79.04279327392578
truck 0.54767233 99.91059112548828 167.92515563964844 115.92049407958984 183.99766540527344
frog 0.4511304 18.036239624023438 152.98495483398438 33.982540130615234 169.04550170898438
bird 0.44285592 168.12075805664062 127.96858215332031 189.91360473632812 149.9259490966797
frog 0.41975075 168.0809783935547 128.1255645751953 189.9427032470703 149.9427947998047
cat 0.38330334 102.10308837890625 122.86175537109375 130.90972900390625 151.87139892578125
cat 0.3638327 99.89405822753906 167.97747802734375 115.95895385742188 183.974853515625
airplane 0.23951685 18.02020835876465 152.9623260498047 33.96406173706055 169.0725860595703
