bird 0.98760617 215.04307556152344 38.134033203125 253.0082244873047 76.02392578125
ship 0.9820726 7.039072036743164 171.03895568847656 26.02280616760254 190.04920959472656
bird 0.98206586 208.06729125976562 3.068788528442383 240.04208374023438 35.18815612792969
frog 0.9820323 6.078922271728516 197.03836059570312 28.029903411865234 219.01937866210938
truck 0.9807774 204.08499145507812 113.06346130371094 239.0703125 148.04542541503906
automobile 0.98000234 141.03038024902344 66.9956283569336 157.08522033691406 83.03337860107422
automobile 0.97915274 96.00723266601562 95.0181655883789 127.99119567871094 127.13614654541016
truck 0.9776552 135.04734802246094 41.977806091308594 150.9964141845703 58.02972412109375
ship 0.976925 172.9740447998047 47.09490203857422 207.95909118652344 82.02515411376953
frog 0.97519684 57.06296920776367 173.00807189941406 89.09381103515625 204.97047424316406
dog 0.9737345 106.05348205566406 164.04095458984375 138.0061492919922 196.06982421875
cat 0.97230446 17.068994522094727 46.05653381347656 46.125343322753906 74.98214721679688
frog 0.9646962 119.06854248046875 207.07615661621094 154.01556396484375 242.00209045410156
airplane 0.9626148 38.08156967163086 180.05406188964844 53.878543853759766 195.9984588623047
ship 0.9611182 59.036285400390625 86.03337097167969 87.9669189453125 114.90850830078125
cat 0.9511688 3.1165246963500977 96.03107452392578 31.99512481689453 125.02118682861328
frog 0.9181108 160.02679443359375 170.8844451904297 194.74322509765625 205.89271545410156
deer 0.90106505 24.038305282592773 135.0008544921875 42.99365234375 154.05172729492188
dog 0.8513521 166.09515380859375 118.12052154541016 201.03680419921875 153.0735321044922
truck 0.7506529 70.22699737548828 28.12872314453125 108.37554168701172 65.83350372314453
ship 0.34440738 70.1253662109375 28.083009719848633 107.92707824707031 66.07765197753906
truck 0.20696455 24.140256881713867 135.01010131835938 42.97644805908203 153.9622802734375
