frog 0.9852319 10.037353515625 95.963134765625 39.11589050292969 124.88623046875
deer 0.98386353 28.02937889099121 177.1633758544922 63.03767395019531 212.0074920654297
frog 0.98209965 199.987548828125 132.0424041748047 228.95318603515625 160.98902893066406
airplane 0.9783771 139.99526977539062 18.98164939880371 172.04251098632812 50.99711608886719
bird 0.9775046 179.08177185058594 167.0228271484375 214.10035705566406 202.11859130859375
bird 0.9753963 199.06292724609375 84.00980377197266 218.04022216796875 103.04468536376953
airplane 0.9745059 60.05061721801758 61.017417907714844 88.9740982055664 89.99457550048828
airplane 0.9730569 148.03070068359375 188.98147583007812 174.00802612304688 215.08514404296875
frog 0.96340966 102.07470703125 63.903167724609375 128.02053833007812 90.04234313964844
deer 0.9375553 140.0228729248047 119.04276275634766 172.01844787597656 150.87957763671875
frog 0.8646395 3.101119041442871 193.0740203857422 21.983726501464844 212.0092010498047
dog 0.8097108 29.957054138183594 215.3717041015625 56.02803039550781 240.9632568359375
cat 0.79967415 63.10237121582031 127.08784484863281 98.02885437011719 162.10081481933594
truck 0.7364656 29.129993438720703 3.1710805892944336 55.03324508666992 28.956932067871094
truck 0.64780134 78.08745574951172 200.0899200439453 100.00128936767578 222.0089874267578
ship 0.59142023 191.07089233398438 205.00201416015625 226.012939453125 239.96255493164062
automobile 0.58493435 91.9736099243164 28.988319396972656 117.97115325927734 55.044677734375
airplane 0.54143894 191.04562377929688 204.96009826660156 226.02944946289062 239.99012756347656
dog 0.51756793 69.24147033691406 163.83221435546875 98.07655334472656 193.04693603515625
cat 0.4317599 69.24147033691406 163.83221435546875 98.07655334472656 193.04693603515625
frog 0.3411268 91.94015502929688 29.01685333251953 117.99717712402344 55.18279266357422
automobile 0.2994988 78.16287994384766 200.0299835205078 99.90503692626953 221.93211364746094
airplane 0.2877301 29.10410499572754 3.054375648498535 55.03334045410156 28.91449737548828
ship 0.20460325 91.94015502929688 29.01685333251953 117.99717712402344 55.18279266357422
