dog 0.9873284 45.07559585571289 80.98578643798828 67.06526184082031 103.08231353759766
truck 0.98686767 163.11558532714844 155.98922729492188 200.9993438720703 194.037109375
bird 0.98163116 86.1146011352539 200.01458740234375 107.99932098388672 221.981201171875
airplane 0.98098874 142.04891967773438 94.06558227539062 179.97784423828125 132.0259246826172
ship 0.9790071 48.973716735839844 23.069995880126953 80.99323272705078 54.91630172729492
frog 0.97869694 35.086700439453125 126.09709930419922 70.01583862304688 160.978515625
airplane 0.9773669 166.02435302734375 201.03533935546875 203.96661376953125 239.06619262695312
bird 0.9721992 117.02508544921875 201.03880310058594 155.0157470703125 238.97251892089844
cat 0.9668174 31.075321197509766 193.01052856445312 66.03474426269531 228.03973388671875
airplane 0.96157014 205.1733856201172 161.95265197753906 240.00743103027344 196.96018981933594
deer 0.95877326 138.04489135742188 148.07693481445312 160.05084228515625 170.0203857421875
ship 0.95418096 75.12644958496094 60.920528411865234 112.94435119628906 98.98765563964844
frog 0.95217764 204.08592224121094 62.07197952270508 226.0227813720703 83.99718475341797
dog 0.9467169 191.1195526123047 87.14117431640625 219.83396911621094 116.07852172851562
ship 0.9426856 92.0561752319336 113.07286834716797 127.10990142822266 147.98675537109375
cat 0.92935103 8.855079650878906 47.95980453491211 40.295989990234375 79.0928955078125
cat 0.8395349 114.07494354248047 18.97333335876465 143.00086975097656 47.96748352050781
deer 0.74844164 150.03005981445312 8.214921951293945 175.94778442382812 33.989707946777344
cat 0.6794397 160.09402465820312 69.98888397216797 179.09674072265625 89.00928497314453
cat 0.67526853 162.10292053222656 38.10615539550781 187.9588165283203 63.99694061279297
dog 0.25839102 160.01084899902344 69.63655853271484 179.1359100341797 88.79816436767578
dog 0.2512598 114.09981536865234 18.970500946044922 142.94976806640625 48.03937911987305
bird 0.24959642 150.0401153564453 8.198750495910645 176.0551300048828 33.98054122924805
bird 0.24531063 160.01084899902344 69.63655853271484 179.1359100341797 88.79816436767578
