airplane 0.9915452 163.15423583984375 46.11898422241211 185.0152587890625 68.00655364990234
automobile 0.9876585 104.02960968017578 93.11609649658203 123.01030731201172 111.9971694946289
airplane 0.9862803 54.10722732543945 41.11329650878906 91.93180847167969 79.2166976928711
deer 0.9850313 192.02838134765625 120.00714111328125 214.038818359375 142.00103759765625
ship 0.9801709 50.087242126464844 8.033376693725586 79.13536834716797 36.93651580810547
bird 0.973199 98.03766632080078 142.13607788085938 119.9856948852539 163.9998779296875
deer 0.9716314 109.13407897949219 16.926286697387695 146.93174743652344 54.981781005859375
ship 0.9710447 154.95278930664062 3.1344871520996094 190.0584716796875 37.97418975830078
truck 0.970912 64.98390197753906 138.0637664794922 90.9600830078125 163.9690399169922
automobile 0.9704706 2.1175460815429688 215.0292205810547 37.001502990722656 250.07008361816406
ship 0.96994996 162.06777954101562 121.01078796386719 188.12820434570312 146.84730529785156
airplane 0.96416044 192.986328125 63.02378845214844 208.98379516601562 79.05128479003906
frog 0.9520123 172.16683959960938 164.14639282226562 198.17007446289062 189.93157958984375
cat 0.9225121 139.07896423339844 187.1161346435547 171.00694274902344 219.0129852294922
bird 0.91344917 184.89613342285156 81.87764739990234 201.0151824951172 98.05023956298828
deer 0.8705071 180.1848602294922 198.2740936279297 218.0023956298828 235.8931427001953
bird 0.67990863 32.04973602294922 130.00619506835938 64.00251007080078 161.99179077148438
bird 0.6437228 51.07124710083008 86.9378433227539 67.0241470336914 102.98303985595703
ship 0.3785512 147.97683715820312 79.93681335449219 183.03204345703125 114.97677612304688
automobile 0.35015506 148.03530883789062 79.96723175048828 183.05172729492188 115.05463409423828
deer 0.2362377 32.11933135986328 130.1056671142578 63.894927978515625 161.98521423339844
