airplane 0.9789586 142.06100463867188 92.04670715332031 164.03280639648438 114.04196166992188
bird 0.9739287 130.03378295898438 3.029062271118164 162.04067993164062 35.00043487548828
cat 0.9707436 213.01551818847656 165.9945831298828 250.9045867919922 204.0323028564453
bird 0.9701897 10.057841300964355 38.06588363647461 35.97223663330078 63.88645553588867
cat 0.97008026 187.06759643554688 208.00657653808594 222.0286865234375 242.94700622558594
deer 0.96419394 60.056819915771484 25.994056701660156 95.08981323242188 60.95555114746094
ship 0.963954 202.0400848388672 119.0333480834961 217.9746856689453 134.906494140625
dog 0.9628882 63.13560485839844 95.10906219482422 101.02774047851562 132.9341278076172
dog 0.9613088 99.07443237304688 140.0395965576172 124.91351318359375 165.9968719482422
dog 0.9523975 133.61007690429688 141.09300231933594 165.00448608398438 172.9285430908203
cat 0.9349096 176.03292846679688 42.015724182128906 211.02609252929688 77.03514099121094
dog 0.88594794 40.98973083496094 149.11758422851562 78.79412841796875 187.44287109375
airplane 0.868929 215.0410614013672 45.93966293334961 249.99021911621094 81.02278137207031
deer 0.8647675 57.93659973144531 191.68226623535156 96.04039001464844 229.83116149902344
deer 0.82472587 124.03595733642578 51.096744537353516 146.05194091796875 72.95729064941406
bird 0.78949106 108.03893280029297 198.0515899658203 134.0484619140625 224.00428771972656
ship 0.78538764 166.02651977539062 130.12445068359375 200.99026489257812 164.98028564453125
ship 0.76237214 164.0036163330078 178.0485076904297 180.0046844482422 194.0224151611328
deer 0.47530136 97.03254699707031 27.927091598510742 122.96128845214844 54.01660919189453
truck 0.44478074 165.99501037597656 130.05413818359375 201.0176544189453 164.9345703125
airplane 0.37687942 164.00807189941406 178.05030822753906 179.98851013183594 193.9956817626953
deer 0.3414022 143.9907989501953 215.92115783691406 173.09034729003906 245.1256561279297
frog 0.2527389 58.02424621582031 191.98928833007812 96.02735900878906 229.93881225585938
frog 0.22864854 124.0538101196289 51.09715270996094 146.01708984375 72.94725799560547
cat 0.22431305 41.033851623535156 149.1663818359375 79.00431823730469 187.07009887695312
