deer 0.991708 64.0635757446289 160.04959106445312 86.0246353149414 182.0635986328125
automobile 0.98919624 206.01419067382812 94.05400848388672 225.03955078125 113.0175552368164
automobile 0.987921 97.96604919433594 119.06016540527344 116.96929931640625 137.9939422607422
bird 0.9870162 214.09481811523438 207.05694580078125 236.00582885742188 229.01092529296875
truck 0.9816668 163.16085815429688 46.05977249145508 185.020263671875 68.02215576171875
dog 0.9809404 149.15084838867188 129.17782592773438 171.01300048828125 151.10906982421875
airplane 0.9797982 130.04991149902344 5.963281631469727 167.9730987548828 44.04762268066406
frog 0.9765657 83.15520477294922 3.0829219818115234 117.95812225341797 38.01708221435547
dog 0.9759019 200.04913330078125 157.04562377929688 237.93048095703125 195.03305053710938
airplane 0.9753971 8.029186248779297 60.135860443115234 36.97743225097656 88.891845703125
bird 0.9727577 115.10225677490234 161.03604125976562 147.07684326171875 193.03033447265625
frog 0.97244066 52.063377380371094 197.07020568847656 90.02869415283203 234.95533752441406
dog 0.9669771 72.98657989501953 66.17345428466797 111.00897979736328 103.98587799072266
automobile 0.96487606 16.022647857666016 4.0074005126953125 51.03330612182617 39.13283157348633
automobile 0.9625485 2.0516815185546875 170.04115295410156 37.010894775390625 205.0126190185547
airplane 0.9621384 70.0119400024414 127.09915924072266 96.05504608154297 153.0133514404297
airplane 0.9438277 187.12255859375 128.0804443359375 209.05270385742188 150.0543212890625
bird 0.80896646 208.0247802734375 52.08946228027344 233.973388671875 78.0030517578125
frog 0.23947155 208.09605407714844 52.03522491455078 233.9834747314453 78.02205657958984
