automobile 0.9884614 48.122764587402344 210.06011962890625 70.05768585205078 231.97451782226562
automobile 0.98700154 38.05454635620117 172.01708984375 60.01816177368164 193.95132446289062
automobile 0.9827337 164.0686798095703 3.1142501831054688 199.0483856201172 38.010467529296875
ship 0.98269075 137.07980346679688 173.0510711669922 175.0294189453125 210.92579650878906
automobile 0.9819994 124.01752471923828 94.00875854492188 155.93907165527344 125.97257995605469
truck 0.98064744 91.99807739257812 128.10028076171875 127.12106323242188 162.97210693359375
truck 0.9774995 98.06660461425781 216.08311462402344 126.98135375976562 245.0611114501953
frog 0.9760047 61.0615234375 64.04801177978516 99.04367065429688 102.0398941040039
bird 0.9746831 85.0667495727539 9.014289855957031 113.90148162841797 37.98992919921875
truck 0.97297424 209.04603576660156 196.0340118408203 235.0217742919922 221.9815216064453
bird 0.9728167 184.07901000976562 110.06414794921875 205.99014282226562 131.99514770507812
bird 0.9668946 160.1514892578125 213.01632690429688 195.06301879882812 247.85675048828125
airplane 0.9662224 0.0 145.99111938476562 32.074684143066406 177.966064453125
cat 0.95703685 207.9808807373047 35.92576217651367 236.9243621826172 64.94136047363281
deer 0.95060796 129.012451171875 54.02668762207031 155.06851196289062 79.910400390625
airplane 0.8295822 54.022682189941406 136.98849487304688 75.99808502197266 159.14321899414062
deer 0.767042 21.082324981689453 215.85765075683594 46.84248733520508 242.0813751220703
bird 0.76044595 82.04865264892578 184.04714965820312 103.98564910888672 206.06539916992188
ship 0.6825988 11.921399116516113 66.8656234741211 37.4272346496582 91.20099639892578
automobile 0.65512985 201.98513793945312 133.000732421875 230.9840087890625 162.08251953125
truck 0.4522269 202.0459442138672 132.9463348388672 230.97984313964844 162.0594024658203
deer 0.411945 82.04409790039062 184.01393127441406 103.96713256835938 206.00267028808594
