bird 0.9870034 94.11347198486328 126.20643615722656 123.05486297607422 155.0709686279297
truck 0.9817085 115.09483337402344 87.12142944335938 147.0609588623047 119.02261352539062
frog 0.9802778 141.98745727539062 190.1468963623047 177.00552368164062 225.06175231933594
ship 0.97917104 180.09364318847656 119.9775619506836 218.08189392089844 157.85385131835938
bird 0.9789337 202.00491333007812 68.10617065429688 239.95822143554688 105.95356750488281
truck 0.9787635 101.11104583740234 186.05337524414062 133.01983642578125 217.98538208007812
airplane 0.97156286 122.09113311767578 39.96075439453125 156.9345703125 74.99549102783203
cat 0.96539986 125.14972686767578 151.97784423828125 150.95245361328125 177.94033813476562
airplane 0.96406657 6.058026313781738 68.14154815673828 37.9625244140625 100.0016860961914
automobile 0.9624083 78.01881408691406 71.0033187866211 113.0040283203125 105.9576187133789
bird 0.95877695 55.03717803955078 180.02394104003906 90.09600067138672 214.9646453857422
cat 0.9481605 38.02524185180664 101.06285095214844 72.95806884765625 136.106689453125
airplane 0.89916193 102.00493621826172 27.004892349243164 117.98596954345703 42.97453689575195
ship 0.89797336 202.0001983642578 7.973266124725342 217.9626922607422 23.971097946166992
dog 0.81770194 184.10430908203125 41.021522521972656 209.90606689453125 66.89031982421875
cat 0.79802644 36.039512634277344 140.98960876464844 52.081886291503906 157.01377868652344
cat 0.7925106 206.07742309570312 161.0334930419922 244.06631469726562 199.0094451904297
cat 0.7725496 7.043854713439941 197.0797119140625 26.069320678710938 215.9561767578125
bird 0.50297934 64.24723052978516 34.961727142333984 79.9872055053711 51.01742172241211
frog 0.36058056 101.96952056884766 27.050350189208984 118.00849151611328 42.96500778198242
deer 0.35364664 64.24723052978516 34.961727142333984 79.9872055053711 51.01742172241211
ship 0.35301438 206.10658264160156 160.98098754882812 243.9499053955078 198.99169921875
truck 0.3369875 202.01148986816406 8.006789207458496 217.95729064941406 24.00954818725586
airplane 0.29011714 7.015539169311523 197.02658081054688 26.04463768005371 215.92892456054688
bird 0.24982259 36.014404296875 141.06346130371094 52.08427429199219 156.9789581298828
airplane 0.24600512 64.26412200927734 35.088130950927734 80.0757064819336 50.997127532958984
dog 0.20562056 64.26412200927734 35.088130950927734 80.0757064819336 50.997127532958984
