truck 0.99148643 29.128463745117188 104.04388427734375 47.98473358154297 122.99331665039062
ship 0.98799956 211.9722137451172 216.0289306640625 231.0017547607422 235.02621459960938
truck 0.98377645 57.102134704589844 158.99905395507812 92.02251434326172 194.02279663085938
deer 0.98307276 125.0687026977539 7.093410491943359 147.01922607421875 29.030803680419922
automobile 0.9793866 207.04684448242188 159.98770141601562 242.01644897460938 194.94143676757812
deer 0.97610366 129.9747772216797 198.0029296875 156.04188537597656 223.9722900390625
airplane 0.9752256 15.035195350646973 155.12583923339844 44.038551330566406 184.02723693847656
airplane 0.9736269 147.04458618164062 91.10816192626953 166.0701904296875 110.06743621826172
truck 0.9735656 65.9302978515625 95.03842163085938 104.00428771972656 133.04002380371094
frog 0.9677788 89.01646423339844 51.91393280029297 127.04148864746094 89.9690933227539
automobile 0.96738124 0.0 184.9040985107422 18.995620727539062 204.02552795410156
deer 0.9327133 206.1871337890625 104.1329574584961 240.99508666992188 139.03211975097656
truck 0.76230806 168.05482482910156 60.14161682128906 203.0308074951172 95.07023620605469
cat 0.729328 98.05623626708984 134.10255432128906 130.05819702148438 166.05943298339844
truck 0.63188607 9.055221557617188 110.26211547851562 28.195919036865234 129.0513153076172
bird 0.61752 47.543785095214844 30.029563903808594 75.8228988647461 59.05988311767578
airplane 0.50220954 8.933552742004395 110.22396087646484 27.919979095458984 128.94178771972656
automobile 0.29407564 168.12246704101562 60.162620544433594 202.97027587890625 95.09049224853516
automobile 0.27994823 8.933552742004395 110.22396087646484 27.919979095458984 128.94178771972656
dog 0.2701409 47.60285949707031 30.00448989868164 75.790283203125 59.05483627319336
