automobile 0.9854769 100.05278778076172 173.0483856201172 129.01478576660156 202.0174102783203
automobile 0.9843546 169.91265869140625 97.98470306396484 195.96145629882812 124.27486419677734
truck 0.981212 195.0299072265625 131.06101989746094 233.04632568359375 169.0772247314453
automobile 0.9801239 151.0650177001953 175.11912536621094 173.00648498535156 197.0193328857422
bird 0.9749535 125.9608154296875 19.038818359375 157.9884033203125 50.95341491699219
deer 0.97453856 105.0241928100586 129.93301391601562 131.0126190185547 155.9930419921875
dog 0.9654982 20.043548583984375 193.01968383789062 58.005340576171875 231.02276611328125
deer 0.96317065 176.9698486328125 210.01121520996094 214.9317626953125 247.9807586669922
cat 0.9579438 68.9313735961914 75.07518768310547 101.04479217529297 107.0453872680664
truck 0.9534297 6.67572021484375e-05 159.05184936523438 26.1696720123291 184.93753051757812
cat 0.9498533 133.11322021484375 95.05442810058594 165.1134033203125 127.02873229980469
ship 0.9311335 29.042293548583984 69.07907104492188 63.95621109008789 104.01101684570312
dog 0.92450845 209.0992889404297 93.03954315185547 231.0803680419922 115.0422592163086
cat 0.87073267 13.06588363647461 108.047607421875 51.06081771850586 145.9807891845703
bird 0.7648397 55.05644989013672 25.04184341430664 84.08573150634766 53.974666595458984
frog 0.6756438 6.061321258544922 19.03714942932129 38.13195037841797 51.01367950439453
bird 0.67561257 191.0668182373047 33.068477630615234 209.98936462402344 52.008670806884766
dog 0.6478903 32.179046630859375 166.07928466796875 57.97135925292969 191.90362548828125
deer 0.35390845 6.045551300048828 19.083343505859375 38.04665756225586 51.05381774902344
cat 0.29091644 32.08771896362305 166.05020141601562 58.06355667114258 192.07540893554688
frog 0.27504903 55.03757858276367 25.030960083007812 84.06243896484375 54.022735595703125
truck 0.26252297 6.023313522338867 19.036069869995117 38.045509338378906 51.03721618652344
