truck 0.9887624 50.05702590942383 102.13816833496094 72.02884674072266 124.03163146972656
truck 0.9878886 163.0719451904297 168.0404510498047 182.01170349121094 186.99986267089844
dog 0.9877826 161.09182739257812 216.08834838867188 179.98104858398438 235.00994873046875
automobile 0.98320067 27.994281768798828 153.0205841064453 60.02378463745117 185.00621032714844
truck 0.98261577 79.96965789794922 166.03323364257812 96.01610565185547 182.00653076171875
ship 0.9819366 104.04190826416016 65.00175476074219 122.98668670654297 83.98530578613281
truck 0.9812751 193.01966857910156 211.00259399414062 209.0496368408203 226.99581909179688
airplane 0.9788725 73.00567626953125 216.1038055419922 102.00840759277344 245.12342834472656
automobile 0.9758936 155.04759216308594 69.131103515625 189.99415588378906 103.77651977539062
automobile 0.96930325 79.08370971679688 17.01653289794922 113.99176025390625 51.94963836669922
deer 0.9687458 66.0149917602539 61.07441329956055 85.05899810791016 80.00338745117188
airplane 0.9609832 3.098202705383301 23.12607192993164 35.030982971191406 55.0402946472168
automobile 0.9598135 34.09682083129883 209.05548095703125 59.98610305786133 235.01788330078125
cat 0.94659996 8.079172134399414 103.03252410888672 43.027557373046875 137.96237182617188
frog 0.9354308 162.0322265625 105.04347229003906 178.03488159179688 121.05313110351562
airplane 0.8618343 63.01958084106445 189.00146484375 85.14167785644531 211.158447265625
deer 0.8324655 192.08717346191406 162.97291564941406 211.08018493652344 182.02528381347656
airplane 0.8208987 120.1265640258789 144.02584838867188 157.9955596923828 182.002685546875
cat 0.7042637 135.9709930419922 9.00051498413086 161.99549865722656 35.03225326538086
cat 0.4631738 204.11749267578125 80.06881713867188 229.99612426757812 105.92436218261719
dog 0.43765405 204.0654754638672 80.1207046508789 230.0015411376953 105.95633697509766
dog 0.3451236 136.116455078125 9.0162992477417 162.05841064453125 35.06069564819336
truck 0.25832295 120.19632720947266 144.18089294433594 158.01759338378906 181.85606384277344
bird 0.25442764 63.025508880615234 189.00204467773438 85.03102111816406 211.10226440429688
