automobile 0.9884523 113.10734558105469 107.14043426513672 135.0158233642578 129.02352905273438
frog 0.9838181 126.06851959228516 178.06686401367188 154.93743896484375 207.03280639648438
ship 0.9827901 2.007007598876953 164.0877685546875 24.000736236572266 186.0089111328125
bird 0.9799398 45.97650909423828 196.0507049560547 74.9858627319336 225.05152893066406
bird 0.97905076 58.08163833618164 138.00982666015625 90.0800552368164 169.99752807617188
truck 0.9787954 90.15530395507812 75.04452514648438 119.03999328613281 104.05880737304688
truck 0.9728272 206.0615997314453 170.98167419433594 238.1138153076172 202.9064178466797
airplane 0.92539763 16.0433349609375 20.04302978515625 45.034271240234375 48.98614501953125
ship 0.9189385 195.93191528320312 127.04745483398438 231.03439331054688 162.09503173828125
automobile 0.9084616 2.0506391525268555 89.99165344238281 20.925575256347656 109.09077453613281
frog 0.89000183 101.96251678466797 36.764408111572266 128.235595703125 62.80514144897461
frog 0.85576034 74.00428771972656 37.02317428588867 99.99992370605469 62.99711990356445
cat 0.7469802 198.01095581054688 208.98593139648438 217.05010986328125 228.0179443359375
cat 0.7184995 89.08946990966797 6.9554443359375 118.04634857177734 35.812381744384766
bird 0.63162744 213.11480712890625 4.022828102111816 235.01910400390625 25.999439239501953
cat 0.3401543 213.04649353027344 4.019874572753906 235.0424041748047 25.963565826416016
frog 0.29242623 198.06887817382812 208.9767608642578 216.94747924804688 227.9693145751953
deer 0.27757126 163.11166381835938 122.998046875 185.1146240234375 145.02438354492188
deer 0.2224071 44.02132797241211 81.02430725097656 62.94716262817383 99.86276245117188
dog 0.21520218 104.94906616210938 211.75836181640625 136.914794921875 244.00225830078125
dog 0.21299165 89.04639434814453 6.951360702514648 118.01091766357422 35.82250213623047
