truck 0.99047506 169.07388305664062 28.035476684570312 190.83700561523438 50.00852966308594
bird 0.98905146 206.0639190673828 108.03779602050781 234.9097442626953 137.02735900878906
cat 0.97935206 24.067707061767578 109.07484436035156 55.92915725708008 141.0154266357422
ship 0.9768192 203.00271606445312 145.0386505126953 241.01559448242188 182.9651336669922
ship 0.97629845 35.98399353027344 165.0565948486328 73.9765625 202.99546813964844
cat 0.97545946 138.0408477783203 126.07575225830078 169.9691619873047 158.06930541992188
ship 0.9737637 111.0096206665039 215.9398193359375 140.07220458984375 245.0245361328125
cat 0.9688006 87.01521301269531 86.05162811279297 122.11355590820312 121.0699234008789
automobile 0.96836007 123.04287719726562 8.028623580932617 151.98745727539062 36.96722412109375
cat 0.9600533 78.12779235839844 214.0371551513672 110.14987182617188 245.9101104736328
deer 0.9490819 47.0408821105957 69.95893859863281 84.98979187011719 108.05485534667969
dog 0.89140856 213.02993774414062 24.03601837158203 229.03640747070312 40.144386291503906
truck 0.8654215 192.98062133789062 41.970367431640625 227.90631103515625 76.77462005615234
dog 0.8160796 150.16847229003906 196.07215881347656 175.97645568847656 221.9713592529297
deer 0.79478717 91.95831298828125 32.00544738769531 107.99172973632812 47.972923278808594
bird 0.69880235 186.01744079589844 216.01199340820312 217.99497985839844 248.04959106445312
frog 0.61876804 37.03076934814453 18.04513168334961 55.932159423828125 37.10294723510742
truck 0.5608659 37.05453872680664 18.02320098876953 55.989070892333984 37.070884704589844
cat 0.46800724 186.02476501464844 216.06613159179688 217.95970153808594 248.01333618164062
dog 0.3506189 37.057865142822266 18.028079986572266 55.98991775512695 37.077247619628906
cat 0.25690597 192.97511291503906 41.995025634765625 227.9574432373047 76.94564819335938
