airplane 0.9889403 157.98162841796875 138.09457397460938 177.0672607421875 157.11660766601562
airplane 0.9881083 86.99295806884766 94.03712463378906 106.00582122802734 112.97703552246094
bird 0.98226726 204.01979064941406 29.05677032470703 239.1229705810547 64.07937622070312
cat 0.97517407 136.01870727539062 160.93655395507812 162.06802368164062 186.96463012695312
dog 0.9738917 13.138219833374023 76.03883361816406 50.94792938232422 113.98432922363281
frog 0.9735943 124.08634948730469 120.99254608154297 156.03407287597656 153.02117919921875
bird 0.9733902 178.0933837890625 156.96231079101562 204.09060668945312 182.94287109375
ship 0.97244954 213.069580078125 163.05262756347656 245.02972412109375 195.0416717529297
automobile 0.97150195 181.1307830810547 84.06755065917969 209.9601593017578 112.95051574707031
bird 0.96479785 49.684288024902344 4.2884721755981445 79.05939483642578 31.787479400634766
ship 0.9640095 93.02932739257812 165.09527587890625 131.0123748779297 203.25250244140625
frog 0.95023197 22.124189376831055 36.05471420288086 47.88313293457031 61.94681930541992
dog 0.9396632 177.000244140625 116.95996856689453 192.98956298828125 133.0209503173828
frog 0.81356 197.09661865234375 201.03829956054688 223.08908081054688 226.97921752929688
cat 0.49281242 144.03662109375 92.97760772705078 159.96438598632812 108.98575592041016
dog 0.46085173 144.04791259765625 93.0279541015625 159.96090698242188 108.97677612304688
dog 0.4264198 16.599624633789062 166.97946166992188 34.58359909057617 184.03359985351562
bird 0.35976237 16.823753356933594 166.96388244628906 34.600372314453125 183.9894256591797
frog 0.27396274 144.03662109375 92.97760772705078 159.96438598632812 108.98575592041016
bird 0.2357699 144.0414276123047 93.03862762451172 159.9590606689453 108.97571563720703
