dog 0.98662806 85.10237884521484 1.063157081604004 103.9452133178711 19.97869873046875
bird 0.9853834 137.98336791992188 193.03782653808594 169.93057250976562 225.03163146972656
airplane 0.9835309 75.03875732421875 189.00364685058594 110.10707092285156 223.9401397705078
bird 0.98329675 50.098915100097656 89.05736541748047 85.02095794677734 124.02327728271484
airplane 0.9814627 162.04681396484375 148.90321350097656 193.95614624023438 181.00502014160156
dog 0.9777788 80.0892105102539 53.04166030883789 109.0428237915039 81.98184204101562
frog 0.9775191 6.134174346923828 208.9526824951172 44.04145431518555 247.0187225341797
deer 0.9751152 75.06765747070312 141.27723693847656 103.99618530273438 170.0493621826172
airplane 0.9749998 197.07919311523438 65.02037811279297 223.04281616210938 90.98905181884766
truck 0.9738118 7.054359436035156 60.04104232788086 39.00895690917969 91.96472930908203
ship 0.9719641 142.11822509765625 36.274879455566406 180.089111328125 73.99849700927734
frog 0.9697088 0.0 112.93305969238281 22.051721572875977 135.04440307617188
deer 0.9684367 41.05250930786133 150.04006958007812 67.0786361694336 175.9798583984375
deer 0.96546805 199.02618408203125 141.0245819091797 233.9110107421875 175.98585510253906
deer 0.9444648 121.0965805053711 7.06269645690918 143.10043334960938 29.009916305541992
bird 0.9230157 210.01161193847656 105.0832290649414 229.0622100830078 124.02794647216797
deer 0.84667873 38.983097076416016 19.026470184326172 76.93167114257812 57.02338790893555
bird 0.7075597 98.09630584716797 89.02381896972656 133.05535888671875 124.02224731445312
airplane 0.6573186 180.03067016601562 95.00729370117188 196.0093994140625 111.12127685546875
truck 0.648021 171.07826232910156 193.0254669189453 199.9861297607422 222.06422424316406
bird 0.33787885 180.03067016601562 95.00729370117188 196.0093994140625 111.12127685546875
automobile 0.27755117 171.07826232910156 193.0254669189453 199.9861297607422 222.06422424316406
bird 0.2387009 38.91169738769531 19.25574493408203 76.97523498535156 56.986915588378906
airplane 0.21823823 171.1306915283203 192.98130798339844 199.94749450683594 222.1101531982422
