truck 0.98560697 162.06201171875 68.05131530761719 181.03329467773438 87.03594970703125
automobile 0.98286945 196.09373474121094 147.98721313476562 225.0680389404297 176.97076416015625
truck 0.98164237 134.31927490234375 11.075472831726074 155.9334716796875 33.052555084228516
bird 0.9815033 115.07832336425781 152.02133178710938 150.0417938232422 186.92425537109375
bird 0.97709155 158.02735900878906 139.00155639648438 189.8650665283203 171.05844116210938
dog 0.9755405 69.15675354003906 188.013916015625 104.01528930664062 223.05307006835938
deer 0.9749829 12.059782028198242 109.27986145019531 44.052162170410156 141.08331298828125
truck 0.969325 135.16555786132812 205.11209106445312 161.0328369140625 230.97164916992188
bird 0.9621233 167.05120849609375 172.84536743164062 186.06875610351562 191.97793579101562
airplane 0.9594115 186.0692901611328 93.03138732910156 218.12449645996094 125.01481628417969
frog 0.9583684 47.93927764892578 108.94001770019531 74.03678894042969 134.97674560546875
dog 0.95605034 199.02407836914062 8.025615692138672 233.9874267578125 43.01609420776367
ship 0.90392315 198.05755615234375 54.030242919921875 217.03729248046875 73.0543212890625
frog 0.90262294 36.064205169677734 14.092416763305664 71.14860534667969 48.95775604248047
frog 0.8870232 72.93698120117188 28.956193923950195 111.06854248046875 66.89442443847656
automobile 0.866217 13.080080032348633 14.092124938964844 34.98097229003906 35.942359924316406
deer 0.59089506 207.0652618408203 181.1389617919922 236.0615997314453 210.02256774902344
bird 0.42498648 207.06961059570312 181.0974578857422 236.09115600585938 210.02357482910156
bird 0.23174992 73.1161117553711 29.093643188476562 110.9273910522461 66.9411392211914
