frog 0.986987 131.05477905273438 125.01563262939453 153.00375366210938 147.02293395996094
automobile 0.9799917 151.9720458984375 85.05546569824219 180.95584106445312 114.05325317382812
deer 0.977467 76.04790496826172 33.08885955810547 98.01984405517578 55.04548645019531
airplane 0.9769589 129.0084686279297 18.012889862060547 144.9791717529297 34.061607360839844
airplane 0.9768491 14.007257461547852 75.9769515991211 51.993125915527344 114.0091781616211
frog 0.97637165 129.03977966308594 181.1265869140625 151.0391387939453 202.96087646484375
automobile 0.97625947 108.02938842773438 78.08216094970703 130.0572967529297 100.03971099853516
dog 0.9750099 63.125877380371094 199.890380859375 100.94161224365234 238.07177734375
truck 0.9738152 154.0702667236328 4.130962371826172 186.07444763183594 36.058128356933594
bird 0.96927917 64.08180236816406 119.07071685791016 102.02879333496094 156.98443603515625
airplane 0.95740753 21.954971313476562 172.07598876953125 47.98664093017578 198.03936767578125
truck 0.95346904 53.07265853881836 168.0120849609375 82.00747680664062 196.89767456054688
deer 0.91667557 207.151123046875 149.51776123046875 241.83856201171875 183.35443115234375
cat 0.90960324 27.979766845703125 47.157020568847656 53.99763488769531 73.29741668701172
frog 0.8346038 12.290517807006836 204.49697875976562 48.79077911376953 237.08248901367188
cat 0.63735914 188.07855224609375 63.219573974609375 213.94635009765625 89.04762268066406
dog 0.4125282 188.0634307861328 63.236812591552734 213.97654724121094 89.02151489257812
dog 0.40535575 156.00204467773438 115.95854187011719 175.0638427734375 135.06898498535156
