airplane 0.9874819 16.03236961364746 88.95247650146484 34.989891052246094 108.04193878173828
bird 0.9866588 89.05268859863281 208.08958435058594 117.95469665527344 237.0226287841797
deer 0.9865761 11.088180541992188 148.00054931640625 46.014862060546875 183.00460815429688
deer 0.9803878 207.06658935546875 26.008756637573242 238.96139526367188 58.07551574707031
cat 0.9782326 127.23780059814453 171.76205444335938 159.08636474609375 203.98959350585938
airplane 0.97548556 56.002769470214844 121.91464233398438 93.93004608154297 160.09957885742188
truck 0.97500193 149.0142822265625 216.00161743164062 186.89813232421875 254.09588623046875
dog 0.9730507 168.0737762451172 11.07101821899414 190.00010681152344 33.0141487121582
bird 0.9719144 91.07937622070312 0.9718484878540039 120.02915954589844 29.920616149902344
automobile 0.9666135 178.04696655273438 64.93628692626953 204.17062377929688 91.1396255493164
frog 0.96264625 158.00381469726562 139.1095733642578 183.98605346679688 165.0443572998047
airplane 0.9553653 49.003883361816406 80.94648742675781 81.11981964111328 113.06031799316406
ship 0.89080167 23.13483428955078 207.1121063232422 41.982879638671875 226.0011444091797
deer 0.8647628 127.00174713134766 37.966400146484375 164.90509033203125 75.7643814086914
deer 0.62457466 186.06301879882812 119.18118286132812 211.9927978515625 145.00192260742188
cat 0.6067958 188.02621459960938 41.079750061035156 203.935791015625 57.057090759277344
dog 0.39456543 84.09668731689453 72.02195739746094 105.9509048461914 93.97348022460938
airplane 0.382699 186.06082153320312 119.156494140625 212.00387573242188 145.02679443359375
frog 0.2432023 188.03843688964844 41.06150436401367 203.97508239746094 57.02836227416992
