airplane 0.98346615 97.0351333618164 53.07487869262695 119.03478240966797 74.98820495605469
bird 0.9827023 65.07437133789062 102.02770233154297 84.17012023925781 120.99913787841797
ship 0.9823983 171.03082275390625 159.10731506347656 200.03884887695312 188.0394744873047
bird 0.9821888 87.09393310546875 86.0717544555664 116.11793518066406 115.13092803955078
ship 0.98043454 177.04547119140625 122.09996795654297 206.05801391601562 150.8760223388672
airplane 0.9788164 150.00576782226562 196.02334594726562 168.96981811523438 215.00814819335938
airplane 0.97782624 130.0568389892578 80.07066345214844 159.03990173339844 108.98300170898438
airplane 0.9703506 198.05447387695312 88.9648666381836 217.05099487304688 108.06082916259766
ship 0.9628122 32.00984573364258 200.00784301757812 64.023681640625 232.07540893554688
ship 0.9581431 25.105575561523438 37.01691818237305 51.04694366455078 63.094547271728516
truck 0.93101895 195.0400848388672 27.971752166748047 227.0586395263672 59.9711799621582
dog 0.9308361 119.07511138916016 19.058277130126953 148.0194091796875 48.017093658447266
cat 0.8867707 124.02184295654297 199.031494140625 146.00303649902344 221.04153442382812
bird 0.86604655 84.01985931396484 176.16070556640625 110.0173568725586 202.00848388671875
airplane 0.80493695 128.0853729248047 146.10821533203125 163.0156707763672 181.01754760742188
airplane 0.7782331 59.03764343261719 50.055519104003906 91.00959777832031 81.9598617553711
dog 0.63795596 158.03785705566406 21.161117553710938 187.25169372558594 50.01837158203125
cat 0.3195635 158.03785705566406 21.161117553710938 187.25169372558594 50.01837158203125
bird 0.27243805 59.07375717163086 50.082000732421875 91.01094055175781 81.99151611328125
bird 0.23464033 128.0174560546875 146.14822387695312 163.05084228515625 180.92279052734375
