truck 0.99059033 157.04656982421875 73.03389739990234 182.911376953125 98.95162200927734
deer 0.98207736 138.17308044433594 207.02647399902344 169.96681213378906 239.0801544189453
frog 0.9812783 70.06344604492188 104.07286071777344 92.01715087890625 125.96005249023438
truck 0.9799017 85.20906066894531 46.10629653930664 117.05548095703125 78.04303741455078
airplane 0.97718596 210.02786254882812 32.99146270751953 239.01025390625 62.08851623535156
bird 0.97616315 28.019237518310547 65.92031860351562 60.01494216918945 98.03836059570312
ship 0.97554445 196.00338745117188 101.9460220336914 231.02471923828125 136.88494873046875
ship 0.96849346 65.07068634033203 62.030914306640625 84.1353988647461 81.02690124511719
airplane 0.96683115 102.0552749633789 152.03106689453125 131.0357666015625 181.04299926757812
deer 0.9583132 170.0012664794922 150.0791015625 189.05531311035156 169.06118774414062
ship 0.9574423 2.076906204223633 150.0751953125 39.984352111816406 188.11865234375
frog 0.95675063 140.98683166503906 4.073229789733887 172.9489288330078 36.07218551635742
automobile 0.93975484 10.301877975463867 200.70718383789062 47.892051696777344 233.14031982421875
truck 0.9335741 186.18606567382812 190.03208923339844 224.08050537109375 228.0484161376953
cat 0.92841554 120.12979125976562 98.03411865234375 151.99801635742188 130.01510620117188
automobile 0.91008204 194.03831481933594 9.967463493347168 213.0140838623047 29.01620101928711
dog 0.89402914 88.08135223388672 193.00350952148438 114.0916519165039 219.16851806640625
dog 0.7596666 97.0354995727539 24.99524688720703 116.07840728759766 44.17137908935547
truck 0.3719737 194.10263061523438 9.949158668518066 213.15072631835938 28.953048706054688
