truck 0.983703 138.19996643066406 123.14148712158203 166.99461364746094 151.97760009765625
dog 0.9825895 157.05039978027344 201.98941040039062 175.9644317626953 220.97149658203125
ship 0.97368383 215.03993225097656 97.06260681152344 246.97669982910156 129.13601684570312
automobile 0.971339 41.995399475097656 138.94569396972656 73.96177673339844 171.03236389160156
airplane 0.9698498 130.02713012695312 163.03720092773438 161.98849487304688 195.03097534179688
frog 0.96574974 167.08457946777344 67.05281066894531 189.0182647705078 89.03569030761719
frog 0.9627567 213.13705444335938 214.1654510498047 248.00286865234375 249.0485382080078
dog 0.9610795 101.0870361328125 66.02174377441406 123.01702880859375 88.01582336425781
automobile 0.95203936 38.998558044433594 10.007518768310547 76.9047622680664 47.99220657348633
cat 0.9433032 173.0399932861328 159.10488891601562 204.86537170410156 191.09451293945312
dog 0.87622356 19.103553771972656 111.07593536376953 41.06440734863281 133.03533935546875
bird 0.8571694 209.5272674560547 161.10113525390625 238.09373474121094 189.97531127929688
cat 0.83024526 77.05645751953125 71.14396667480469 95.91574096679688 89.94978332519531
dog 0.6749826 183.06838989257812 32.085670471191406 205.04312133789062 53.998077392578125
cat 0.6173371 206.1036834716797 26.90251350402832 221.98902893066406 42.97593688964844
dog 0.56916475 198.97853088378906 9.961956977844238 214.9862518310547 26.052467346191406
truck 0.52862537 192.0741729736328 199.07228088378906 208.01991271972656 215.03761291503906
cat 0.35716712 115.03430938720703 203.04698181152344 130.9593048095703 219.0430450439453
cat 0.31673 182.9874267578125 31.83527183532715 204.78985595703125 53.845680236816406
frog 0.2969343 198.96517944335938 9.934040069580078 214.94869995117188 26.0587158203125
frog 0.26615733 206.15966796875 26.88595199584961 222.03305053710938 43.10245132446289
airplane 0.24761909 206.15609741210938 26.900192260742188 222.02420043945312 43.05847930908203
deer 0.23634487 192.0741729736328 199.07228088378906 208.01991271972656 215.03761291503906
dog 0.2311781 206.15609741210938 26.900192260742188 222.02420043945312 43.05847930908203
cat 0.23104548 198.96517944335938 9.934040069580078 214.94869995117188 26.0587158203125
deer 0.23010471 115.03430938720703 203.04698181152344 130.9593048095703 219.0430450439453
truck 0.21671683 198.96517944335938 9.934040069580078 214.94869995117188 26.0587158203125
