airplane 0.98922396 20.04061508178711 81.06771850585938 42.05615997314453 103.0631103515625
frog 0.9868326 183.1378631591797 196.94540405273438 205.03587341308594 218.93466186523438
automobile 0.98149526 61.935646057128906 30.090660095214844 94.0313949584961 61.833099365234375
automobile 0.9809078 184.08155822753906 131.1195068359375 209.8921356201172 157.044921875
deer 0.98036945 121.120849609375 19.037939071655273 155.97982788085938 54.02147674560547
truck 0.9797198 103.0961685180664 57.0960807800293 129.00473022460938 82.93400573730469
automobile 0.9776727 5.0244903564453125 216.02870178222656 42.92054748535156 253.8926544189453
dog 0.9720681 175.0125732421875 91.04149627685547 201.05911254882812 116.98735809326172
cat 0.96717966 73.14675903320312 98.07435607910156 108.06672668457031 132.995361328125
bird 0.9660997 114.93907928466797 89.05423736572266 153.01214599609375 127.03734588623047
deer 0.96354747 93.09611511230469 152.0225067138672 122.05720520019531 181.03907775878906
dog 0.95515954 13.034478187561035 50.09943389892578 39.054901123046875 76.07528686523438
cat 0.9440646 31.103958129882812 175.97616577148438 63.054039001464844 207.98907470703125
cat 0.92367345 9.019396781921387 173.05638122558594 27.877342224121094 191.9727325439453
deer 0.8677341 155.99009704589844 142.9689178466797 182.0372772216797 168.99012756347656
truck 0.78040075 176.09129333496094 170.0383758544922 198.0363006591797 192.02467346191406
dog 0.71453136 129.9960479736328 136.94424438476562 145.9917449951172 153.06893920898438
automobile 0.69211185 128.91879272460938 197.00164794921875 145.00277709960938 213.0386962890625
frog 0.5799368 200.93362426757812 157.89654541015625 217.0042724609375 174.0341796875
automobile 0.4996059 200.94720458984375 157.91229248046875 216.97360229492188 174.01101684570312
truck 0.38777003 128.9033203125 197.01797485351562 144.995849609375 213.03009033203125
cat 0.30130714 175.9811553955078 170.1116485595703 197.9379425048828 191.9115753173828
truck 0.27899593 200.9486083984375 157.8640899658203 216.99090576171875 174.0502471923828
cat 0.26452684 129.98902893066406 136.9809112548828 145.9289093017578 153.0684051513672
