automobile 0.99017334 38.99811553955078 87.0490493774414 61.01720428466797 109.03267669677734
cat 0.9854498 205.12889099121094 83.04571533203125 227.06101989746094 105.04946899414062
automobile 0.98513997 99.06144714355469 126.11476135253906 136.99887084960938 163.98158264160156
truck 0.984921 32.94056701660156 37.05027770996094 51.95172119140625 55.86937713623047
airplane 0.98117316 123.10791015625 83.05744171142578 158.01556396484375 118.02404022216797
ship 0.97884023 127.14738464355469 4.021684646606445 162.07969665527344 38.984825134277344
automobile 0.9767026 211.9384307861328 7.103672027587891 249.9651641845703 45.006561279296875
ship 0.97647846 17.030914306640625 188.0674591064453 35.932945251464844 207.1260528564453
automobile 0.9753859 11.041529655456543 118.04824829101562 36.997745513916016 143.97625732421875
deer 0.95825434 53.33335876464844 49.166954040527344 79.01531982421875 74.8721923828125
ship 0.95291454 147.98007202148438 174.06948852539062 177.00515747070312 202.92446899414062
deer 0.9501852 212.00308227539062 105.93450164794922 227.99664306640625 122.05573272705078
airplane 0.9084122 92.03433227539062 33.05143356323242 111.05406188964844 52.0031852722168
ship 0.86509174 37.90674591064453 188.95108032226562 70.09051513671875 220.98495483398438
ship 0.7393351 71.27169799804688 195.07534790039062 103.09048461914062 227.0382080078125
airplane 0.6929376 2.2786645889282227 50.218505859375 31.05760955810547 78.964599609375
bird 0.5566061 59.89656448364258 146.9900360107422 75.94100952148438 162.9622344970703
frog 0.47620866 59.89625549316406 146.9816436767578 76.0223388671875 162.92759704589844
automobile 0.43981773 71.16159057617188 195.11151123046875 103.18424987792969 226.92776489257812
dog 0.36629242 179.12733459472656 31.23385238647461 211.08848571777344 63.060909271240234
deer 0.30206567 179.03753662109375 31.39248275756836 211.06625366210938 63.01115036010742
cat 0.23543069 179.03753662109375 31.39248275756836 211.06625366210938 63.01115036010742
truck 0.22788867 37.953670501708984 188.92364501953125 70.04853820800781 221.02420043945312
ship 0.22226754 2.2411317825317383 49.99458312988281 31.005908966064453 79.05015563964844
ship 0.20617548 91.92339324951172 33.01382827758789 111.04862213134766 52.040035247802734
