frog 0.9832901 30.064592361450195 54.055824279785156 58.999000549316406 82.93402862548828
automobile 0.9818621 51.162052154541016 176.03651428222656 85.92147827148438 211.0337371826172
truck 0.98000646 210.13037109375 84.03565979003906 245.14743041992188 119.00828552246094
automobile 0.97490966 162.07827758789062 103.00996398925781 190.99740600585938 131.9946746826172
ship 0.9747909 27.040969848632812 141.16346740722656 56.0015869140625 170.0081329345703
automobile 0.9743628 200.075439453125 167.0896453857422 231.98431396484375 198.9888458251953
ship 0.9740535 2.072845458984375 196.07598876953125 36.950706481933594 231.05819702148438
ship 0.9693613 175.057373046875 2.033841133117676 207.05267333984375 34.00493240356445
bird 0.96791255 195.89019775390625 133.0014190673828 227.97552490234375 165.3225555419922
ship 0.9652896 157.09164428710938 152.89756774902344 186.12710571289062 182.0325469970703
deer 0.95455635 123.07371520996094 53.01616668701172 158.0191192626953 88.08576202392578
ship 0.9446822 128.0341796875 91.05996704101562 154.06396484375 117.08790588378906
airplane 0.9342576 152.05320739746094 201.00112915039062 187.06297302246094 236.00393676757812
bird 0.92740536 187.08798217773438 35.098785400390625 225.02078247070312 73.03279876708984
airplane 0.9157187 211.14846801757812 211.00706481933594 237.05377197265625 237.0377655029297
cat 0.8339635 105.1584243774414 164.04269409179688 124.03902435302734 183.04281616210938
dog 0.73958904 5.081303596496582 4.156698226928711 34.036075592041016 32.945335388183594
cat 0.7323313 90.04529571533203 117.07190704345703 109.00528717041016 136.01889038085938
dog 0.51712465 1.8895254135131836 103.04313659667969 17.99471664428711 118.97993469238281
deer 0.43961707 5.062134742736816 4.155545234680176 33.98775863647461 32.96971130371094
frog 0.39531642 1.8895254135131836 103.04313659667969 17.99471664428711 118.97993469238281
cat 0.3291769 1.8895254135131836 103.04313659667969 17.99471664428711 118.97993469238281
dog 0.28317997 90.04529571533203 117.07190704345703 109.00528717041016 136.01889038085938
