automobile 0.98603606 41.99665451049805 13.051840782165527 64.00788879394531 35.062835693359375
frog 0.9850699 153.0631561279297 16.108110427856445 187.9585418701172 51.042755126953125
airplane 0.9829879 101.0579833984375 189.0186309814453 138.9444122314453 227.02003479003906
bird 0.9821001 14.057297706604004 146.0031280517578 42.97895431518555 175.0249786376953
deer 0.9804212 11.132266998291016 34.083335876464844 33.050540924072266 55.939598083496094
frog 0.979008 148.90460205078125 196.06015014648438 178.06137084960938 225.01947021484375
deer 0.97595656 19.067731857299805 62.06456756591797 53.945770263671875 97.02202606201172
cat 0.975054 209.06166076660156 190.0897979736328 237.9764862060547 218.9020233154297
bird 0.97449434 96.08746337890625 28.042339324951172 124.92024230957031 56.923946380615234
automobile 0.9690249 108.03952026367188 64.73992156982422 145.9862823486328 103.0733871459961
ship 0.9676113 0.9752235412597656 184.03321838378906 39.05571365356445 221.96043395996094
dog 0.96379125 152.02337646484375 73.10354614257812 186.91754150390625 108.05862426757812
frog 0.9637861 121.07958984375 155.09410095214844 149.99557495117188 183.89613342285156
deer 0.95719886 57.07929992675781 206.01507568359375 94.92776489257812 244.05841064453125
ship 0.92504346 151.9105224609375 150.05384826660156 173.95916748046875 172.06504821777344
deer 0.8738073 79.00203704833984 66.9646224975586 95.06102752685547 83.0656967163086
frog 0.8631711 209.1495819091797 32.072288513183594 229.22328186035156 52.49317169189453
cat 0.7250127 56.99601745605469 141.0434112548828 76.00482177734375 160.0138702392578
bird 0.5485989 60.07297897338867 172.06887817382812 82.00823974609375 193.98171997070312
dog 0.31648386 60.10932922363281 172.09939575195312 82.06196594238281 194.01336669921875
frog 0.22615549 57.09012985229492 140.9993896484375 75.9874267578125 160.00799560546875
