truck 0.9834367 115.11277770996094 149.00244140625 147.1380157470703 181.14877319335938
frog 0.9833542 16.015079498291016 57.006011962890625 41.93124008178711 83.0084228515625
ship 0.98270094 60.975311279296875 169.0888671875 93.01115417480469 201.094482421875
airplane 0.9794066 116.0158920288086 20.00196075439453 154.01235961914062 58.080116271972656
ship 0.97762585 53.08586883544922 88.92912292480469 87.96019744873047 124.03219604492188
automobile 0.97603416 148.0999755859375 170.02670288085938 180.06158447265625 201.93228149414062
cat 0.9757373 97.94042205810547 73.04998016357422 129.99826049804688 105.04149627685547
ship 0.97348136 52.04844665527344 38.045204162597656 87.01214599609375 72.9705581665039
cat 0.9733852 202.09445190429688 31.116378784179688 239.75042724609375 68.98395538330078
truck 0.9718627 135.0169677734375 88.14376831054688 169.78936767578125 123.02037048339844
automobile 0.96929425 205.1101531982422 203.02964782714844 240.0055389404297 237.9913787841797
automobile 0.9663279 42.95884704589844 130.9846649169922 74.84902954101562 162.9271697998047
deer 0.96417546 24.18756103515625 8.28272533416748 52.98883056640625 36.919898986816406
airplane 0.9638797 197.0137481689453 71.96125793457031 222.95680236816406 98.01516723632812
bird 0.9422976 80.95207214355469 5.977463722229004 102.78819274902344 27.998790740966797
ship 0.9173682 0.0 155.08351135253906 32.091617584228516 187.07386779785156
deer 0.83970016 52.0289306640625 206.10935974121094 74.03266906738281 228.03956604003906
deer 0.7721007 167.01052856445312 31.997941970825195 183.05300903320312 47.940460205078125
cat 0.610025 209.93896484375 105.00862121582031 248.00491333007812 143.0442657470703
cat 0.5748626 185.96026611328125 163.09703063964844 202.116943359375 178.94810485839844
cat 0.29522339 167.0048828125 32.039306640625 183.04641723632812 47.945594787597656
bird 0.2728122 167.0048828125 32.039306640625 183.04641723632812 47.945594787597656
frog 0.2564518 185.96026611328125 163.09703063964844 202.116943359375 178.94810485839844
truck 0.24940374 185.96026611328125 163.09703063964844 202.116943359375 178.94810485839844
dog 0.24227178 210.09228515625 105.02977752685547 248.0699462890625 143.04473876953125
