frog 0.98466384 25.03645896911621 102.12570190429688 53.998741149902344 130.94961547851562
frog 0.9838699 134.04383850097656 70.92809295654297 162.98304748535156 99.9012222290039
airplane 0.9793915 61.973243713378906 121.99226379394531 99.88610076904297 160.1161346435547
truck 0.9787247 54.989166259765625 214.06736755371094 90.07929992675781 249.10072326660156
automobile 0.9779236 180.97225952148438 212.0891571044922 200.0250244140625 231.04835510253906
airplane 0.9732962 205.1725311279297 144.0675048828125 233.8718719482422 172.991943359375
ship 0.9731686 183.04177856445312 28.02490997314453 201.9744873046875 46.97168731689453
automobile 0.97254056 167.14405822753906 130.94847106933594 202.0919952392578 166.01902770996094
ship 0.9719274 0.0 27.980690002441406 38.02764892578125 66.03892517089844
ship 0.9635875 130.05223083496094 128.9038848876953 161.96397399902344 161.0428009033203
deer 0.94873774 72.07395935058594 37.897911071777344 110.09663391113281 75.95122528076172
airplane 0.9079802 45.10917663574219 4.999614715576172 71.08152770996094 30.84998321533203
deer 0.80843025 202.91796875 190.98643493652344 235.04522705078125 222.9953155517578
automobile 0.7615373 199.06430053710938 94.04688262939453 218.02218627929688 112.96016693115234
bird 0.67302114 133.1294708251953 7.054095268249512 165.02857971191406 38.98140335083008
airplane 0.6385234 108.02871704101562 169.00546264648438 127.02174377441406 188.03366088867188
airplane 0.62218976 55.097328186035156 161.91888427734375 80.98786163330078 187.96975708007812
deer 0.4153462 133.1294708251953 7.054095268249512 165.02857971191406 38.98140335083008
truck 0.40934715 108.11644744873047 169.13169860839844 126.98857879638672 188.0474090576172
bird 0.36346188 55.097328186035156 161.91888427734375 80.98786163330078 187.96975708007812
airplane 0.29500982 199.03196716308594 94.0140380859375 218.0330352783203 112.88107299804688
ship 0.26224816 108.11644744873047 169.13169860839844 126.98857879638672 188.0474090576172
ship 0.24040005 199.03196716308594 94.0140380859375 218.0330352783203 112.88107299804688
automobile 0.21104327 108.11644744873047 169.13169860839844 126.98857879638672 188.0474090576172
