frog 0.9897453 140.9285430908203 121.01591491699219 157.0749053955078 137.0543975830078
bird 0.9838381 55.00253677368164 9.112494468688965 84.02496337890625 38.05848693847656
bird 0.98272467 133.02359008789062 14.038293838500977 165.03030395507812 46.03038787841797
airplane 0.9824718 103.98005676269531 128.9436492919922 135.96151733398438 161.0363006591797
truck 0.98160195 105.01922607421875 5.999111175537109 124.00277709960938 25.031206130981445
frog 0.9757441 88.07476043701172 79.063232421875 109.97052764892578 101.04231262207031
deer 0.9745035 143.02804565429688 54.979034423828125 180.952392578125 92.99800109863281
bird 0.97413695 181.98974609375 1.9736747741699219 220.02291870117188 39.96841049194336
bird 0.9686221 48.053401947021484 131.10546875 83.10591125488281 166.00146484375
bird 0.9682384 10.031390190124512 103.00471496582031 35.97630310058594 129.09124755859375
dog 0.96236306 215.10255432128906 210.05471801757812 236.93702697753906 231.92626953125
frog 0.9612648 44.91621017456055 63.06056594848633 71.0736083984375 88.89370727539062
dog 0.95657694 2.09768009185791 133.8968048095703 30.98486328125 162.9878692626953
frog 0.90767634 180.0228729248047 129.04664611816406 202.04380798339844 151.03221130371094
deer 0.84596634 180.77493286132812 208.93630981445312 199.55303955078125 226.54299926757812
cat 0.6547433 188.01646423339844 182.01266479492188 210.02415466308594 204.04766845703125
bird 0.40985072 188.0303497314453 181.9933624267578 209.9289093017578 203.99180603027344
dog 0.4066223 64.11958312988281 187.01187133789062 98.91114807128906 221.9814453125
deer 0.37686744 64.12564086914062 186.97271728515625 98.88992309570312 221.99365234375
ship 0.2835656 64.12564086914062 186.97271728515625 98.88992309570312 221.99365234375
cat 0.22362766 64.03343200683594 186.98507690429688 98.94561767578125 222.01742553710938
