deer 0.9901568 99.1203384399414 66.05513763427734 121.05425262451172 88.05852508544922
bird 0.979476 155.11888122558594 200.96755981445312 192.94371032714844 239.03530883789062
ship 0.9732331 209.07687377929688 168.9921875 234.95928955078125 195.00616455078125
cat 0.96471953 102.11725616455078 16.103879928588867 136.9539337158203 51.0927734375
automobile 0.962842 173.16575622558594 55.146827697753906 204.99095153808594 86.89359283447266
frog 0.9621496 186.09507751464844 115.04122161865234 224.0438995361328 152.97682189941406
dog 0.9593034 46.11325454711914 37.869842529296875 65.06831359863281 56.988304138183594
dog 0.9542084 75.02436065673828 89.91547393798828 100.98038482666016 116.03406524658203
ship 0.95284986 9.014753341674805 137.99124145507812 44.008155822753906 172.97897338867188
automobile 0.9010073 80.0323257446289 180.04469299316406 118.02826690673828 218.05323791503906
dog 0.8723106 10.089458465576172 36.11898422241211 41.87862777709961 68.05812072753906
cat 0.78702617 52.012908935546875 122.91134643554688 84.1015625 155.18145751953125
bird 0.783069 165.1044464111328 142.0144500732422 184.00758361816406 161.09165954589844
dog 0.6994885 166.1015167236328 169.0042724609375 187.86997985839844 191.04830932617188
cat 0.6425793 42.077232360839844 90.02471160888672 58.00648498535156 106.04962921142578
dog 0.49371418 183.86976623535156 30.161296844482422 203.16212463378906 48.8819694519043
deer 0.44357088 183.80126953125 30.088050842285156 203.18423461914062 48.77897644042969
cat 0.420675 163.17901611328125 19.97037696838379 182.240966796875 39.00927734375
ship 0.38138717 42.077232360839844 90.02471160888672 58.00648498535156 106.04962921142578
deer 0.3376469 163.12435913085938 19.940570831298828 182.25640869140625 39.04561996459961
bird 0.29136893 163.09634399414062 19.95161247253418 182.20281982421875 39.138099670410156
frog 0.23626009 163.17901611328125 19.97037696838379 182.240966796875 39.00927734375
cat 0.23416618 165.09019470214844 142.00303649902344 183.97731018066406 161.09605407714844
cat 0.23347187 10.005836486816406 36.09153747558594 41.82238006591797 67.9826889038086
cat 0.21685943 166.11575317382812 169.00177001953125 187.90023803710938 191.08145141601562
airplane 0.21439883 42.077232360839844 90.02471160888672 58.00648498535156 106.04962921142578
bird 0.20395708 166.08236694335938 169.00083923339844 187.88235473632812 191.04551696777344
