truck 0.98373353 67.0108871459961 86.05390930175781 102.02660369873047 121.04815673828125
ship 0.98289037 80.04170227050781 192.9800567626953 108.95613098144531 222.0323944091797
frog 0.9813278 48.966896057128906 125.06222534179688 84.05945587158203 160.03005981445312
frog 0.98116815 172.0533447265625 76.06724548339844 193.97000122070312 98.02127075195312
automobile 0.97877365 135.03518676757812 4.05838680267334 163.92135620117188 33.049556732177734
airplane 0.9754874 200.07498168945312 116.06214141845703 226.0274658203125 141.98892211914062
automobile 0.9739568 198.94737243652344 67.00457763671875 225.01380920410156 93.00357055664062
dog 0.9737897 103.06146240234375 137.01161193847656 138.03443908691406 171.9754180908203
ship 0.9734869 170.06375122070312 197.09767150878906 198.94381713867188 226.10658264160156
bird 0.9723754 144.01422119140625 135.99298095703125 179.07012939453125 170.96347045898438
ship 0.96523535 205.23965454101562 187.0286865234375 239.85052490234375 221.8917236328125
truck 0.9431912 131.04701232910156 55.00272750854492 159.9623565673828 84.0469741821289
cat 0.90828437 194.29286193847656 15.041858673095703 228.89430236816406 50.03449630737305
automobile 0.8975533 8.490711212158203 56.73560333251953 45.787349700927734 92.40778350830078
bird 0.82605445 54.098106384277344 55.05183792114258 83.12413787841797 84.02379608154297
automobile 0.7794213 195.92361450195312 159.93795776367188 211.9305419921875 176.02041625976562
airplane 0.7646061 119.11480712890625 211.8424072265625 154.021728515625 246.99026489257812
deer 0.6437936 129.05030822753906 183.0340576171875 155.0073699951172 209.13839721679688
deer 0.48296574 62.05139923095703 2.1500778198242188 97.01883697509766 37.02549743652344
truck 0.4479054 195.90415954589844 159.96563720703125 211.9370880126953 176.03604125976562
dog 0.41318128 7.022463798522949 192.99331665039062 33.019596099853516 219.06600952148438
cat 0.40609354 7.022463798522949 192.99331665039062 33.019596099853516 219.06600952148438
bird 0.34173226 129.05030822753906 183.0340576171875 155.0073699951172 209.13839721679688
ship 0.31144136 119.11480712890625 211.8424072265625 154.021728515625 246.99026489257812
airplane 0.2232013 54.14415740966797 55.09967803955078 83.0679702758789 84.03104400634766
