deer 0.9848038 63.976478576660156 212.9978485107422 95.97838592529297 245.05519104003906
automobile 0.98413235 163.07809448242188 110.08351135253906 194.9029541015625 141.79638671875
frog 0.98406583 32.98947525024414 203.9661865234375 62.05879592895508 232.9403076171875
deer 0.9833677 153.96456909179688 173.03887939453125 183.02896118164062 202.02066040039062
truck 0.98308414 195.06488037109375 168.0757293701172 224.01150512695312 197.0751495361328
truck 0.9799341 126.01919555664062 106.13292694091797 158.09173583984375 137.96852111816406
cat 0.97684896 55.06414031982422 105.0286865234375 74.0440902709961 123.99459838867188
frog 0.97597355 145.99252319335938 38.9985466003418 178.00369262695312 70.99302673339844
truck 0.97470164 210.13003540039062 19.088722229003906 247.9200439453125 57.093223571777344
airplane 0.9677199 116.0510482788086 72.947509765625 147.9685821533203 104.8492431640625
frog 0.9620187 38.015464782714844 162.02529907226562 67.09710693359375 190.92803955078125
ship 0.95299494 34.046051025390625 64.99606323242188 65.94180297851562 97.07308959960938
automobile 0.9474057 83.06303405761719 166.03994750976562 115.00772094726562 198.0054931640625
dog 0.94648725 77.11979675292969 12.941658020019531 114.92788696289062 50.87604904174805
dog 0.9283235 135.04769897460938 208.9543914794922 161.02499389648438 235.07456970214844
automobile 0.8906046 197.00572204589844 137.98687744140625 212.9980010986328 153.90609741210938
bird 0.8807126 28.092727661132812 27.066917419433594 50.033668518066406 49.0670166015625
dog 0.7576777 11.01362133026123 11.999635696411133 27.049659729003906 27.973722457885742
