automobile 0.98420864 2.1048755645751953 128.07078552246094 31.031099319458008 156.91749572753906
automobile 0.9825831 201.02667236328125 211.98809814453125 239.11593627929688 249.89495849609375
cat 0.9775144 207.0409393310547 74.06366729736328 242.0060577392578 108.98381805419922
frog 0.9772315 107.05477905273438 97.95989990234375 138.95399475097656 130.04989624023438
dog 0.9741154 15.051763534545898 29.115129470825195 52.88397979736328 67.00802612304688
airplane 0.9736304 124.03209686279297 190.048828125 143.14404296875 209.01376342773438
airplane 0.9623239 11.076658248901367 204.0337677001953 30.03626823425293 223.0564727783203
bird 0.960536 140.04367065429688 90.04666137695312 171.9954833984375 122.07783508300781
bird 0.9537699 155.0441131591797 169.04324340820312 187.05332946777344 201.05902099609375
bird 0.9477973 169.04209899902344 53.112327575683594 200.9690704345703 85.03284454345703
automobile 0.9171013 146.99229431152344 125.12591552734375 172.9267120361328 151.00811767578125
dog 0.90371746 194.07293701171875 130.05662536621094 232.01300048828125 167.8700408935547
deer 0.88504773 0.0 67.99227905273438 19.07339096069336 87.01609802246094
automobile 0.818159 65.00785827636719 3.152029037475586 84.01148986816406 22.126134872436523
ship 0.8117564 48.029781341552734 94.02692413330078 67.0063247680664 113.0689926147461
cat 0.80506015 114.06482696533203 46.07707595825195 133.0405731201172 64.99362182617188
bird 0.7963473 118.0141372680664 67.94181060791016 136.97218322753906 87.02063751220703
airplane 0.765131 33.00249099731445 133.0702362060547 52.046627044677734 152.0594024658203
cat 0.67463493 61.101478576660156 196.06842041015625 79.97815704345703 215.02078247070312
cat 0.47653672 117.99177551269531 68.09103393554688 137.03192138671875 87.04873657226562
airplane 0.4075419 48.00135803222656 94.05142211914062 67.05530548095703 113.12490844726562
deer 0.3823474 61.010372161865234 196.0547332763672 80.03224182128906 215.05589294433594
dog 0.25485283 114.14944458007812 46.09492874145508 132.926513671875 65.03949737548828
dog 0.23997259 40.05454635620117 155.86012268066406 72.02474975585938 187.97544860839844
truck 0.21490571 65.00169372558594 3.062631607055664 83.98851013183594 22.189157485961914
