truck 0.98717827 122.08578491210938 162.0732879638672 143.90518188476562 184.03102111816406
frog 0.9868619 109.0559310913086 196.0105743408203 127.99449920654297 215.0172882080078
truck 0.9759394 78.94149780273438 38.986473083496094 108.00288391113281 67.89004516601562
cat 0.9718932 189.07424926757812 215.07308959960938 226.9349365234375 253.0927734375
cat 0.9716263 151.97410583496094 148.94720458984375 167.9752960205078 165.1268310546875
frog 0.9712176 56.05668640136719 206.04159545898438 93.99339294433594 244.11465454101562
dog 0.9660857 37.090293884277344 152.16769409179688 74.9040756225586 189.9581298828125
cat 0.96570736 209.01904296875 143.0810546875 234.97848510742188 168.99017333984375
automobile 0.96509266 158.07484436035156 169.0268096923828 187.05226135253906 198.03041076660156
airplane 0.9464214 158.05422973632812 114.01629638671875 177.02249145507812 133.08786010742188
airplane 0.93507576 137.03517150878906 23.98492431640625 155.99098205566406 43.080078125
cat 0.9276186 0.04285907745361328 163.97337341308594 31.690773010253906 195.88206481933594
automobile 0.8975927 25.00145149230957 7.066326141357422 51.13307189941406 32.90634536743164
cat 0.85104966 187.05062866210938 39.089088439941406 224.98431396484375 77.16539764404297
bird 0.8254217 16.082927703857422 91.95490264892578 44.98983383178711 121.07718658447266
airplane 0.7465888 19.98861312866211 48.09006118774414 42.048152923583984 70.06363677978516
bird 0.6165068 111.84669494628906 50.96123504638672 149.93907165527344 88.91362762451172
ship 0.48066306 20.003345489501953 48.04939651489258 41.92171096801758 70.04747009277344
airplane 0.43736136 214.02659606933594 86.01392364501953 230.04286193847656 102.0290298461914
cat 0.38722318 121.21935272216797 135.03189086914062 142.89605712890625 156.92031860351562
truck 0.25079006 214.02659606933594 86.01392364501953 230.04286193847656 102.0290298461914
bird 0.24106961 214.02659606933594 86.01392364501953 230.04286193847656 102.0290298461914
frog 0.21569264 214.03431701660156 85.98184204101562 230.05860900878906 102.04264831542969
cat 0.20988587 112.05328369140625 50.92510986328125 150.01028442382812 89.01243591308594
truck 0.20635563 25.00145149230957 7.066326141357422 51.13307189941406 32.90634536743164
airplane 0.20035672 16.083938598632812 92.03185272216797 44.75116729736328 121.07495880126953
