airplane 0.9904366 114.06270599365234 10.062088012695312 136.04270935058594 32.022735595703125
deer 0.98677826 58.03386306762695 186.0665740966797 77.07506561279297 205.01927185058594
frog 0.98418653 131.11927795410156 132.09808349609375 156.9795684814453 158.01126098632812
bird 0.9840848 92.08279418945312 82.07099914550781 113.96931457519531 103.98786926269531
dog 0.9815795 38.998443603515625 96.92446899414062 76.95945739746094 135.02389526367188
dog 0.97635776 157.10487365722656 170.11886596679688 186.07911682128906 198.90756225585938
ship 0.97601706 188.0748291015625 169.9745330810547 226.079345703125 208.01316833496094
ship 0.9758448 121.05903625488281 184.04373168945312 155.99241638183594 218.974365234375
ship 0.9730975 44.029388427734375 214.94728088378906 81.99687194824219 253.1224822998047
deer 0.96834457 138.0557861328125 47.027244567871094 166.97271728515625 76.0384521484375
ship 0.96059585 73.00837707519531 152.04344177246094 105.04544067382812 183.87901306152344
dog 0.9551513 149.02023315429688 97.9256820678711 175.1207275390625 124.03997039794922
airplane 0.953359 138.99179077148438 11.126504898071289 170.92129516601562 43.32196807861328
airplane 0.9469992 113.04431915283203 47.06620407104492 128.9453582763672 63.0673713684082
truck 0.90163577 70.07048797607422 38.05809020996094 89.0575180053711 57.00926971435547
deer 0.88555026 29.028911590576172 53.032371520996094 60.99991226196289 85.07791900634766
airplane 0.31134942 206.0535888671875 141.0147705078125 227.9893798828125 163.02322387695312
airplane 0.23926678 29.152462005615234 52.98182678222656 60.99362564086914 85.05482482910156
