airplane 0.98371994 135.00888061523438 51.029937744140625 163.8953857421875 80.00213623046875
deer 0.9778812 52.96776580810547 70.06169128417969 82.04671478271484 98.92231750488281
bird 0.9773082 210.10325622558594 214.1382293701172 245.0714874267578 249.03004455566406
airplane 0.9747431 27.986099243164062 100.06365203857422 59.90325164794922 131.9537353515625
automobile 0.97269475 93.06497955322266 16.013565063476562 111.96561431884766 34.9691162109375
airplane 0.970497 211.0752410888672 169.08314514160156 249.02552795410156 206.95957946777344
deer 0.9655067 131.11190795898438 213.59893798828125 168.91390991210938 250.63168334960938
deer 0.9611287 40.11558532714844 209.9876708984375 71.95925903320312 241.99359130859375
deer 0.9524485 88.1592025756836 52.257232666015625 109.9902572631836 74.01548767089844
deer 0.9475323 201.05123901367188 24.030799865722656 223.02496337890625 45.98670959472656
bird 0.9474187 178.0562286376953 187.0417022705078 203.9873809814453 213.0399627685547
airplane 0.91409534 83.11921691894531 181.0470733642578 109.00032043457031 207.01390075683594
automobile 0.8798586 211.10562133789062 132.99038696289062 236.96914672851562 159.10040283203125
dog 0.82946074 12.072683334350586 181.08192443847656 31.06043815612793 199.9770965576172
truck 0.7585845 130.2717742919922 100.02760314941406 156.0565643310547 125.96885681152344
cat 0.64738685 59.04029846191406 35.07972717285156 78.11628723144531 54.07588195800781
dog 0.43979776 159.072998046875 110.00108337402344 196.984619140625 147.99354553222656
frog 0.37063676 59.04029846191406 35.07972717285156 78.11628723144531 54.07588195800781
cat 0.28992933 159.18081665039062 110.06715393066406 196.98043823242188 147.94532775878906
truck 0.2401098 59.04029846191406 35.07972717285156 78.11628723144531 54.07588195800781
frog 0.21460772 12.093429565429688 181.073486328125 31.05297088623047 199.99325561523438
