frog 0.9873624 160.04811096191406 83.09599304199219 189.0676727294922 111.955078125
airplane 0.983662 179.0221405029297 41.97343444824219 198.02037048339844 60.966819763183594
automobile 0.98335993 169.97161865234375 191.92320251464844 198.99612426757812 220.98475646972656
airplane 0.98162794 9.997386932373047 205.0504608154297 47.88582229614258 242.9436492919922
airplane 0.9793358 202.8160400390625 191.9945068359375 240.89675903320312 229.9345703125
bird 0.9764286 136.09689331054688 18.031097412109375 164.94711303710938 47.066131591796875
automobile 0.97188914 115.05750274658203 95.0770263671875 147.02626037597656 127.05940246582031
truck 0.9689368 204.01141357421875 19.076744079589844 230.095947265625 45.057701110839844
automobile 0.96747327 14.07571029663086 127.04521942138672 51.91202926635742 164.93405151367188
deer 0.94440687 92.99031829833984 150.0491485595703 111.94210052490234 169.0328826904297
bird 0.9430946 211.0838623046875 153.03211975097656 249.08242797851562 190.8992156982422
truck 0.9228902 110.98931884765625 10.980094909667969 126.97488403320312 26.981834411621094
frog 0.8942853 71.06871032714844 181.03675842285156 105.9718017578125 215.8786163330078
airplane 0.8894845 53.08390808105469 71.03983306884766 79.05180358886719 96.98381805419922
dog 0.73566955 67.03650665283203 133.0829315185547 86.1153793334961 151.93894958496094
cat 0.7040027 38.12480163574219 181.13807678222656 60.01011657714844 203.06443786621094
deer 0.6619276 193.16531372070312 91.05290222167969 227.97930908203125 126.03738403320312
dog 0.5663529 72.10330200195312 21.028240203857422 97.86947631835938 47.022457122802734
cat 0.5323646 163.9664306640625 152.11575317382812 199.0924072265625 187.12130737304688
frog 0.3901502 38.050933837890625 181.12042236328125 59.96894836425781 203.042236328125
cat 0.36193907 72.10330200195312 21.028240203857422 97.86947631835938 47.022457122802734
dog 0.35629416 163.96566772460938 152.20533752441406 199.1170654296875 187.1269989013672
cat 0.27960518 67.0733871459961 133.11341857910156 86.04097747802734 151.95518493652344
