airplane 0.9919983 19.119089126586914 128.10621643066406 41.04157257080078 150.06138610839844
deer 0.98217845 122.07136535644531 166.04913330078125 154.0025177001953 197.96435546875
airplane 0.98068964 84.04396057128906 38.058349609375 119.02815246582031 73.0457763671875
deer 0.980133 215.08152770996094 55.003787994384766 244.09059143066406 84.0340805053711
deer 0.9783568 136.0757293701172 28.104785919189453 155.01710510253906 47.05381393432617
frog 0.97831184 45.932891845703125 46.00701904296875 78.08917236328125 78.0997543334961
airplane 0.9745904 189.11094665527344 202.07020568847656 218.10438537597656 230.99058532714844
bird 0.9745892 45.10137176513672 215.98764038085938 77.05742645263672 247.99688720703125
dog 0.9704627 5.038592338562012 197.15310668945312 31.0028076171875 223.0264892578125
dog 0.9700193 188.04747009277344 118.0722427368164 220.0020294189453 149.93307495117188
truck 0.96844465 140.98423767089844 107.15126037597656 176.05482482910156 142.01727294921875
cat 0.9564292 103.04443359375 97.0306396484375 129.01390075683594 122.97650146484375
frog 0.94819856 65.03237915039062 138.11746215820312 99.90983581542969 173.03717041015625
deer 0.92970705 195.07595825195312 23.996978759765625 214.02786254882812 42.986175537109375
bird 0.9252926 169.9778289794922 27.990219116210938 186.04685974121094 44.06935119628906
bird 0.7995727 194.06063842773438 56.025367736816406 213.08035278320312 75.01555633544922
deer 0.6590314 211.08790588378906 86.1085205078125 232.96885681152344 107.97465515136719
dog 0.5293167 124.1305923461914 63.93992614746094 149.96827697753906 89.96339416503906
deer 0.50934446 124.11979675292969 63.90408706665039 149.9829559326172 89.941650390625
dog 0.30760318 211.05242919921875 86.01594543457031 232.97543334960938 108.01324462890625
