frog 0.9833634 96.05955505371094 36.083778381347656 127.94544982910156 67.95763397216797
frog 0.9806075 142.08935546875 6.107499122619629 164.01358032226562 27.900379180908203
deer 0.98040223 29.05565071105957 13.037050247192383 61.009796142578125 45.05296325683594
dog 0.9782516 88.98368072509766 102.97872924804688 118.07958221435547 132.02935791015625
ship 0.97732085 3.097759246826172 148.02294921875 41.00123977661133 186.01409912109375
ship 0.9739808 191.17359924316406 110.03607940673828 226.0185089111328 145.07662963867188
dog 0.9732423 55.06010437011719 139.979736328125 87.0965576171875 172.01617431640625
bird 0.9725902 71.02084350585938 24.965866088867188 90.01560974121094 44.067901611328125
truck 0.9717505 92.02981567382812 180.0565185546875 127.04667663574219 214.9454345703125
automobile 0.9701537 173.13841247558594 29.021629333496094 201.9480743408203 58.08497619628906
cat 0.96882683 135.06304931640625 62.040916442871094 166.99566650390625 94.06255340576172
truck 0.95582753 128.09461975097656 206.09678649902344 150.12208557128906 228.00404357910156
frog 0.94482213 19.14783477783203 56.077789306640625 47.97193908691406 85.00601196289062
deer 0.93973064 93.03256225585938 8.025544166564941 108.95875549316406 23.95907974243164
airplane 0.87235844 154.10743713378906 196.09841918945312 189.07887268066406 230.9957275390625
ship 0.85173976 69.07276916503906 191.0582733154297 84.94032287597656 207.02891540527344
automobile 0.72376585 198.0989227294922 165.06085205078125 227.0275421142578 194.05169677734375
frog 0.605421 208.12013244628906 54.09088134765625 245.9286346435547 92.03594970703125
bird 0.6022287 208.08460998535156 54.018646240234375 246.2003631591797 91.79415893554688
cat 0.4803394 120.42159271240234 141.52798461914062 145.87649536132812 166.01788330078125
airplane 0.41044354 120.30020141601562 142.1101531982422 145.73361206054688 165.94236755371094
bird 0.33059588 198.0347442626953 165.00631713867188 226.95570373535156 194.15377807617188
deer 0.31352824 69.08293914794922 191.06385803222656 84.92273712158203 207.04051208496094
cat 0.30358744 74.12923431396484 79.19210815429688 92.91069793701172 98.01200866699219
bird 0.27189857 153.99468994140625 196.14048767089844 189.01904296875 230.91294860839844
truck 0.22571036 69.08293914794922 191.06385803222656 84.92273712158203 207.04051208496094
bird 0.21995509 74.1373291015625 79.19507598876953 92.95401000976562 98.0680923461914
dog 0.2054351 74.10160827636719 79.1793441772461 93.05448913574219 98.0723648071289
