deer 0.9853275 18.057384490966797 92.040283203125 36.96625518798828 111.06953430175781
bird 0.9817698 126.01351928710938 105.02351379394531 148.00390625 127.07640075683594
bird 0.9817427 117.06334686279297 69.0386962890625 146.00062561035156 98.115966796875
bird 0.9764555 182.98414611816406 13.091577529907227 218.03660583496094 47.984710693359375
dog 0.9761651 182.0249786376953 168.05453491210938 201.0316925048828 186.91867065429688
automobile 0.97548604 206.0337677001953 56.96873092651367 244.09349060058594 95.07110595703125
automobile 0.975085 95.08792114257812 30.04345703125 126.99263000488281 62.18199920654297
frog 0.97443 144.9385986328125 176.9539031982422 177.05642700195312 208.90467834472656
airplane 0.97381246 52.01435852050781 54.024200439453125 86.94096374511719 88.98844909667969
airplane 0.972916 85.13700103759766 163.02061462402344 113.97699737548828 192.0063018798828
cat 0.97054756 192.10452270507812 199.09400939941406 227.00369262695312 233.9281768798828
bird 0.96767926 25.02845001220703 152.08316040039062 51.023033142089844 177.98269653320312
ship 0.96659815 142.03854370117188 12.00612735748291 168.00375366210938 38.10376739501953
ship 0.96502316 66.01954650878906 95.02783966064453 92.00489807128906 121.02315521240234
bird 0.9458675 205.03564453125 98.0301513671875 242.95230102539062 136.05189514160156
cat 0.92762125 189.1621856689453 142.13601684570312 208.0146942138672 160.9859619140625
airplane 0.8680931 12.955913543701172 210.1587371826172 38.92615509033203 235.92494201660156
truck 0.79368806 24.00092315673828 29.067005157470703 46.06111145019531 51.03535079956055
ship 0.77587616 120.01590728759766 192.0870361328125 139.0545196533203 211.04888916015625
frog 0.6755446 55.941226959228516 196.02029418945312 91.02906799316406 231.02328491210938
frog 0.30937088 120.08535766601562 192.08241271972656 139.08383178710938 211.1520538330078
cat 0.28657922 55.941226959228516 196.02029418945312 91.02906799316406 231.02328491210938
automobile 0.28520903 24.056631088256836 29.094993591308594 46.04456329345703 51.018890380859375
