truck 0.98739743 107.09649658203125 173.10171508789062 129.00100708007812 194.9256591796875
bird 0.986638 46.95071029663086 58.925025939941406 79.15711975097656 91.09583282470703
truck 0.98633087 21.052371978759766 48.08079528808594 43.1378288269043 70.05105590820312
automobile 0.9860885 114.01151275634766 100.01412200927734 133.04376220703125 119.03362274169922
cat 0.9790745 16.076793670654297 97.02423858642578 45.07149887084961 125.94043731689453
ship 0.97689754 10.113138198852539 149.06063842773438 39.051979064941406 177.9259033203125
deer 0.97649086 41.016021728515625 180.04537963867188 59.96809387207031 198.997802734375
truck 0.9734573 13.017773628234863 16.03961181640625 38.9643440246582 41.84123229980469
ship 0.97318864 187.96229553222656 138.95236206054688 226.05763244628906 177.14630126953125
ship 0.96921456 43.02922058105469 130.0622100830078 78.01504516601562 165.0227508544922
truck 0.96817416 210.98291015625 14.077323913574219 249.092529296875 52.07659912109375
airplane 0.95841104 73.06446838378906 19.997417449951172 105.07888793945312 52.082332611083984
ship 0.9546925 71.08496856689453 97.98294830322266 99.96564483642578 127.0219497680664
automobile 0.95057344 82.04032897949219 148.99957275390625 100.97868347167969 167.95364379882812
ship 0.9458409 136.10902404785156 75.13001251220703 162.06361389160156 100.91551971435547
cat 0.82412624 171.01644897460938 7.110528945922852 209.04751586914062 45.00498962402344
dog 0.7010088 140.0380096435547 200.01361083984375 174.9872589111328 235.01119995117188
cat 0.6151284 129.02957153320312 14.076759338378906 167.00869750976562 52.01403045654297
dog 0.47186893 156.03317260742188 135.9914093017578 184.79708862304688 164.93370056152344
cat 0.36401337 156.03317260742188 135.9914093017578 184.79708862304688 164.93370056152344
frog 0.29354563 129.0071563720703 14.103307723999023 167.0451202392578 51.92668151855469
