dog 0.98688483 99.99398803710938 120.13286590576172 129.03857421875 149.09140014648438
ship 0.9862739 31.064071655273438 9.035356521606445 53.00209045410156 31.092050552368164
automobile 0.98441947 135.98751831054688 147.05105590820312 154.96640014648438 166.05215454101562
airplane 0.97986364 203.05886840820312 33.98393249511719 241.01364135742188 72.02297973632812
airplane 0.979102 160.03811645507812 78.04814147949219 191.98703002929688 110.05970764160156
bird 0.97544867 56.01103591918945 191.20919799804688 87.86480712890625 223.04800415039062
bird 0.9752358 143.00730895996094 185.0093994140625 177.91807556152344 220.04147338867188
bird 0.97515786 197.00289916992188 80.95114135742188 235.0224609375 119.04286193847656
ship 0.97378916 6.191314697265625 189.16110229492188 24.969051361083984 208.0118408203125
bird 0.9689776 19.026371002197266 71.04957580566406 35.04682540893555 87.00022888183594
automobile 0.9686165 189.00830078125 160.0120086669922 205.04739379882812 175.9447479248047
ship 0.9668766 174.04705810546875 13.04802131652832 200.02679443359375 39.068824768066406
cat 0.9367025 128.10556030273438 61.056270599365234 157.0474853515625 89.96591186523438
dog 0.9127084 91.05933380126953 14.992111206054688 117.06255340576172 41.148555755615234
cat 0.87085426 55.993873596191406 40.01250457763672 77.9902572631836 62.03936004638672
ship 0.8681425 2.1874923706054688 139.08120727539062 27.959617614746094 164.9991455078125
frog 0.8088969 51.08057403564453 153.0509033203125 69.94415283203125 172.00872802734375
bird 0.52832085 210.04383850097656 182.05213928222656 245.03065490722656 216.98802185058594
dog 0.5208617 63.275936126708984 118.07406616210938 85.06581115722656 139.93942260742188
cat 0.44740158 63.07054901123047 118.0788803100586 85.1256332397461 139.98936462402344
automobile 0.32140714 51.113155364990234 153.021728515625 70.00199890136719 171.98638916015625
