truck 0.9903279 87.18106079101562 171.98471069335938 116.08047485351562 201.07650756835938
dog 0.984973 199.01622009277344 99.91339111328125 221.0445098876953 122.06085205078125
ship 0.98317474 41.094825744628906 125.14791107177734 63.0595703125 147.01531982421875
automobile 0.98073256 197.0589141845703 69.13472747802734 226.04173278808594 97.89798736572266
automobile 0.97903156 98.06448364257812 3.1922616958618164 123.92990112304688 29.04861068725586
ship 0.97610474 129.08352661132812 133.04864501953125 167.04705810546875 170.89666748046875
cat 0.97413194 182.9716339111328 15.02442741394043 214.98268127441406 47.085105895996094
frog 0.9709818 7.99276065826416 32.0557861328125 26.936302185058594 51.081451416015625
airplane 0.96033895 172.12376403808594 140.10423278808594 198.00270080566406 165.96339416503906
airplane 0.95390236 158.08981323242188 56.974491119384766 174.0452880859375 73.04943084716797
cat 0.933011 28.948455810546875 23.105934143066406 58.04756164550781 51.968528747558594
cat 0.8888402 85.1319580078125 88.08451843261719 107.05369567871094 110.06413269042969
frog 0.87397254 120.03109741210938 69.96634674072266 155.03231811523438 105.08374786376953
truck 0.84182036 162.0384063720703 211.04592895507812 193.97767639160156 243.0592041015625
cat 0.78147763 47.10521697998047 182.0297393798828 82.0385513305664 217.02842712402344
deer 0.66172385 89.02293395996094 128.0960235595703 108.00314331054688 146.96852111816406
cat 0.65078074 12.100460052490234 144.96287536621094 37.936737060546875 170.96995544433594
frog 0.58586717 29.04203224182129 93.014892578125 54.92182922363281 119.09527587890625
cat 0.5254195 29.04203224182129 93.014892578125 54.92182922363281 119.09527587890625
cat 0.40531173 162.07562255859375 211.10560607910156 193.94595336914062 243.0601043701172
deer 0.30373985 12.06069278717041 145.013427734375 37.95200729370117 170.898681640625
frog 0.28354943 47.10521697998047 182.0297393798828 82.0385513305664 217.02842712402344
cat 0.23992187 88.95050048828125 128.05601501464844 107.98606872558594 146.9744415283203
