ship 0.98709714 80.07905578613281 93.08118438720703 102.01289367675781 115.00855255126953
frog 0.98225415 79.98815155029297 71.89289855957031 95.98145294189453 87.86053466796875
truck 0.9803752 95.9956283569336 197.0292510986328 130.8819122314453 232.0236358642578
frog 0.979368 118.10765075683594 80.08126831054688 136.99790954589844 99.02848815917969
bird 0.977659 119.05134582519531 164.04347229003906 138.0803985595703 183.0186309814453
truck 0.9767389 138.05218505859375 208.96148681640625 170.04507446289062 240.95758056640625
dog 0.9726105 28.088340759277344 152.09503173828125 59.98499298095703 183.91943359375
bird 0.9644429 181.0685577392578 88.04476928710938 213.09046936035156 119.96354675292969
ship 0.9536905 72.0548324584961 152.0908203125 106.9547348022461 186.97750854492188
frog 0.9519229 198.046142578125 3.0254993438720703 230.0059814453125 35.03296661376953
truck 0.9440454 213.08291625976562 191.1355743408203 251.02291870117188 229.0226593017578
cat 0.92750996 10.048547744750977 37.04362869262695 29.007322311401367 55.99001693725586
cat 0.8284823 102.09720611572266 41.13701248168945 131.01637268066406 69.96420288085938
frog 0.8264978 96.05158996582031 131.03492736816406 115.063232421875 149.95802307128906
frog 0.7528882 43.99528503417969 92.24183654785156 70.0551528930664 117.9146728515625
automobile 0.7385101 75.06687927246094 118.9190902709961 94.05758666992188 137.80230712890625
bird 0.5765308 7.102755546569824 127.98197174072266 26.090702056884766 147.03407287597656
airplane 0.4643104 7.098316192626953 127.97273254394531 26.103897094726562 147.01490783691406
airplane 0.450822 75.08663940429688 118.92039489746094 94.01486206054688 137.8939666748047
truck 0.33720025 187.05996704101562 59.10499954223633 209.03359985351562 81.02694702148438
deer 0.30288786 102.33759307861328 41.12760925292969 131.05690002441406 69.98795318603516
bird 0.28210777 75.08663940429688 118.92039489746094 94.01486206054688 137.8939666748047
frog 0.25149763 75.08663940429688 118.92039489746094 94.01486206054688 137.8939666748047
cat 0.23296994 96.15786743164062 131.1008758544922 115.04443359375 149.9989776611328
