automobile 0.9872634 187.0668182373047 87.03802490234375 208.98439025878906 108.99406433105469
automobile 0.9850883 126.01364135742188 140.06100463867188 148.00177001953125 162.01382446289062
automobile 0.9810275 14.992684364318848 52.07002258300781 31.053245544433594 67.97220611572266
automobile 0.98096657 67.11518859863281 87.00128173828125 92.95962524414062 112.96493530273438
frog 0.97839516 45.084320068359375 130.06967163085938 71.09176635742188 155.96392822265625
automobile 0.97710425 86.03319549560547 202.1437225341797 121.0810317993164 237.01539611816406
airplane 0.9736056 178.0294189453125 198.08526611328125 210.045166015625 229.99533081054688
ship 0.9682032 183.0135040283203 131.03526306152344 220.9304656982422 169.01722717285156
ship 0.96489394 58.01890563964844 162.01014709472656 84.01553344726562 188.0625762939453
airplane 0.95130444 141.08245849609375 27.06987762451172 173.008544921875 59.013275146484375
cat 0.93659925 140.0459747314453 171.12576293945312 166.04212951660156 197.13528442382812
frog 0.8981209 13.972517967224121 152.98976135253906 30.031768798828125 169.00621032714844
dog 0.88533974 208.11972045898438 4.0430402755737305 234.062744140625 29.975875854492188
bird 0.8707461 70.063232421875 27.058330535888672 105.04537963867188 61.9612922668457
cat 0.7937957 27.19611358642578 10.948461532592773 64.83908081054688 48.99981689453125
truck 0.759377 174.0970916748047 23.108476638793945 196.0254364013672 44.982688903808594
dog 0.68876696 87.01976013183594 115.1055679321289 119.06228637695312 147.034423828125
airplane 0.6728944 130.00531005859375 201.00169372558594 168.06576538085938 239.0497283935547
deer 0.57274157 27.044301986694336 11.04454231262207 64.99046325683594 49.017417907714844
cat 0.5618779 130.06951904296875 200.9746551513672 168.037353515625 239.0236358642578
cat 0.5026878 131.01458740234375 105.0186767578125 149.96792602539062 123.97615051269531
dog 0.44897288 131.01458740234375 105.0186767578125 149.96792602539062 123.97615051269531
cat 0.3711154 87.02535247802734 115.11843872070312 119.10318756103516 147.05157470703125
deer 0.34149212 38.01367950439453 215.00860595703125 53.96858215332031 231.00921630859375
bird 0.2841935 131.01458740234375 105.0186767578125 149.96792602539062 123.97615051269531
dog 0.21298262 174.10816955566406 23.091947555541992 195.9976043701172 44.98370361328125
deer 0.210148 174.1072235107422 23.11693572998047 195.98805236816406 44.958045959472656
