automobile 0.9865873 10.006863594055176 112.05744934082031 29.00985336303711 131.04013061523438
truck 0.98197263 126.01356506347656 206.9517822265625 152.0300750732422 232.9910888671875
truck 0.9801079 44.01559066772461 90.0536117553711 73.0544662475586 119.00444793701172
truck 0.97843945 80.8689193725586 59.01435852050781 112.93201446533203 91.04347229003906
automobile 0.97705173 192.1399688720703 213.94674682617188 223.9540252685547 246.00576782226562
deer 0.97557855 22.10441017150879 3.0390491485595703 53.94990539550781 35.060157775878906
ship 0.9726995 199.99002075195312 40.988624572753906 231.99224853515625 73.07291412353516
frog 0.97146654 92.0478515625 164.0590057373047 113.96182250976562 185.99842834472656
deer 0.9677485 198.02296447753906 149.09109497070312 235.9439239501953 187.00601196289062
bird 0.9609332 198.03170776367188 99.05221557617188 224.1239013671875 124.96553039550781
automobile 0.91398126 43.09159469604492 36.96244430541992 78.03657531738281 71.98434448242188
airplane 0.85544086 173.00741577148438 197.03712463378906 188.96054077148438 212.99021911621094
frog 0.81217057 57.05290222167969 132.1163330078125 85.99397277832031 161.02703857421875
truck 0.7236074 120.03041076660156 15.057437896728516 151.9042510986328 47.1391716003418
airplane 0.6696904 15.120050430297852 179.075927734375 47.022483825683594 210.99447631835938
airplane 0.6383803 128.9558563232422 143.1324920654297 166.8806610107422 180.99607849121094
airplane 0.61626816 122.01844787597656 115.0370101928711 138.03260803222656 130.97412109375
cat 0.60792017 129.0603790283203 142.9827423095703 166.9630584716797 181.0926971435547
deer 0.57982504 15.98831844329834 154.1088409423828 31.974971771240234 170.02537536621094
dog 0.5711539 172.08706665039062 155.9559783935547 193.986328125 177.9677276611328
frog 0.46005553 122.00141906738281 115.06432342529297 138.03025817871094 130.97715759277344
ship 0.43187526 15.060683250427246 179.0191650390625 47.03499984741211 211.0283203125
dog 0.40889725 57.106971740722656 132.0794219970703 86.01244354248047 160.9964141845703
truck 0.37470868 15.98831844329834 154.1088409423828 31.974971771240234 170.02537536621094
bird 0.20368665 172.9988250732422 196.99781799316406 188.9762420654297 213.02101135253906
bird 0.20178291 122.01750183105469 115.00559997558594 138.0584259033203 130.9920196533203
cat 0.20006195 15.98831844329834 154.1088409423828 31.974971771240234 170.02537536621094
