frog 0.97701097 182.04092407226562 31.062984466552734 203.97879028320312 52.976375579833984
airplane 0.97458947 102.03060150146484 134.10443115234375 127.93192291259766 159.955078125
dog 0.9743542 10.083381652832031 204.90093994140625 44.994930267333984 239.90060424804688
frog 0.9724424 19.995908737182617 126.99354553222656 52.044883728027344 159.0611114501953
truck 0.96287954 18.009002685546875 174.9789581298828 44.012672424316406 201.00840759277344
dog 0.9616179 29.101036071777344 7.530010223388672 63.992637634277344 41.971214294433594
truck 0.9608043 188.00286865234375 8.096107482910156 203.97671508789062 23.972957611083984
frog 0.9593524 111.03929901123047 204.88894653320312 129.99588012695312 223.96170043945312
frog 0.9581817 74.06520080566406 41.05027770996094 111.94960021972656 79.13526916503906
truck 0.95555663 146.04571533203125 137.017333984375 183.94473266601562 175.04339599609375
truck 0.93023914 129.96224975585938 17.96599769592285 145.9862060546875 34.049583435058594
dog 0.91254044 175.00726318359375 107.0870132446289 197.06317138671875 128.99705505371094
airplane 0.8744158 208.92080688476562 7.004739761352539 234.9796142578125 32.968955993652344
ship 0.8210093 68.10506439208984 5.0351715087890625 97.06578826904297 33.94579315185547
bird 0.80250573 182.0142822265625 201.03125 203.96694946289062 223.05438232421875
frog 0.744207 95.04736328125 180.03794860839844 117.06471252441406 202.0597686767578
cat 0.71222943 209.9086151123047 35.973968505859375 245.08460998535156 71.10485076904297
dog 0.6359159 65.07667541503906 96.11129760742188 96.95721435546875 128.00729370117188
cat 0.5874593 65.04439544677734 96.04545593261719 97.04193878173828 128.01104736328125
cat 0.4478298 124.08625030517578 50.11090850830078 155.92404174804688 82.02477264404297
airplane 0.28354886 95.06300354003906 180.0595703125 117.06396484375 202.06393432617188
bird 0.27328038 124.18142700195312 50.12546920776367 155.93948364257812 82.0401382446289
airplane 0.23628995 68.03694152832031 5.030656814575195 97.07627868652344 33.942901611328125
