truck 0.98708 192.96408081054688 100.1406021118164 215.04879760742188 122.25116729736328
frog 0.98508716 39.09467697143555 173.07614135742188 60.96493148803711 195.06622314453125
automobile 0.9833256 119.05368041992188 14.886582374572754 145.01849365234375 40.962528228759766
dog 0.981948 26.07878875732422 201.09010314941406 48.003379821777344 223.0614776611328
dog 0.98036444 161.03439331054688 60.046417236328125 180.03607177734375 79.07823181152344
cat 0.9788965 86.99959564208984 87.94689178466797 103.00089263916016 104.00643157958984
deer 0.9742154 1.9911422729492188 57.997886657714844 40.00752639770508 95.9769515991211
frog 0.97334564 43.10480499267578 10.059192657470703 78.04856872558594 44.993831634521484
truck 0.96923345 21.101787567138672 123.04943084716797 53.06394577026367 155.07127380371094
bird 0.96888757 175.0708465576172 92.96900939941406 191.06971740722656 108.96662902832031
bird 0.9628453 135.01766967773438 191.9307861328125 172.97821044921875 230.17959594726562
airplane 0.956993 151.9646453857422 86.06581115722656 167.97523498535156 101.9996337890625
bird 0.93513167 80.15028381347656 46.350833892822266 115.05197143554688 77.9537582397461
ship 0.9335217 186.02037048339844 123.28514099121094 220.97679138183594 158.02256774902344
frog 0.9126333 192.3220672607422 4.2136383056640625 230.25001525878906 43.18596267700195
cat 0.85495794 54.95463180541992 109.08165740966797 71.07608032226562 124.9009780883789
airplane 0.75308275 192.21902465820312 198.69908142089844 208.016845703125 215.15577697753906
cat 0.7457234 83.00601959228516 213.9787139892578 99.05525970458984 230.0446319580078
dog 0.3484503 166.0741424560547 161.0458984375 184.98765563964844 179.9854736328125
automobile 0.30278894 54.99979782104492 109.07196044921875 71.05941772460938 124.93669128417969
