automobile 0.9810486 117.1111831665039 76.06279754638672 151.97125244140625 111.0538558959961
frog 0.976814 96.065185546875 208.06753540039062 122.07305908203125 233.93017578125
frog 0.97607934 85.97614288330078 133.12461853027344 123.9728775024414 170.9219512939453
deer 0.9675107 38.98246383666992 107.99504089355469 74.05180358886719 143.019775390625
truck 0.9651598 18.107421875 60.026458740234375 43.95602798461914 86.0010986328125
ship 0.9640808 212.0221405029297 16.998645782470703 240.93785095214844 46.0960807800293
dog 0.96054 146.15325927734375 38.96358108520508 175.06100463867188 67.91328430175781
cat 0.95665884 27.99187469482422 148.02230834960938 54.01600646972656 174.02340698242188
bird 0.9563458 203.0426025390625 160.0817413330078 222.03195190429688 179.04701232910156
frog 0.95067644 178.00599670410156 22.96771240234375 193.9836883544922 39.00212097167969
deer 0.9466901 3.1133546829223633 202.00433349609375 32.01288986206055 230.94940185546875
frog 0.9443739 100.12012481689453 3.195079803466797 129.01254272460938 31.925350189208984
cat 0.937206 182.04461669921875 209.95436096191406 207.99713134765625 235.86851501464844
deer 0.92845994 146.17190551757812 130.1376190185547 177.97576904296875 162.0290069580078
automobile 0.89782834 43.04905319213867 10.000543594360352 65.01323699951172 32.05236053466797
deer 0.88038886 75.05770874023438 75.0092544555664 104.02873229980469 104.0481185913086
deer 0.80010056 177.08261108398438 84.06204223632812 196.04132080078125 103.00167846679688
cat 0.6987004 201.96978759765625 86.0561294555664 236.969970703125 121.09508514404297
dog 0.43918717 43.163604736328125 10.046807289123535 64.93033599853516 32.02740478515625
