bird 0.9910588 146.02114868164062 100.03083801269531 164.9842529296875 119.03582763671875
dog 0.9852302 111.95321655273438 117.03677368164062 131.0236358642578 135.9602813720703
bird 0.98137575 6.100702285766602 121.00292205810547 38.088775634765625 153.0152587890625
airplane 0.9803722 72.97509765625 192.99456787109375 107.99946594238281 227.98675537109375
bird 0.9794446 124.05218505859375 13.011663436889648 155.96722412109375 45.0120849609375
dog 0.97724444 194.1392822265625 161.00399780273438 219.93240356445312 186.96786499023438
frog 0.9714017 201.0814971923828 98.04796600341797 232.9806365966797 130.0364532470703
dog 0.96803427 45.09786605834961 133.09567260742188 61.0168571472168 148.97891235351562
bird 0.96758354 4.055696487426758 168.08273315429688 41.89213562011719 206.02139282226562
truck 0.9674708 201.05703735351562 202.041259765625 219.95867919921875 220.95343017578125
cat 0.96007943 8.056241989135742 13.132904052734375 37.01226806640625 41.91633605957031
frog 0.9584578 183.0325469970703 59.04481506347656 201.9977264404297 78.07382202148438
airplane 0.9546418 59.06879425048828 71.94279479980469 96.9905776977539 109.98762512207031
cat 0.9528338 113.03681945800781 59.970314025878906 139.0279541015625 86.0328140258789
dog 0.9525255 144.05870056152344 123.79965209960938 173.00975036621094 153.03842163085938
truck 0.95007837 81.97853088378906 118.1368637084961 107.9259033203125 143.9095458984375
airplane 0.80429983 113.0494155883789 194.0741729736328 132.0172882080078 212.9979705810547
dog 0.43372825 171.0363311767578 94.19004821777344 200.03306579589844 123.02677917480469
bird 0.42973247 171.09779357910156 94.25236511230469 200.1068878173828 123.01101684570312
cat 0.36996508 53.095298767089844 32.180267333984375 88.00916290283203 67.18147277832031
frog 0.36079615 171.0923309326172 94.21553039550781 200.0807647705078 123.00320434570312
ship 0.33921653 113.1275405883789 194.07493591308594 132.0647735595703 213.03126525878906
