automobile 0.9828324 109.99636840820312 190.06434631347656 142.033203125 221.9592742919922
frog 0.9825789 192.06640625 58.087745666503906 214.02542114257812 80.01988983154297
dog 0.9802604 57.0550651550293 137.00839233398438 79.02365112304688 159.01968383789062
ship 0.97741324 143.00404357910156 116.0545883178711 175.0048065185547 148.04287719726562
airplane 0.9765746 18.03564453125 50.00223922729492 36.97715377807617 69.03205108642578
frog 0.9759388 12.025117874145508 200.14666748046875 41.028411865234375 228.9666748046875
airplane 0.97115624 191.0504608154297 185.9901123046875 229.04835510253906 224.03240966796875
truck 0.9687665 18.089208602905273 135.10137939453125 44.00103759765625 161.09793090820312
frog 0.967918 52.018577575683594 95.07768249511719 78.08560943603516 120.98109436035156
deer 0.96686196 13.052722930908203 91.07971954345703 39.10248947143555 117.07817840576172
cat 0.96128374 61.0546875 64.97676849365234 80.07229614257812 84.06310272216797
deer 0.9591936 91.94536590576172 112.14810180664062 126.96810150146484 146.74740600585938
ship 0.89925337 99.07305908203125 21.099641799926758 124.94889831542969 46.88885498046875
ship 0.732723 176.95118713378906 91.18062591552734 208.98582458496094 123.00745391845703
cat 0.6510882 110.06681060791016 155.96533203125 128.9197998046875 174.97732543945312
cat 0.6390762 172.0247344970703 49.998722076416016 190.96839904785156 68.87533569335938
dog 0.4219214 110.06681060791016 155.96533203125 128.9197998046875 174.97732543945312
frog 0.41085508 172.18113708496094 49.9282112121582 190.91944885253906 68.84403991699219
cat 0.33398333 40.03119659423828 168.06997680664062 62.029518127441406 190.04776000976562
bird 0.22756553 176.9040069580078 91.13874053955078 208.97682189941406 123.0167465209961
deer 0.22609928 113.13610076904297 49.10615921020508 131.80953979492188 68.0244140625
