truck 0.9882174 73.99054718017578 133.0318603515625 93.0797348022461 151.9725341796875
deer 0.9821941 158.0823974609375 158.0577392578125 180.06292724609375 180.00997924804688
automobile 0.9810505 104.94903564453125 201.93701171875 136.94398498535156 234.02774047851562
truck 0.9785801 178.12396240234375 17.026470184326172 216.05679321289062 55.02597427368164
truck 0.9736444 187.06954956054688 111.0218505859375 219.04263305664062 143.0674285888672
truck 0.96955717 0.0 49.01477813720703 35.054935455322266 83.98961639404297
ship 0.96905184 207.07876586914062 64.98867797851562 244.94680786132812 102.99838256835938
deer 0.9685675 32.0828857421875 154.048095703125 58.04198455810547 180.02203369140625
ship 0.967399 128.02114868164062 31.091190338134766 160.08016967773438 62.97836685180664
dog 0.9668569 36.600685119628906 109.14715576171875 70.98892211914062 143.91192626953125
airplane 0.9382539 0.0 204.9493408203125 29.046451568603516 233.89730834960938
cat 0.9364619 56.016441345214844 186.08135986328125 78.0854263305664 207.97918701171875
ship 0.9292717 53.10359191894531 1.074843406677246 74.94940185546875 23.112361907958984
deer 0.8857901 44.06031799316406 70.05162811279297 69.9334716796875 96.02295684814453
bird 0.8756366 75.0776138305664 81.00371551513672 106.9071273803711 113.01029205322266
dog 0.8269912 183.09552001953125 210.24481201171875 208.93228149414062 235.91360473632812
frog 0.8155519 102.11506652832031 140.0749053955078 130.97824096679688 169.07481384277344
cat 0.814922 50.01259231567383 211.9486541748047 65.90728759765625 227.9790496826172
airplane 0.52653354 139.063232421875 117.14425659179688 174.0367431640625 151.90740966796875
bird 0.5102788 139.0779266357422 117.10794067382812 174.0979766845703 151.9833984375
airplane 0.38203686 50.01259231567383 211.9486541748047 65.90728759765625 227.9790496826172
dog 0.2395986 44.07386779785156 70.04582214355469 69.9137191772461 95.99537658691406
cat 0.23536375 102.05709075927734 140.06002807617188 130.9981231689453 169.03680419921875
