airplane 0.9899945 178.08209228515625 64.06370544433594 200.02401733398438 86.03253173828125
automobile 0.98851085 119.05381774902344 189.0632781982422 141.01268005371094 210.9941864013672
ship 0.981592 153.1123504638672 129.1273651123047 188.00599670410156 163.9778289794922
bird 0.97885066 92.02071380615234 106.02728271484375 130.11544799804688 144.04278564453125
ship 0.9784875 206.0252227783203 135.05136108398438 234.9410858154297 163.93240356445312
automobile 0.9753971 0.008127212524414062 192.01046752929688 38.010459899902344 230.03482055664062
automobile 0.9741654 212.99256896972656 45.042396545410156 247.9784393310547 79.93255615234375
deer 0.97159255 41.0897102355957 31.096263885498047 63.00210189819336 53.01528549194336
ship 0.9715907 183.0238800048828 211.02430725097656 202.0415802001953 230.00633239746094
deer 0.9696207 148.04527282714844 169.06459045410156 170.06459045410156 191.0738983154297
deer 0.9661157 143.0949249267578 15.953432083129883 175.06776428222656 47.92402648925781
cat 0.9577978 108.21118927001953 58.05510711669922 137.1310272216797 87.0064926147461
ship 0.9499217 167.08277893066406 108.9925765991211 183.0949249267578 125.01067352294922
dog 0.9394984 61.16326141357422 68.11470031738281 87.01958465576172 93.95880126953125
automobile 0.9137097 14.04460334777832 140.16806030273438 52.02436828613281 177.89907836914062
airplane 0.87178355 140.03005981445312 94.04632568359375 166.1199951171875 119.82421875
dog 0.83733237 73.05171966552734 172.12542724609375 110.91382598876953 209.94586181640625
automobile 0.8331697 91.0950698852539 34.014671325683594 113.01647186279297 56.00183868408203
cat 0.44854975 179.93289184570312 32.96720504760742 198.86032104492188 51.974246978759766
bird 0.3523429 179.6741943359375 32.952449798583984 198.9256591796875 52.01981735229492
bird 0.33351308 73.00814056396484 172.1157989501953 111.0157699584961 209.96900939941406
truck 0.24922624 91.11105346679688 34.0289192199707 113.03103637695312 55.9934196472168
dog 0.22244868 179.8834686279297 32.95975112915039 198.8513946533203 51.981693267822266
