bird 0.98326665 214.05935668945312 194.02687072753906 243.02880859375 223.1483612060547
truck 0.9822092 98.29296112060547 9.005813598632812 123.9724349975586 34.97578430175781
deer 0.97553974 174.1031494140625 162.04220581054688 209.09463500976562 196.92498779296875
ship 0.9743189 174.94369506835938 6.9516730308532715 191.06454467773438 22.94341468811035
deer 0.9733865 48.023277282714844 63.17410659790039 83.04027557373047 98.02558898925781
ship 0.9729543 35.09513854980469 158.0827178955078 60.952415466308594 183.96022033691406
ship 0.97219026 115.9940185546875 144.0433349609375 145.08950805664062 173.04568481445312
deer 0.9678285 92.20013427734375 201.04249572753906 127.08830261230469 235.96986389160156
ship 0.96559936 71.03226470947266 1.1127901077270508 93.0761489868164 23.038848876953125
bird 0.944105 210.98114013671875 67.0404052734375 237.08358764648438 93.10685729980469
ship 0.9316598 15.022199630737305 26.078346252441406 33.932960510253906 44.99980163574219
ship 0.90167713 99.09622955322266 101.05303955078125 130.9834442138672 132.980224609375
truck 0.8078817 171.06332397460938 207.0693359375 192.98910522460938 229.0333251953125
frog 0.76174796 147.97695922851562 121.95025634765625 177.0703125 151.10043334960938
frog 0.6199748 175.076416015625 29.12885093688965 209.97601318359375 64.01585388183594
bird 0.5033638 67.03533172607422 200.11253356933594 86.06482696533203 219.0585174560547
cat 0.3964396 67.03533172607422 200.11253356933594 86.06482696533203 219.0585174560547
ship 0.30962867 171.0281524658203 206.98008728027344 192.9761505126953 229.0035858154297
deer 0.29581785 175.11036682128906 29.18730926513672 209.97935485839844 63.9866943359375
dog 0.28109878 148.01841735839844 121.95384979248047 177.03358459472656 151.06491088867188
