truck 0.9894121 80.03981018066406 61.00182342529297 98.94914245605469 80.0056381225586
automobile 0.98481786 101.0535659790039 184.0164337158203 133.03619384765625 215.99070739746094
airplane 0.98320717 4.042289733886719 130.04611206054688 33.010711669921875 159.0189208984375
frog 0.9794295 94.97332000732422 37.93910217285156 111.1135025024414 54.03492736816406
airplane 0.9779673 146.07321166992188 28.077693939208984 175.01455688476562 57.06557846069336
automobile 0.97664297 30.08155632019043 172.0373992919922 65.01903533935547 206.8541717529297
automobile 0.9709414 186.04151916503906 1.0853805541992188 211.9486846923828 27.01976776123047
automobile 0.97002685 47.13880920410156 207.97962951660156 76.09850311279297 237.0514373779297
bird 0.9665103 72.02710723876953 7.07808780670166 94.0473861694336 29.01242446899414
cat 0.96611166 178.10284423828125 200.0029754638672 213.08828735351562 235.0440216064453
bird 0.9462914 162.03411865234375 133.08096313476562 184.02023315429688 155.0736083984375
cat 0.89370644 114.14799499511719 67.21040344238281 151.8053436279297 104.89164733886719
frog 0.86584806 32.081764221191406 51.11824035644531 58.036109924316406 76.98548889160156
automobile 0.6718837 145.04161071777344 187.1048583984375 164.0565643310547 205.94442749023438
frog 0.6445116 94.11568450927734 93.08483123779297 110.0229721069336 109.0120620727539
ship 0.6214147 144.9768524169922 187.18429565429688 164.1361541748047 206.07138061523438
cat 0.5693848 194.081787109375 110.03180694580078 223.02078247070312 139.0237274169922
dog 0.52952963 185.01962280273438 67.14263916015625 213.94073486328125 96.07994079589844
deer 0.5192161 185.02732849121094 67.13841247558594 214.0320281982422 96.04905700683594
dog 0.5185527 194.04266357421875 110.03153228759766 223.02993774414062 138.9722900390625
cat 0.38489783 94.11568450927734 93.08483123779297 110.0229721069336 109.0120620727539
frog 0.22729144 185.02732849121094 67.13841247558594 214.0320281982422 96.04905700683594
dog 0.20861301 94.11568450927734 93.08483123779297 110.0229721069336 109.0120620727539
