ship 0.98997045 208.18104553222656 40.06461715698242 229.9827423095703 61.88584518432617
truck 0.98963386 138.02626037597656 161.0488739013672 157.02964782714844 180.02391052246094
automobile 0.98882246 195.1771697998047 142.09326171875 217.01597595214844 163.90475463867188
airplane 0.9878975 61.05791473388672 197.0491943359375 90.02680206298828 226.02957153320312
dog 0.98164225 43.0268440246582 39.01927947998047 62.26687240600586 57.98121643066406
airplane 0.9796581 9.025003433227539 34.033573150634766 41.048614501953125 65.95782470703125
truck 0.9787463 61.975032806396484 127.02140808105469 99.92839050292969 165.01084899902344
ship 0.96695113 6.041269302368164 209.02735900878906 44.046539306640625 246.94337463378906
frog 0.96503043 185.08685302734375 46.089935302734375 206.95611572265625 67.96968078613281
truck 0.9627757 157.03875732421875 96.96897888183594 192.07479858398438 132.2604217529297
frog 0.95481056 123.25908660888672 22.10143280029297 145.07363891601562 44.07970428466797
automobile 0.94758624 115.94287872314453 109.95653533935547 132.01727294921875 126.01415252685547
bird 0.9260168 29.947431564331055 101.0649185180664 55.93873596191406 127.0451431274414
deer 0.92502177 75.10619354248047 2.1728286743164062 97.0125961303711 24.026151657104492
cat 0.8979095 106.0078125 27.02373504638672 121.94305419921875 42.991302490234375
airplane 0.8235724 213.08116149902344 190.9799041748047 231.97227478027344 210.0175323486328
bird 0.31201738 213.0973358154297 191.0211944580078 232.03428649902344 210.0709686279297
frog 0.23714903 115.93704223632812 109.94554138183594 132.02455139160156 126.03047180175781
