bird 0.9938288 182.06185913085938 23.030494689941406 203.93817138671875 44.99314880371094
deer 0.9867127 106.02741241455078 175.99057006835938 143.99273681640625 214.09390258789062
bird 0.984697 194.02371215820312 132.9485321044922 223.16647338867188 161.98744201660156
airplane 0.9785956 68.06484985351562 155.09278869628906 97.09417724609375 183.98988342285156
automobile 0.97539616 19.911144256591797 75.03120422363281 49.001827239990234 103.25242614746094
ship 0.9741216 185.080322265625 207.1097412109375 220.0113525390625 241.99197387695312
deer 0.9723456 98.00534057617188 108.0304183959961 116.99555969238281 127.1065444946289
frog 0.9675759 29.077802658081055 132.0247802734375 61.09461212158203 164.007080078125
frog 0.95851135 51.105384826660156 27.014062881469727 85.99565887451172 61.906639099121094
deer 0.9581295 147.00978088378906 152.0688018798828 185.07530212402344 189.9596710205078
cat 0.8673185 38.08429718017578 197.05923461914062 57.04564666748047 215.94644165039062
dog 0.86003053 18.077903747558594 105.14947509765625 39.973907470703125 127.15101623535156
deer 0.73868847 156.00146484375 17.92751121520996 175.05972290039062 36.97735595703125
cat 0.62714064 185.9577178955078 94.16262817382812 221.0040740966797 129.1102294921875
cat 0.5673244 66.11763763427734 120.0411605834961 84.94644927978516 138.94810485839844
dog 0.46854234 66.0781478881836 120.0512466430664 85.01961517333984 138.94837951660156
dog 0.4414562 185.99459838867188 94.11618041992188 221.00262451171875 129.12686157226562
cat 0.43168643 104.11080932617188 36.97438049316406 130.00221252441406 63.02781677246094
cat 0.4288382 59.96501159667969 185.05223083496094 82.02098083496094 207.0535430908203
airplane 0.30940607 60.021907806396484 185.07977294921875 82.0198974609375 207.0821533203125
bird 0.22794852 104.11080932617188 36.97438049316406 130.00221252441406 63.02781677246094
deer 0.2077738 104.04736328125 36.884986877441406 130.01364135742188 63.052154541015625
