deer 0.985165 17.055278778076172 213.06353759765625 35.96108627319336 231.99270629882812
automobile 0.9807476 142.9807586669922 86.99295806884766 159.1535186767578 102.90287017822266
cat 0.9781868 29.120391845703125 38.108131408691406 63.8935546875 73.12450408935547
dog 0.977521 59.00776672363281 178.10409545898438 87.96669006347656 207.08041381835938
frog 0.9769931 134.0704803466797 110.97771453857422 162.9897003173828 139.9969482421875
bird 0.9741026 5.114642143249512 83.089111328125 34.035926818847656 111.99819946289062
dog 0.9721426 88.07786560058594 11.04847526550293 123.09001159667969 45.99488830566406
airplane 0.9711511 94.00303649902344 53.110382080078125 123.10250854492188 81.94221496582031
truck 0.97001445 182.04489135742188 209.0402069091797 201.03265380859375 228.0606231689453
airplane 0.96798 174.1035614013672 34.03169631958008 202.97486877441406 63.075496673583984
airplane 0.9664122 133.01809692382812 182.04937744140625 152.01318359375 201.00067138671875
ship 0.9623139 79.10260009765625 110.09078979492188 114.02923583984375 145.1255645751953
truck 0.960524 117.11325073242188 214.09637451171875 146.14251708984375 243.03826904296875
cat 0.9415658 207.01104736328125 169.06459045410156 235.9615478515625 197.82456970214844
airplane 0.93629956 196.04310607910156 86.044921875 221.9851837158203 111.92376708984375
airplane 0.9303002 175.03866577148438 128.29928588867188 210.02841186523438 161.73052978515625
frog 0.8330529 176.0664520263672 171.08628845214844 202.09669494628906 196.97682189941406
dog 0.779729 89.11363220214844 158.08348083496094 108.010498046875 177.05503845214844
cat 0.6976217 210.9548797607422 200.09283447265625 239.9564971923828 228.90505981445312
truck 0.60416174 215.06072998046875 38.96696472167969 246.92608642578125 71.01472473144531
automobile 0.4094637 215.0513153076172 39.0232048034668 246.93382263183594 70.984130859375
frog 0.38809204 210.95938110351562 200.057373046875 239.95855712890625 228.96923828125
bird 0.24001434 176.0906524658203 171.10665893554688 202.0998992919922 196.98507690429688
automobile 0.23337793 89.10298156738281 158.08987426757812 108.03115844726562 177.05630493164062
