truck 0.99093544 53.06349182128906 8.059663772583008 71.86994171142578 26.982770919799805
automobile 0.984568 188.04498291015625 56.060279846191406 210.0244140625 78.03337860107422
deer 0.98322475 14.062100410461426 167.060302734375 36.02055740356445 189.0172119140625
automobile 0.9827642 160.05413818359375 141.0561065673828 178.92608642578125 159.9335174560547
airplane 0.98210466 203.08718872070312 139.09031677246094 238.012939453125 173.92616271972656
deer 0.9808008 45.123321533203125 75.1269302368164 79.82357788085938 109.94654083251953
frog 0.97919893 56.061798095703125 38.12567901611328 87.93608093261719 69.98312377929688
frog 0.97688454 213.9896240234375 50.092830657958984 249.00888061523438 85.09156799316406
frog 0.9768581 121.06735229492188 2.058547019958496 143.07003784179688 23.95119857788086
dog 0.97577614 60.007408142089844 123.02410888671875 85.9888687133789 149.05447387695312
truck 0.97312915 0.9535379409790039 71.00943756103516 23.07015609741211 92.99701690673828
airplane 0.97244334 150.02169799804688 177.02426147460938 182.03689575195312 208.94595336914062
dog 0.95901257 166.04676818847656 100.0470962524414 203.9663848876953 138.26318359375
airplane 0.9462526 100.07694244384766 115.08477020263672 119.01007843017578 134.00209045410156
dog 0.86629343 194.06454467773438 215.09056091308594 229.02841186523438 249.98780822753906
automobile 0.81526136 117.18175506591797 33.229248046875 143.114013671875 58.947723388671875
dog 0.6422174 201.13888549804688 174.9447021484375 226.98300170898438 200.96749877929688
deer 0.6103349 99.05934143066406 168.97573852539062 137.03077697753906 206.9822998046875
bird 0.554627 98.8688735961914 168.93182373046875 136.9423370361328 206.884765625
ship 0.33005273 194.0404815673828 215.09463500976562 229.0404815673828 249.99017333984375
cat 0.31168437 201.1623992919922 174.9513702392578 227.0163116455078 200.9669952392578
