frog 0.98429096 146.064208984375 173.98077392578125 165.00942993164062 193.020263671875
automobile 0.9822534 189.06875610351562 75.09369659423828 227.04840087890625 113.08683013916016
automobile 0.9806913 103.13468170166016 155.96444702148438 131.92630004882812 184.99673461914062
ship 0.97867775 189.05563354492188 174.04949951171875 221.01779174804688 206.06488037109375
truck 0.97746474 7.998022079467773 50.03083801269531 40.02398681640625 81.96525573730469
airplane 0.97260445 111.02238464355469 61.026084899902344 136.9974365234375 87.03485870361328
airplane 0.9642242 146.0419464111328 44.11913299560547 171.94374084472656 69.93331146240234
dog 0.9411745 3.171772003173828 135.9943084716797 41.03132247924805 174.0171356201172
frog 0.9329879 14.048255920410156 202.23582458496094 35.992835998535156 223.8177947998047
cat 0.90448654 213.01377868652344 36.047332763671875 231.9608612060547 55.02850341796875
cat 0.8788029 68.44505310058594 30.06407356262207 103.24638366699219 65.02352905273438
airplane 0.8749576 181.04217529296875 35.0526008605957 200.03445434570312 53.98165512084961
dog 0.8630935 136.07447814941406 214.02574157714844 174.02088928222656 252.0442352294922
ship 0.8593428 79.00916290283203 192.1869354248047 95.0429916381836 207.9790802001953
frog 0.8255478 68.00347137451172 142.08392333984375 90.04288482666016 164.0667724609375
airplane 0.62520605 148.03074645996094 153.02960205078125 164.0351104736328 169.16677856445312
frog 0.55517805 148.06109619140625 153.01593017578125 164.01702880859375 169.14462280273438
deer 0.5307822 156.05783081054688 94.03780364990234 185.0819091796875 123.07613372802734
truck 0.3893311 77.20111846923828 171.95126342773438 96.04271697998047 191.02182006835938
truck 0.34834942 181.0186767578125 35.05170822143555 200.13705444335938 53.93730545043945
deer 0.3014008 22.032386779785156 100.99163818359375 41.001644134521484 120.02407836914062
ship 0.2923228 77.10445404052734 172.2127685546875 95.9160385131836 191.62643432617188
airplane 0.29071057 78.9883804321289 192.2317657470703 94.98870086669922 207.94627380371094
cat 0.2734933 77.10445404052734 172.2127685546875 95.9160385131836 191.62643432617188
automobile 0.22901142 77.10445404052734 172.2127685546875 95.9160385131836 191.62643432617188
cat 0.22829503 67.95854187011719 142.05752563476562 90.06809997558594 163.99734497070312
frog 0.2120103 77.10445404052734 172.2127685546875 95.9160385131836 191.62643432617188
cat 0.204335 136.11500549316406 214.0570068359375 174.1645050048828 252.01541137695312
