automobile 0.9867947 98.04759216308594 48.061119079589844 120.01493835449219 70.09329223632812
airplane 0.9853766 154.0056915283203 137.06924438476562 176.0322723388672 159.09298706054688
truck 0.9841881 22.099159240722656 27.916404724121094 47.79981994628906 53.935935974121094
frog 0.98345447 139.0836944580078 39.024261474609375 170.99293518066406 70.97578430175781
airplane 0.98108935 204.09471130371094 5.92735481262207 236.04612731933594 38.04265594482422
bird 0.9784011 101.10342407226562 165.06809997558594 123.06517028808594 187.0315399169922
deer 0.9771863 184.02764892578125 135.11398315429688 206.01611328125 157.00567626953125
cat 0.9760792 107.04654693603516 17.933429718017578 129.0291290283203 39.93416976928711
automobile 0.97575337 3.101856231689453 72.98613739013672 38.04732131958008 108.06096649169922
truck 0.9713982 100.03601837158203 198.94935607910156 137.83604431152344 237.07469177246094
dog 0.96954465 213.07510375976562 172.0201416015625 242.01168823242188 200.95361328125
airplane 0.9654894 191.11671447753906 63.03297424316406 228.9871368408203 100.97846984863281
ship 0.9572536 149.00146484375 174.0513916015625 170.95974731445312 196.03665161132812
automobile 0.94203866 142.02090454101562 200.03350830078125 179.99237060546875 237.99520874023438
dog 0.8532853 38.21360778808594 181.2969970703125 75.86260223388672 218.8857421875
dog 0.7207428 78.00247955322266 120.95133972167969 107.00977325439453 150.0967254638672
airplane 0.71947896 36.99869155883789 134.99546813964844 63.082332611083984 160.9528350830078
cat 0.672558 41.99595260620117 163.9931640625 58.03952407836914 179.86105346679688
frog 0.42249605 41.99595260620117 163.9931640625 58.03952407836914 179.86105346679688
cat 0.41406232 37.02660369873047 134.9786834716797 63.033714294433594 160.9927215576172
