ship 0.9884738 98.08125305175781 99.11156463623047 119.97865295410156 121.00287628173828
deer 0.9825228 203.00115966796875 208.0271759033203 238.04507446289062 243.0248260498047
automobile 0.98097277 29.11749267578125 118.07362365722656 47.972862243652344 137.00157165527344
dog 0.9782424 192.07470703125 104.05281066894531 229.98419189453125 141.95188903808594
automobile 0.9758421 87.95004272460938 157.07078552246094 119.99842834472656 189.02659606933594
automobile 0.9742116 155.09739685058594 205.31015014648438 189.80519104003906 239.82696533203125
automobile 0.9730719 44.149131774902344 42.1939811706543 70.06220245361328 68.04421997070312
ship 0.97300315 55.02512741088867 193.05528259277344 80.96406555175781 218.9657440185547
ship 0.9656475 160.0311279296875 22.03447723388672 186.07977294921875 48.14720153808594
bird 0.9602564 59.09113311767578 73.04349517822266 94.07366180419922 108.00301361083984
cat 0.9456929 42.095855712890625 142.0037841796875 61.03180694580078 160.99127197265625
frog 0.9279201 142.14059448242188 168.00750732421875 176.9639892578125 203.14010620117188
frog 0.7962431 27.040325164794922 20.047502517700195 46.06425094604492 39.025054931640625
cat 0.7210546 190.04998779296875 52.027259826660156 208.88046264648438 71.02226257324219
airplane 0.6251352 145.05142211914062 86.91036987304688 164.016845703125 105.97396850585938
automobile 0.5846118 117.16232299804688 73.12100982666016 136.04937744140625 91.94628143310547
truck 0.56887853 117.06288146972656 73.0295181274414 136.00820922851562 92.03852081298828
cat 0.5441005 154.9508819580078 52.99481964111328 187.06629943847656 85.15853118896484
automobile 0.53009194 215.04510498046875 22.07622528076172 250.12811279296875 57.069000244140625
bird 0.41859373 145.10467529296875 87.03855895996094 163.94158935546875 105.99162292480469
cat 0.29960707 6.090110778808594 100.13472747802734 25.085227966308594 119.02513885498047
truck 0.2728427 215.08218383789062 22.06861686706543 250.11428833007812 57.01154327392578
deer 0.26840308 145.1007537841797 86.9208755493164 163.90357971191406 105.9519271850586
automobile 0.24901229 190.1019744873047 52.12237548828125 208.9220733642578 71.03308868408203
truck 0.24690622 154.98934936523438 53.00654602050781 187.08688354492188 85.23310852050781
ship 0.24508423 215.07391357421875 22.07109260559082 250.16876220703125 57.05194091796875
bird 0.2411269 6.008363723754883 100.10771942138672 24.939001083374023 119.0457992553711
dog 0.2159363 190.0792999267578 52.18332290649414 208.9514617919922 71.00249481201172
frog 0.21032879 145.0762176513672 86.90049743652344 164.01124572753906 105.99905395507812
bird 0.207566 27.065601348876953 20.06199836730957 46.11293411254883 38.94779968261719
