deer 0.98417526 19.149072647094727 73.01990509033203 47.81593322753906 102.16956329345703
bird 0.9805833 208.0333709716797 208.06919860839844 240.11619567871094 240.0550079345703
automobile 0.97565734 11.117839813232422 205.92691040039062 40.12189865112305 234.88125610351562
deer 0.9733374 9.883614540100098 153.87942504882812 29.01053237915039 172.98077392578125
bird 0.97113585 195.96917724609375 4.019256591796875 231.00180053710938 39.02406311035156
automobile 0.97049606 147.96070861816406 46.08552551269531 174.01148986816406 71.9692153930664
frog 0.95677423 153.18736267089844 187.0133514404297 172.01451110839844 205.99501037597656
frog 0.95137775 58.054359436035156 84.03611755371094 74.04407501220703 100.03193664550781
truck 0.93468463 73.96808624267578 50.0066032409668 99.9906234741211 75.96322631835938
cat 0.9150306 40.0117301940918 103.97840881347656 55.95668411254883 119.93896484375
dog 0.9060565 103.15153503417969 152.07435607910156 137.96884155273438 186.9128875732422
airplane 0.9010145 27.087478637695312 2.182788848876953 56.019073486328125 31.055599212646484
frog 0.88422036 64.15217590332031 133.90158081054688 102.04228210449219 172.11456298828125
automobile 0.8426473 31.00798797607422 51.08517074584961 47.01905822753906 66.98629760742188
truck 0.7550583 126.08118438720703 84.1382064819336 155.01438903808594 113.00531768798828
cat 0.69485646 179.00978088378906 156.0244598388672 195.0786895751953 171.97633361816406
frog 0.5956763 147.9241943359375 17.996673583984375 164.042724609375 34.04297637939453
deer 0.5289544 121.02057647705078 38.10779571533203 147.20620727539062 63.98328399658203
cat 0.49512354 121.0986328125 38.042144775390625 147.2003173828125 63.90045928955078
cat 0.47970256 147.9241943359375 17.996673583984375 164.042724609375 34.04297637939453
dog 0.45326138 203.09381103515625 46.09916687011719 225.00152587890625 68.03807067871094
airplane 0.3731053 203.0926055908203 46.136478424072266 225.0168914794922 68.04022216796875
airplane 0.35346156 126.15816497802734 84.08617401123047 155.06808471679688 112.9617691040039
ship 0.21366361 31.009613037109375 51.075096130371094 47.013771057128906 67.00418090820312
dog 0.2109443 121.02057647705078 38.10779571533203 147.20620727539062 63.98328399658203
