bird 0.9934787 99.17720794677734 14.043057441711426 121.02686309814453 35.985958099365234
truck 0.9921956 99.98185729980469 53.05742263793945 119.01753234863281 72.01958465576172
truck 0.9842348 14.01129150390625 118.109130859375 46.01758575439453 150.01748657226562
deer 0.9840677 138.07125854492188 2.0259885787963867 159.96261596679688 23.92398452758789
dog 0.9810275 111.03781127929688 174.12840270996094 133.00689697265625 196.0143585205078
ship 0.98101604 77.03772735595703 216.03036499023438 115.04265594482422 254.216796875
ship 0.9788742 53.057411193847656 46.98278045654297 71.94261169433594 66.034912109375
truck 0.9702921 75.11608123779297 104.06106567382812 97.02448272705078 125.99795532226562
automobile 0.9698293 171.9869384765625 172.02334594726562 198.04278564453125 197.97149658203125
bird 0.968375 109.01068878173828 104.01657104492188 143.96493530273438 139.01487731933594
frog 0.9675918 206.00157165527344 66.05830383300781 224.99803161621094 85.04420471191406
cat 0.965411 21.01978302001953 173.03599548339844 55.89338684082031 207.91648864746094
deer 0.9484216 152.04177856445312 106.06954956054688 178.01309204101562 131.9295654296875
cat 0.9287181 8.087629318237305 68.12725067138672 42.91205596923828 103.0619125366211
dog 0.83827376 127.0760726928711 145.04550170898438 149.07821655273438 167.02362060546875
truck 0.67819947 129.05169677734375 212.13473510742188 154.99935913085938 238.10833740234375
dog 0.33310574 129.05169677734375 212.13473510742188 154.99935913085938 238.10833740234375
automobile 0.27146262 129.05169677734375 212.13473510742188 154.99935913085938 238.10833740234375
cat 0.23216468 127.11726379394531 145.0718536376953 149.08921813964844 167.08253479003906
