truck 0.9909196 43.10524368286133 174.03591918945312 62.057254791259766 193.08074951171875
deer 0.9904141 215.09658813476562 116.07685089111328 237.00936889648438 138.0391082763672
ship 0.9864136 107.10581970214844 100.00325012207031 123.01373291015625 116.01034545898438
airplane 0.9843569 177.05738830566406 70.04157257080078 199.0543975830078 92.02469635009766
deer 0.9822634 211.10496520996094 177.0284423828125 230.0253448486328 195.95401000976562
deer 0.9760879 63.06923294067383 95.04449462890625 92.015625 123.99305725097656
deer 0.9739477 145.0094757080078 83.07959747314453 171.0578155517578 108.8266372680664
ship 0.9706073 153.04226684570312 137.0192413330078 172.00582885742188 156.0016632080078
airplane 0.96983844 152.03713989257812 188.032470703125 170.97976684570312 207.12652587890625
dog 0.96807337 123.09761047363281 127.0263671875 145.08412170410156 149.05859375
bird 0.96293914 6.082740783691406 81.08250427246094 41.01474380493164 116.08351135253906
automobile 0.95947725 38.03730773925781 215.0184783935547 75.96229553222656 253.2012481689453
airplane 0.9530004 179.9282989501953 179.0096435546875 206.0862274169922 205.14620971679688
ship 0.92759746 91.06188201904297 14.027629852294922 109.96956634521484 33.035614013671875
cat 0.9028404 2.0111236572265625 34.33409118652344 36.34702682495117 68.97154235839844
cat 0.85535574 215.1321258544922 52.03208923339844 247.0586395263672 83.96043395996094
dog 0.82498604 0.05107879638671875 199.93577575683594 30.87445640563965 231.85777282714844
deer 0.73555523 182.04428100585938 143.05528259277344 207.94485473632812 169.0620880126953
truck 0.3287931 118.07975006103516 152.02328491210938 136.8935089111328 170.832275390625
automobile 0.2588873 118.07975006103516 152.02328491210938 136.8935089111328 170.832275390625
cat 0.22611535 182.00399780273438 142.93576049804688 207.97463989257812 169.07431030273438
airplane 0.22222126 118.08441162109375 152.04757690429688 136.93544006347656 170.81430053710938
