deer 0.98683834 138.02169799804688 27.120609283447266 169.97006225585938 59.09324264526367
automobile 0.9859238 138.03916931152344 127.09661102294922 173.0475311279297 162.03936767578125
ship 0.9816319 161.9967803955078 174.0242462158203 193.89076232910156 206.0352325439453
truck 0.9813018 68.06511688232422 2.175724983215332 96.9808578491211 31.050128936767578
dog 0.97825867 13.03194522857666 80.15428161621094 35.00625991821289 102.04800415039062
dog 0.97685933 49.95598602294922 180.0576934814453 79.25122833251953 208.99061584472656
deer 0.97549254 179.0525665283203 4.925565719604492 217.04722595214844 42.97077941894531
automobile 0.973459 161.05010986328125 83.13578033447266 190.05126953125 111.83370208740234
bird 0.971801 105.99929809570312 79.10719299316406 137.9430694580078 110.98788452148438
automobile 0.9632157 0.0 213.00103759765625 22.056705474853516 235.02072143554688
bird 0.95785934 203.06353759765625 83.03681945800781 238.02874755859375 117.97665405273438
dog 0.9530799 91.14371490478516 136.13331604003906 120.06729888916016 165.0708770751953
cat 0.94478357 83.97535705566406 176.04489135742188 105.91868591308594 198.02587890625
cat 0.9320359 209.0140380859375 176.05902099609375 225.06838989257812 191.91302490234375
deer 0.92518485 53.017616271972656 68.15179443359375 85.1413345336914 99.96066284179688
truck 0.921423 207.13294982910156 49.03427505493164 236.0319061279297 77.98564910888672
cat 0.8169184 0.8696727752685547 141.0296630859375 27.00758934020996 167.02899169921875
dog 0.6421962 143.08261108398438 3.0874290466308594 161.98654174804688 22.01689338684082
frog 0.34530166 143.0885772705078 3.0719852447509766 162.0165252685547 22.023330688476562
dog 0.2954406 0.8696727752685547 141.0296630859375 27.00758934020996 167.02899169921875
frog 0.22927108 53.0074462890625 68.17817687988281 85.14801025390625 99.95384216308594
bird 0.2082459 143.0786590576172 2.9914913177490234 162.08970642089844 21.995149612426758
