ship 0.98960924 50.00894546508789 5.037751197814941 68.97032928466797 23.961383819580078
automobile 0.987602 150.02793884277344 16.03093719482422 169.08277893066406 35.03969192504883
dog 0.9859873 59.053855895996094 120.09999084472656 77.7248306274414 139.00282287597656
truck 0.98312104 105.97386169433594 205.04107666015625 135.09934997558594 233.98690795898438
airplane 0.98119915 79.0447006225586 103.0757064819336 101.03717803955078 124.99964141845703
cat 0.9728707 73.02392578125 39.00969314575195 107.78764343261719 73.96815490722656
dog 0.97057307 36.039390563964844 73.06172180175781 65.07014465332031 101.97080993652344
cat 0.9700645 194.11276245117188 56.19013977050781 219.9796142578125 82.01649475097656
dog 0.96892023 212.0636749267578 178.0974884033203 243.98411560058594 209.95372009277344
bird 0.9678979 165.08651733398438 127.07539367675781 194.10882568359375 156.05226135253906
dog 0.95285726 5.046787261962891 206.11068725585938 33.99863052368164 234.92803955078125
frog 0.95124376 164.00393676757812 61.024078369140625 180.03482055664062 76.98272705078125
truck 0.90585077 134.0121612548828 75.09998321533203 160.06385803222656 101.03612518310547
airplane 0.87502134 53.050315856933594 196.12384033203125 85.03411102294922 228.02749633789062
frog 0.8110186 185.96241760253906 181.96131896972656 202.06764221191406 198.01170349121094
ship 0.8052529 131.04771423339844 184.0088653564453 147.03038024902344 199.97007751464844
deer 0.6001935 208.08128356933594 3.0136280059814453 239.94627380371094 35.11677551269531
bird 0.50905305 208.08128356933594 3.0136280059814453 239.94627380371094 35.11677551269531
truck 0.43372905 131.04005432128906 184.02870178222656 147.0652618408203 199.9517059326172
