automobile 0.98735046 38.04892349243164 193.07485961914062 57.019222259521484 211.95794677734375
ship 0.985818 115.07524108886719 188.12103271484375 137.0251922607422 210.0037841796875
deer 0.985167 105.0563735961914 0.9762802124023438 123.99349212646484 19.999774932861328
ship 0.98384225 151.02621459960938 120.06566619873047 180.05587768554688 149.02720642089844
bird 0.9828148 171.08343505859375 61.14183807373047 199.93359375 89.97367095947266
deer 0.98031425 40.081756591796875 53.04832458496094 75.02317810058594 87.84013366699219
frog 0.9796083 113.01734924316406 47.03181457519531 151.0037384033203 85.09931945800781
bird 0.979522 79.9969482421875 91.96672058105469 99.00779724121094 111.1016845703125
bird 0.9789989 172.0563201904297 158.01776123046875 204.0629425048828 189.97073364257812
cat 0.978185 206.0083770751953 105.23489379882812 224.97975158691406 124.0355224609375
frog 0.9698817 97.11927795410156 143.04139709472656 131.9920196533203 178.0731658935547
airplane 0.9319386 211.10440063476562 135.97775268554688 230.02880859375 154.99334716796875
frog 0.913213 33.033447265625 102.03187561035156 52.01232147216797 121.06584167480469
truck 0.87456137 193.0535125732422 194.01092529296875 227.9817352294922 228.94894409179688
dog 0.81198126 6.969158172607422 211.13682556152344 36.13352966308594 239.9815216064453
deer 0.8003876 56.00294494628906 89.05567932128906 77.93853759765625 110.96316528320312
frog 0.7850288 51.012359619140625 152.99411010742188 67.05770874023438 169.0494384765625
automobile 0.7739798 20.357341766357422 18.49315071105957 52.03690719604492 47.42292022705078
cat 0.7401482 191.00592041015625 27.05270767211914 223.0091552734375 58.95700454711914
airplane 0.39335603 55.98169708251953 89.06359100341797 77.96019744873047 111.14228057861328
dog 0.38702035 190.9854736328125 27.06682586669922 223.03384399414062 58.92152404785156
frog 0.3671133 213.08084106445312 68.05180358886719 239.01583862304688 93.95710754394531
cat 0.31160998 51.00545883178711 153.0200653076172 67.0280532836914 169.04344177246094
truck 0.26739606 213.08084106445312 68.05180358886719 239.01583862304688 93.95710754394531
bird 0.25106478 33.00556182861328 102.0216064453125 52.02245330810547 121.14082336425781
dog 0.23585322 213.15321350097656 68.03458404541016 239.0558624267578 93.93407440185547
cat 0.22548428 6.987701416015625 211.14332580566406 36.15098571777344 239.9726104736328
