deer 0.98950446 203.0421600341797 134.98886108398438 238.0369110107422 169.97430419921875
deer 0.9846026 97.03811645507812 53.97845458984375 116.04850769042969 73.04745483398438
frog 0.9830025 157.11289978027344 125.0550765991211 188.9065704345703 156.92816162109375
deer 0.9820539 114.04788970947266 161.00587463378906 136.0150604248047 183.01829528808594
bird 0.9818678 171.06727600097656 86.0689697265625 196.9221649169922 111.91372680664062
dog 0.981488 151.1172637939453 214.055419921875 185.96083068847656 249.01434326171875
frog 0.9789272 27.110240936279297 76.01666259765625 49.01681137084961 98.04913330078125
deer 0.9781229 117.18199920654297 89.03166198730469 143.08856201171875 115.06690979003906
deer 0.978114 188.04843139648438 52.106224060058594 206.96011352539062 71.01261138916016
dog 0.9682921 137.0901641845703 23.19927978515625 171.96913146972656 57.74616241455078
dog 0.9652124 29.992412567138672 192.9622039794922 56.02458572387695 219.01747131347656
dog 0.9637725 4.031826019287109 33.016204833984375 36.01128005981445 65.07038879394531
deer 0.9636728 69.14012145996094 177.04830932617188 95.0445556640625 203.040771484375
dog 0.9556838 72.1006088256836 111.23587799072266 100.88689422607422 139.97401428222656
frog 0.93531066 103.05934143066406 116.1251449584961 119.00347900390625 131.91798400878906
automobile 0.8956139 131.0568084716797 59.141845703125 157.02613830566406 85.09500122070312
automobile 0.8868101 66.0902328491211 5.098577499389648 91.93207550048828 31.026742935180664
airplane 0.8003993 134.02841186523438 214.9810028076172 150.02481079101562 231.0446319580078
cat 0.79818887 208.10598754882812 36.052589416503906 223.97210693359375 51.894386291503906
ship 0.2850492 134.063720703125 214.97549438476562 149.99847412109375 231.060791015625
dog 0.24917132 208.0478515625 36.03528594970703 223.98294067382812 51.979408264160156
