ship 0.9892152 170.01199340820312 13.07055950164795 192.00128173828125 35.09505844116211
airplane 0.9847646 46.068450927734375 102.17074584960938 81.12462615966797 137.0548553466797
automobile 0.98269534 144.99517822265625 140.077392578125 180.01113891601562 175.06253051757812
automobile 0.98036325 80.04112243652344 61.0703010559082 102.0513916015625 83.08465576171875
dog 0.9780469 159.0511016845703 201.04591369628906 187.9869842529297 229.97068786621094
frog 0.9769329 207.04730224609375 113.02558135986328 226.07711791992188 132.0363006591797
truck 0.97676843 3.0693359375 181.05978393554688 35.15279006958008 213.05282592773438
deer 0.9736285 120.1112060546875 108.00348663330078 138.9703369140625 127.04711151123047
dog 0.97037274 52.021026611328125 17.02950096130371 90.02859497070312 55.036163330078125
cat 0.9628379 55.023563385009766 212.0660858154297 92.99969482421875 249.9935760498047
dog 0.9610442 38.108768463134766 160.99685668945312 63.96601486206055 187.01263427734375
bird 0.9583235 104.08069610595703 141.11390686035156 133.03651428222656 169.97218322753906
bird 0.95642513 84.05583190917969 101.92233276367188 118.96333312988281 136.93936157226562
cat 0.9167625 126.06815338134766 176.01756286621094 154.97911071777344 205.0787811279297
dog 0.7747953 79.07394409179688 175.05026245117188 111.0782470703125 207.17446899414062
dog 0.640258 12.10731029510498 54.100345611572266 33.99655532836914 76.07840728759766
dog 0.5758508 5.077744483947754 126.08808135986328 21.01538848876953 142.02569580078125
cat 0.42014438 5.069381237030029 126.06476593017578 21.01617431640625 142.04522705078125
cat 0.37346214 12.076541900634766 54.091766357421875 33.99903106689453 76.05538940429688
cat 0.25357944 79.07516479492188 175.10621643066406 111.0826416015625 207.24696350097656
airplane 0.23339868 188.0332489013672 157.98606872558594 203.9231719970703 173.96046447753906
cat 0.20600125 180.92181396484375 37.08613586425781 197.12506103515625 53.09412384033203
