ship 0.98038435 67.06595611572266 82.03559875488281 85.98212432861328 101.05412292480469
truck 0.9789631 75.99282836914062 108.00909423828125 111.04986572265625 142.98094177246094
deer 0.9776646 209.96389770507812 160.975341796875 247.81716918945312 199.07833862304688
ship 0.9773147 9.058822631835938 11.124517440795898 46.98371124267578 48.93170166015625
deer 0.97596425 7.079252243041992 196.9977569580078 39.07964324951172 229.0125274658203
truck 0.97418976 89.00144958496094 54.05323791503906 124.01335144042969 89.10658264160156
automobile 0.96859276 145.013671875 9.01756763458252 170.78775024414062 34.9470329284668
dog 0.9636237 172.0744171142578 42.062896728515625 207.0164337158203 77.0582275390625
deer 0.95946467 19.989303588867188 163.01785278320312 36.04393005371094 179.05267333984375
truck 0.95089424 58.059730529785156 206.12542724609375 79.91252899169922 228.066650390625
cat 0.9349196 209.0849151611328 31.08079719543457 244.08018493652344 66.0036392211914
frog 0.92111915 165.1273193359375 140.01348876953125 202.95892333984375 178.07464599609375
dog 0.8971555 175.22891235351562 99.02954864501953 209.90676879882812 133.9722900390625
deer 0.8910618 90.0014877319336 24.069385528564453 118.94107818603516 53.0421028137207
cat 0.87694764 210.9965362548828 113.08261108398438 240.0574493408203 142.0086212158203
dog 0.6760125 159.0193328857422 200.064453125 178.0023651123047 219.03167724609375
frog 0.67339516 127.0987548828125 140.118896484375 148.98275756835938 162.02700805664062
deer 0.45463046 26.063297271728516 80.09135437011719 48.00801467895508 102.00831604003906
bird 0.40892816 159.04043579101562 200.02584838867188 177.96804809570312 219.0703125
cat 0.34679952 26.063297271728516 80.09135437011719 48.00801467895508 102.00831604003906
frog 0.33973745 26.075759887695312 80.08120727539062 48.02275848388672 102.01272583007812
dog 0.25852937 127.13631439208984 140.17529296875 148.90052795410156 162.09756469726562
dog 0.22950664 89.98511505126953 23.95913314819336 118.98688507080078 53.03001022338867
cat 0.20368046 127.13631439208984 140.17529296875 148.90052795410156 162.09756469726562
