bird 0.99226123 190.0104522705078 196.05699157714844 211.9885711669922 217.99168395996094
truck 0.9893128 8.033714294433594 3.1420440673828125 30.071910858154297 25.027278900146484
bird 0.98312443 66.07609558105469 156.9529571533203 92.01161193847656 183.10292053222656
truck 0.9797933 18.05475425720215 62.04707336425781 53.083641052246094 97.03103637695312
automobile 0.9795489 24.05666160583496 126.07954406738281 61.999595642089844 164.03575134277344
bird 0.9793469 107.0537338256836 7.048189163208008 136.02281188964844 35.878379821777344
frog 0.97913027 130.07833862304688 39.01220703125 164.970458984375 73.79985809326172
bird 0.9763212 90.07831573486328 42.060333251953125 111.97298431396484 64.08195495605469
ship 0.97585183 215.0215301513672 170.04800415039062 250.0705108642578 205.03640747070312
frog 0.967775 185.96824645996094 99.00154876708984 202.03504943847656 114.99825286865234
frog 0.9619637 154.18966674804688 171.06764221191406 186.01025390625 203.03468322753906
airplane 0.93077856 0.964447021484375 159.13671875 20.02027130126953 178.02508544921875
truck 0.9236618 66.07877349853516 187.98690795898438 95.08765411376953 217.02142333984375
automobile 0.92077816 93.98806762695312 126.98210144042969 119.96910095214844 153.02687072753906
cat 0.83354926 200.78994750976562 120.00894927978516 238.95773315429688 157.9683837890625
airplane 0.77281517 125.06326293945312 123.97793579101562 151.04336547851562 150.05902099609375
dog 0.4422668 201.11610412597656 120.02854919433594 239.11720275878906 158.00502014160156
bird 0.3351786 184.1634063720703 47.13746643066406 203.1469268798828 66.04945373535156
bird 0.31836075 125.06326293945312 123.97793579101562 151.04336547851562 150.05902099609375
