automobile 0.9910276 138.05911254882812 132.13417053222656 160.01092529296875 154.0449981689453
ship 0.9888557 39.05337905883789 192.99671936035156 58.038333892822266 212.03700256347656
truck 0.98356485 56.09784698486328 66.02757263183594 90.97522735595703 100.88400268554688
ship 0.9806167 51.97313690185547 116.02387237548828 87.00952911376953 151.05328369140625
truck 0.9789921 173.0247802734375 108.09892272949219 207.97555541992188 143.12460327148438
dog 0.9789037 153.97860717773438 28.965003967285156 173.01925659179688 47.937110900878906
ship 0.9678583 83.06736755371094 12.013604164123535 109.01800537109375 37.98880386352539
airplane 0.96653765 19.12332534790039 28.083187103271484 40.97771453857422 49.98563003540039
deer 0.9546104 44.016056060791016 152.8687744140625 76.01414489746094 185.02920532226562
cat 0.943668 201.0256805419922 56.11306381225586 236.0471649169922 91.06027221679688
cat 0.9169899 182.05409240722656 8.060683250427246 201.00962829589844 27.061565399169922
automobile 0.8793377 147.9852294921875 177.99940490722656 186.07376098632812 215.9111785888672
cat 0.8119657 104.03580474853516 114.07658386230469 132.91383361816406 143.05235290527344
ship 0.7808285 203.0751190185547 148.94757080078125 237.98997497558594 184.03628540039062
cat 0.65610653 104.96025085449219 195.06256103515625 133.99713134765625 223.92849731445312
airplane 0.6464647 33.04638671875 215.9998321533203 55.01600646972656 238.0081329345703
cat 0.6154933 206.0810089111328 194.02870178222656 232.09422302246094 219.99522399902344
truck 0.5665146 33.023963928222656 216.02268981933594 55.04607391357422 238.00489807128906
bird 0.51980305 158.0531005859375 65.07206726074219 186.97763061523438 93.98333740234375
frog 0.41952777 105.00717163085938 195.05795288085938 134.02407836914062 223.95321655273438
bird 0.40560693 169.0353240966797 155.02108764648438 184.9453887939453 170.99343872070312
frog 0.37596488 169.04464721679688 155.02723693847656 184.97799682617188 171.0269317626953
deer 0.33841667 169.05459594726562 155.0290985107422 184.97210693359375 171.00596618652344
dog 0.33262235 158.00143432617188 65.06842041015625 187.01190185546875 93.95840454101562
bird 0.29992163 206.0810089111328 194.02870178222656 232.09422302246094 219.99522399902344
deer 0.23796263 158.0531005859375 65.07206726074219 186.97763061523438 93.98333740234375
ship 0.23166701 169.05459594726562 155.0290985107422 184.97210693359375 171.00596618652344
cat 0.22682983 158.0531005859375 65.07206726074219 186.97763061523438 93.98333740234375
airplane 0.21246538 203.10848999023438 148.92535400390625 238.02047729492188 183.9307861328125
dog 0.20675477 181.9566192626953 8.168394088745117 200.9279327392578 27.11141014099121
deer 0.2031061 104.02125549316406 114.04322814941406 132.9049835205078 143.00096130371094
