airplane 0.9872075 138.96014404296875 74.10504150390625 167.9476318359375 102.99142456054688
truck 0.98399925 150.07269287109375 109.10069274902344 169.07464599609375 128.02488708496094
airplane 0.983501 18.022109985351562 160.04359436035156 37.02263259887695 178.96971130371094
bird 0.97838604 10.008169174194336 203.04122924804688 47.969642639160156 240.97586059570312
dog 0.97352064 188.1344757080078 16.125883102416992 216.91001892089844 44.9251708984375
bird 0.9733174 215.031494140625 103.06301879882812 246.98828125 135.00234985351562
truck 0.970857 127.06846618652344 13.040925979614258 164.88658142089844 51.110809326171875
dog 0.9705713 106.21642303466797 92.02938079833984 127.81401824951172 113.95470428466797
dog 0.9670702 156.02975463867188 202.04385375976562 191.08108520507812 236.97683715820312
bird 0.963534 69.13800811767578 99.02279663085938 101.1008071899414 130.95989990234375
cat 0.9246459 44.05548858642578 144.10215759277344 70.10527801513672 170.01914978027344
cat 0.6816899 6.137266159057617 7.092596054077148 28.02592658996582 29.041208267211914
cat 0.65357983 167.0321807861328 144.0084686279297 186.1100311279297 163.00547790527344
truck 0.5758078 172.98117065429688 107.10148620605469 207.858154296875 141.96176147460938
bird 0.5688365 194.1693878173828 161.12677001953125 219.92762756347656 186.94674682617188
cat 0.55176044 136.96466064453125 183.0449981689453 152.9661865234375 199.04234313964844
ship 0.51428896 172.98117065429688 107.10148620605469 207.858154296875 141.96176147460938
frog 0.498618 194.3173370361328 161.00765991210938 219.8667449951172 186.94772338867188
deer 0.48635823 136.98382568359375 183.03395080566406 153.00228881835938 199.04359436035156
bird 0.41437086 49.01498794555664 179.9650115966797 64.94281005859375 195.99012756347656
airplane 0.32494533 173.1182403564453 107.0667724609375 207.84934997558594 142.14671325683594
dog 0.31580347 6.0897626876831055 7.100095748901367 27.945087432861328 28.966218948364258
dog 0.25920328 49.01498794555664 179.9650115966797 64.94281005859375 195.99012756347656
cat 0.24692124 49.01498794555664 179.9650115966797 64.94281005859375 195.99012756347656
