frog 0.9862991 160.0785675048828 73.08979797363281 182.0225067138672 95.04586791992188
frog 0.9829035 62.01674270629883 21.946365356445312 78.06735229492188 38.04277801513672
frog 0.9825746 90.03275299072266 199.05491638183594 118.99063873291016 227.94593811035156
automobile 0.98179114 60.01005935668945 64.01561737060547 79.04944610595703 83.02387237548828
frog 0.9811276 72.0513916015625 117.0995864868164 93.95796203613281 138.9618682861328
dog 0.97998226 144.10459899902344 144.10665893554688 165.97364807128906 166.02157592773438
dog 0.97829187 208.02183532714844 212.0152587890625 237.02757263183594 240.99038696289062
bird 0.97801554 19.994327545166016 35.255523681640625 48.98422622680664 63.92315673828125
frog 0.9775664 47.00361251831055 210.03643798828125 78.98751831054688 242.05224609375
ship 0.9740697 207.11358642578125 44.05409240722656 236.02841186523438 72.97428131103516
truck 0.9728515 106.10530090332031 53.985511779785156 125.02461242675781 73.0578842163086
truck 0.97171843 139.9697723388672 33.0211067199707 169.05897521972656 61.96633529663086
automobile 0.97080207 134.09033203125 167.14419555664062 172.07958984375 204.83111572265625
ship 0.97048914 12.114885330200195 176.8529052734375 38.032630920410156 202.88363647460938
ship 0.96471846 210.0638427734375 126.03838348388672 235.98236083984375 151.96304321289062
cat 0.9523574 169.0030975341797 106.00955200195312 200.98097229003906 137.9986114501953
airplane 0.94845164 16.064224243164062 7.034163475036621 41.933837890625 33.00405502319336
dog 0.6843665 16.02969741821289 126.09075927734375 35.07219314575195 144.88967895507812
ship 0.6498025 214.01136779785156 1.9828414916992188 229.9967498779297 17.99095344543457
airplane 0.42188734 213.9959716796875 1.9100847244262695 230.05349731445312 18.086448669433594
cat 0.36991027 16.02969741821289 126.09075927734375 35.07219314575195 144.88967895507812
