automobile 0.9888594 212.05929565429688 66.02651977539062 233.95602416992188 87.9615478515625
automobile 0.9876506 64.08427429199219 105.99671173095703 82.99044799804688 124.93277740478516
automobile 0.98284656 127.05453491210938 181.0977325439453 159.0164794921875 213.12474060058594
deer 0.9826335 40.09376525878906 62.051273345947266 72.06399536132812 93.97428894042969
deer 0.9821115 35.144901275634766 173.02593994140625 70.09062194824219 207.9183349609375
automobile 0.98184115 153.01914978027344 59.1180419921875 184.99400329589844 91.02653503417969
automobile 0.9794481 190.0155029296875 190.06399536132812 227.97360229492188 227.93655395507812
bird 0.97877145 80.00418090820312 65.04273223876953 118.01861572265625 103.0774917602539
deer 0.9765401 35.900367736816406 143.06329345703125 64.96166229248047 172.02325439453125
frog 0.9755264 49.0534553527832 214.13839721679688 87.01222229003906 252.00469970703125
ship 0.9746678 190.0886688232422 141.05984497070312 215.9699249267578 167.02023315429688
truck 0.9733183 17.004091262817383 11.048261642456055 51.987770080566406 45.97050476074219
cat 0.9675825 73.04696655273438 165.1193389892578 102.01132202148438 193.9841766357422
bird 0.9475778 25.027172088623047 109.08172607421875 57.11970901489258 140.9435577392578
cat 0.94086725 138.0618896484375 13.997438430786133 173.07522583007812 48.96991729736328
truck 0.9398067 122.09947967529297 112.114990234375 156.9584197998047 147.03982543945312
truck 0.8705014 81.02043914794922 24.0792236328125 113.15929412841797 56.008697509765625
bird 0.8704834 204.0454864501953 108.03443908691406 236.03956604003906 139.8442840576172
cat 0.6240582 198.02447509765625 6.0386247634887695 217.04302978515625 25.038028717041016
bird 0.21263045 197.93357849121094 6.0885515213012695 216.9622344970703 25.125999450683594
dog 0.20045683 198.056396484375 6.0439605712890625 216.97799682617188 25.124839782714844
