frog 0.98372996 127.07964324951172 88.99189758300781 155.98886108398438 117.99221801757812
bird 0.98277605 195.95291137695312 51.023094177246094 225.10549926757812 79.96068572998047
dog 0.9802686 208.08099365234375 89.02670288085938 230.04888916015625 111.13534545898438
automobile 0.97960603 6.096839904785156 52.076480865478516 41.064701080322266 87.00146484375
dog 0.97371954 159.07110595703125 165.20281982421875 194.0855712890625 199.93252563476562
dog 0.9731702 20.002479553222656 102.95339965820312 51.97227478027344 135.0363311767578
automobile 0.9726415 51.119606018066406 24.058237075805664 89.0761489868164 61.93780517578125
airplane 0.9723662 87.03458404541016 106.17799377441406 112.98165130615234 132.00531005859375
ship 0.9720632 161.0230712890625 201.956298828125 195.98373413085938 237.04898071289062
airplane 0.9720423 53.08366394042969 73.03533935546875 82.13069152832031 101.93235778808594
truck 0.97071445 66.0423583984375 166.06350708007812 104.05416870117188 204.04415893554688
dog 0.9699133 114.06422424316406 200.13616943359375 151.96620178222656 237.98248291015625
truck 0.9570012 214.0536346435547 150.01272583007812 233.0391082763672 168.99725341796875
bird 0.951868 121.04185485839844 140.00381469726562 155.9767303466797 174.96456909179688
frog 0.9426908 175.06033325195312 1.9307632446289062 200.95950317382812 28.050935745239258
ship 0.9326558 167.043701171875 130.07247924804688 188.99505615234375 152.01589965820312
cat 0.85810745 92.95188903808594 23.967317581176758 109.0411376953125 40.01387023925781
deer 0.85405827 84.02854919433594 83.0653076171875 106.03392028808594 105.17591857910156
deer 0.7015276 176.02679443359375 93.0160903930664 192.03887939453125 108.94983673095703
airplane 0.61663735 139.088134765625 59.05592346191406 158.01559448242188 77.96310424804688
bird 0.30861008 176.02658081054688 93.03482818603516 192.02435302734375 108.9428939819336
truck 0.2257883 139.11904907226562 59.03195571899414 158.15798950195312 78.06071472167969
automobile 0.21119106 214.09097290039062 150.0911102294922 233.04925537109375 169.03895568847656
