airplane 0.9817749 162.07418823242188 147.00283813476562 197.00732421875 181.95260620117188
truck 0.9794433 67.9640121459961 71.9996337890625 99.9585189819336 103.99078369140625
deer 0.978497 129.89407348632812 203.81512451171875 152.05459594726562 225.027587890625
deer 0.9772429 208.01385498046875 11.009038925170898 242.98959350585938 45.98381042480469
truck 0.9759228 19.988109588623047 59.04161071777344 58.08859634399414 96.99996948242188
automobile 0.97556835 174.05271911621094 191.07022094726562 209.0206756591797 226.06488037109375
airplane 0.9739457 97.00025177001953 142.99917602539062 113.02413177490234 159.04620361328125
bird 0.97386634 130.10438537597656 21.008800506591797 155.99781799316406 47.10750961303711
dog 0.9715221 89.02301025390625 201.94384765625 127.02333068847656 240.02499389648438
automobile 0.96904516 85.25731658935547 18.075977325439453 116.96154022216797 50.023014068603516
frog 0.9607568 163.13075256347656 43.02387619018555 195.01075744628906 74.96232604980469
dog 0.9547812 80.02909851074219 160.081298828125 98.95904541015625 179.05291748046875
frog 0.94359756 133.05120849609375 182.0743865966797 152.0169677734375 201.10289001464844
airplane 0.9307358 26.04609489440918 201.0702362060547 52.06914520263672 227.08815002441406
truck 0.91964984 16.985973358154297 120.00121307373047 32.991065979003906 135.97291564941406
dog 0.74211144 40.967899322509766 39.03313064575195 59.935543060302734 57.987552642822266
cat 0.6556905 109.07064819335938 85.13887786865234 137.85287475585938 114.0070571899414
truck 0.6474131 211.98129272460938 83.04957580566406 231.05755615234375 102.06178283691406
bird 0.31883663 40.92520523071289 38.964656829833984 59.924015045166016 58.115360260009766
dog 0.30029345 109.29544830322266 85.17521667480469 137.8639373779297 114.02876281738281
ship 0.29307437 211.94737243652344 83.00464630126953 231.0343780517578 102.0446548461914
cat 0.22018796 211.87850952148438 82.99557495117188 231.21926879882812 102.06912231445312
bird 0.215484 203.92758178710938 151.02468872070312 242.05471801757812 189.063720703125
