ship 0.99084747 39.063323974609375 8.055378913879395 61.00518035888672 29.976490020751953
truck 0.9863081 105.0899658203125 146.05775451660156 123.99800109863281 165.0264434814453
automobile 0.9850167 126.12068176269531 187.0729522705078 155.1243133544922 215.82664489746094
automobile 0.98406917 157.9868621826172 177.97633361816406 177.0447235107422 196.9506072998047
cat 0.9830956 214.05059814453125 69.05492401123047 243.0330810546875 98.03499603271484
airplane 0.98285556 37.06777572631836 112.15171813964844 72.04609680175781 146.9977264404297
ship 0.9815758 71.97332763671875 64.0843734741211 101.02462768554688 92.92723846435547
truck 0.9815068 32.97456359863281 48.025726318359375 65.0062255859375 79.88511657714844
cat 0.98102117 171.0153045654297 206.0146484375 202.9708709716797 238.01315307617188
automobile 0.980873 13.036467552185059 176.9759979248047 31.978981018066406 196.0371856689453
automobile 0.9807241 214.0681610107422 134.1262969970703 239.91697692871094 160.02915954589844
truck 0.9758339 76.99616241455078 7.02763557434082 105.91100311279297 35.9815673828125
ship 0.9755514 99.0868148803711 180.05810546875 121.04122161865234 202.0740966796875
dog 0.7973622 104.94297790527344 70.07823181152344 140.05836486816406 104.95318603515625
cat 0.72240025 170.09498596191406 86.0560302734375 195.9096221923828 111.99267578125
cat 0.7008161 102.04997253417969 122.06179809570312 120.98806762695312 140.93087768554688
truck 0.6295244 207.2153778076172 190.07534790039062 233.0518341064453 215.95443725585938
automobile 0.33386618 207.2168731689453 190.1249237060547 233.0879669189453 215.9074249267578
truck 0.31222317 102.07794189453125 122.01819610595703 120.939697265625 140.79949951171875
deer 0.28218213 105.02852630615234 70.04082489013672 140.0684051513672 104.91426849365234
frog 0.21983597 195.12252807617188 11.957414627075195 229.96490478515625 47.105751037597656
