frog 0.98677945 53.00863265991211 116.03190612792969 71.96214294433594 135.02906799316406
truck 0.98673975 198.04583740234375 176.08123779296875 219.98931884765625 198.02316284179688
automobile 0.9855269 27.032657623291016 116.06537628173828 49.05427169799805 137.96737670898438
airplane 0.9807452 127.05059814453125 194.02723693847656 149.03414916992188 215.99244689941406
automobile 0.9776448 82.08497619628906 195.0494384765625 119.94866943359375 233.00054931640625
truck 0.97744745 27.974781036376953 54.0138053894043 57.069332122802734 83.02993774414062
ship 0.9773303 153.09512329101562 5.126511573791504 185.0096435546875 36.920433044433594
automobile 0.9771272 153.0355987548828 78.07672882080078 188.09153747558594 113.1606674194336
ship 0.97387135 173.04039001464844 40.075279235839844 207.9585418701172 74.97228240966797
frog 0.9733259 53.992225646972656 16.95091438293457 89.06587982177734 51.994468688964844
dog 0.9645847 156.03192138671875 171.98487854003906 191.03396606445312 207.0805206298828
frog 0.9582133 194.15304565429688 96.06829833984375 223.05905151367188 124.94635009765625
bird 0.9534925 120.06820678710938 78.00917053222656 146.10647583007812 104.04583740234375
truck 0.94874305 0.01794910430908203 195.09544372558594 25.990550994873047 220.86827087402344
dog 0.9294733 145.01795959472656 114.92279052734375 174.0431671142578 143.95401000976562
bird 0.92561406 42.00560760498047 168.01812744140625 76.98961639404297 202.98226928710938
cat 0.8625074 46.970611572265625 211.95310974121094 62.96403503417969 228.02586364746094
dog 0.7225002 78.1401596069336 143.07174682617188 113.02147674560547 178.00790405273438
deer 0.50239766 129.0056610107422 171.1050567626953 150.9995880126953 193.00331115722656
dog 0.42181337 129.01336669921875 171.09979248046875 151.004150390625 193.02188110351562
cat 0.36265412 78.15351867675781 143.05665588378906 113.04306030273438 178.01329040527344
cat 0.24179518 129.01397705078125 171.06077575683594 151.07095336914062 193.12611389160156
