deer 0.99249756 86.01258850097656 125.0321273803711 107.9503173828125 147.0485382080078
truck 0.98963964 80.99205780029297 99.009765625 100.03778839111328 118.04055786132812
airplane 0.9852485 76.09790802001953 52.122196197509766 98.02417755126953 73.984130859375
frog 0.983055 32.88213348388672 201.10760498046875 55.00346374511719 223.06820678710938
automobile 0.98057896 81.04270935058594 11.062237739562988 103.06895446777344 33.11908721923828
frog 0.9762155 155.0714111328125 82.04298400878906 177.010009765625 104.0567626953125
cat 0.9754462 214.04551696777344 94.10462951660156 249.0620880126953 128.9256591796875
dog 0.9678544 143.04153442382812 201.0943145751953 175.19781494140625 233.0714569091797
bird 0.95685756 150.06463623046875 18.04444122314453 181.88613891601562 50.06341552734375
frog 0.95188713 77.30718994140625 215.23341369628906 102.84930419921875 240.9004669189453
airplane 0.92691076 185.06201171875 162.04998779296875 213.87420654296875 191.02340698242188
frog 0.9249572 11.989359855651855 203.05853271484375 31.114810943603516 221.98870849609375
airplane 0.8447994 107.03459167480469 92.05034637451172 126.03713989257812 111.05619049072266
deer 0.8330611 183.03201293945312 27.008625030517578 208.9664306640625 52.997493743896484
airplane 0.71386445 7.049193382263184 166.1417694091797 32.99773025512695 191.9876251220703
dog 0.7102237 143.15516662597656 134.04013061523438 181.1713409423828 171.71749877929688
airplane 0.57586974 143.94798278808594 113.01991271972656 159.9682159423828 129.01022338867188
dog 0.5155134 102.0843276977539 160.95657348632812 139.94778442382812 199.04132080078125
dog 0.45054165 205.02435302734375 206.0481719970703 227.09451293945312 227.88453674316406
frog 0.42839733 205.08079528808594 206.12619018554688 226.9973602294922 228.02029418945312
cat 0.4231711 7.049193382263184 166.1417694091797 32.99773025512695 191.9876251220703
deer 0.36862475 102.08872985839844 160.98550415039062 139.9945526123047 198.75836181640625
bird 0.3456443 205.02435302734375 206.0481719970703 227.09451293945312 227.88453674316406
cat 0.33913723 143.02857971191406 134.11868286132812 181.0691375732422 171.97433471679688
bird 0.3386879 106.97661590576172 92.07864379882812 126.03678131103516 111.14710998535156
truck 0.29287755 143.94798278808594 113.01991271972656 159.9682159423828 129.01022338867188
bird 0.21516636 102.14041900634766 161.00270080566406 140.01800537109375 199.03578186035156
