truck 0.9908353 200.052978515625 135.07553100585938 222.00582885742188 156.98876953125
airplane 0.9824409 88.0389404296875 1.0480690002441406 126.0574951171875 39.0486946105957
automobile 0.97826815 155.07015991210938 30.116928100585938 190.03106689453125 64.96465301513672
airplane 0.97742784 37.04282760620117 99.0722885131836 58.9931755065918 121.0622787475586
dog 0.9773481 78.0155258178711 94.07330322265625 97.0197982788086 113.00115966796875
cat 0.97530615 124.06608581542969 62.164119720458984 153.0865936279297 91.03694915771484
truck 0.97497135 163.15896606445312 74.03952026367188 188.98016357421875 100.06086730957031
dog 0.9735985 187.0784454345703 158.1155242919922 219.0956268310547 189.89280700683594
airplane 0.97246957 111.0264892578125 200.94921875 142.94943237304688 232.9951171875
dog 0.96590245 134.18014526367188 124.99454498291016 171.94595336914062 163.0306854248047
deer 0.963569 101.10679626464844 127.95938110351562 133.1416778564453 159.946044921875
bird 0.9593117 150.96241760253906 196.02734375 188.93492126464844 233.89590454101562
bird 0.9459972 5.043482780456543 183.0618438720703 34.02043151855469 212.0236053466797
ship 0.9296515 191.1852569580078 87.07365417480469 216.97071838378906 112.90814208984375
bird 0.8394029 212.02638244628906 211.0574951171875 231.06944274902344 230.02822875976562
bird 0.68613166 61.109127044677734 209.0220947265625 87.10848999023438 234.82858276367188
deer 0.6860088 4.071680068969727 34.03285217285156 41.93218231201172 72.03773498535156
bird 0.55671287 4.079343795776367 34.013648986816406 41.882606506347656 71.97563934326172
frog 0.26629227 212.13327026367188 211.03097534179688 231.17620849609375 230.10684204101562
cat 0.23607507 95.92597198486328 167.95631408691406 125.12818145751953 196.98402404785156
frog 0.2107414 61.1925048828125 209.02435302734375 87.08999633789062 234.87860107421875
