automobile 0.9895837 86.98454284667969 117.09104919433594 118.86019897460938 148.97142028808594
truck 0.98869264 72.0678482055664 9.024977684020996 94.01160430908203 31.067398071289062
deer 0.98708034 74.0438003540039 196.05209350585938 111.97687530517578 233.95068359375
bird 0.9846202 21.06171417236328 178.04067993164062 55.87525177001953 213.156982421875
dog 0.98235464 131.0687713623047 123.93260192871094 159.97825622558594 152.97584533691406
automobile 0.98207426 125.9684066772461 214.03817749023438 152.02261352539062 239.86737060546875
truck 0.98044556 100.05245971679688 155.1098175048828 125.91941833496094 180.9751434326172
truck 0.9799724 26.040451049804688 102.91297149658203 60.95575714111328 138.0064239501953
truck 0.97823966 55.053916931152344 50.062950134277344 86.98055267333984 81.9793930053711
automobile 0.97638744 10.037863731384277 54.0126953125 41.91923904418945 85.89285278320312
automobile 0.9763251 198.0602264404297 176.0632781982422 230.03330993652344 207.86549377441406
ship 0.97609353 189.0178680419922 24.110210418701172 226.96629333496094 61.885005950927734
cat 0.97411966 135.9912872314453 15.032493591308594 167.9601287841797 47.074684143066406
ship 0.9656352 209.01739501953125 86.07981872558594 234.9893798828125 111.97303771972656
automobile 0.9481386 11.015758514404297 215.95608520507812 42.99555587768555 247.95062255859375
frog 0.935345 153.0170440673828 100.99547576904297 171.9962615966797 120.00553131103516
cat 0.9163654 102.03172302246094 76.0595474243164 123.93940734863281 98.03641510009766
airplane 0.35162622 129.9705352783203 165.989990234375 168.0534210205078 203.98577880859375
