bird 0.98592746 42.05107116699219 176.0836639404297 71.05390930175781 205.0060272216797
airplane 0.9847257 182.07960510253906 68.99581909179688 198.1165008544922 85.03038024902344
deer 0.98452437 48.104610443115234 11.07088851928711 85.97286987304688 48.899654388427734
deer 0.98375607 120.0740966796875 203.85678100585938 151.98037719726562 236.02410888671875
frog 0.9815069 146.1319122314453 81.07266235351562 175.0512237548828 110.03933715820312
bird 0.9807873 6.094541549682617 175.01702880859375 25.026952743530273 194.08221435546875
bird 0.9797874 107.04492950439453 162.98486328125 145.03915405273438 201.04983520507812
automobile 0.97747993 115.97346496582031 110.93895721435547 154.0277557373047 149.1156005859375
airplane 0.9741949 100.06477355957031 58.09645080566406 135.00067138671875 92.96540832519531
ship 0.97393924 166.05152893066406 165.11502075195312 198.0227813720703 196.9305419921875
bird 0.97335935 142.00064086914062 26.985422134399414 171.087646484375 55.81873321533203
ship 0.96273327 114.00798034667969 19.917001724243164 129.95469665527344 35.996788024902344
ship 0.961547 7.021570205688477 8.010560989379883 44.993408203125 46.0048828125
airplane 0.958313 26.033639907836914 115.02873229980469 60.94965362548828 149.99757385253906
truck 0.8785224 73.05238342285156 142.04702758789062 99.02674865722656 168.06094360351562
truck 0.82783186 41.007568359375 83.9810791015625 57.01036071777344 99.97044372558594
ship 0.35186604 41.00273895263672 84.01338958740234 57.01268005371094 99.9459457397461
