frog 0.9850255 21.09693717956543 12.003877639770508 53.08164978027344 44.046287536621094
frog 0.9830664 85.13685607910156 130.03550720214844 106.996337890625 151.9480743408203
truck 0.97938913 72.18963623046875 204.00662231445312 94.0799560546875 225.96151733398438
ship 0.9792855 87.00005340576172 155.95428466796875 125.0436782836914 194.00833129882812
frog 0.9756156 54.051971435546875 123.99736022949219 73.01753234863281 143.0941619873047
dog 0.9743719 172.05140686035156 43.05793762207031 191.0825958251953 62.05409240722656
frog 0.9738673 125.09326934814453 18.05889892578125 150.91775512695312 43.979225158691406
bird 0.972826 190.9876708984375 162.06021118164062 228.954833984375 200.03488159179688
ship 0.97272116 167.0628662109375 9.031152725219727 193.0400390625 34.960235595703125
truck 0.96607196 207.12335205078125 31.119001388549805 242.01278686523438 66.31167602539062
dog 0.9642099 61.05910110473633 24.120019912719727 98.92770385742188 61.96824645996094
bird 0.9611079 202.02066040039062 88.05259704589844 228.03704833984375 113.94572448730469
automobile 0.95887315 15.978626251220703 60.03675842285156 51.0038948059082 95.0728759765625
dog 0.954365 124.02621459960938 204.04000854492188 143.07302856445312 223.068359375
bird 0.93252444 110.1334228515625 104.02715301513672 135.9494171142578 130.0913543701172
dog 0.9297522 139.11648559570312 66.00708770751953 161.00839233398438 88.00310516357422
bird 0.8798845 0.8016281127929688 34.04658889770508 17.075838088989258 49.918697357177734
bird 0.7777748 12.052152633666992 98.0801773071289 47.07279968261719 132.97935485839844
deer 0.35506237 23.103538513183594 153.9456024169922 49.07502746582031 179.9455108642578
