airplane 0.9862076 195.0943603515625 82.08354187011719 213.99771118164062 101.01809692382812
airplane 0.9859485 200.00563049316406 129.0632781982422 218.99253845214844 148.0299530029297
airplane 0.98250854 112.08104705810547 135.06997680664062 141.08091735839844 164.01580810546875
frog 0.98144424 75.03675842285156 195.1567840576172 106.97686767578125 227.0712432861328
airplane 0.97873926 142.130126953125 82.99366760253906 176.95230102539062 118.07855224609375
airplane 0.97786754 96.01769256591797 65.03282165527344 134.0931854248047 102.94631958007812
truck 0.97485304 40.113983154296875 19.06200408935547 66.06332397460938 44.96125030517578
truck 0.9721254 141.0255584716797 30.037433624267578 179.0338592529297 67.991943359375
truck 0.97170717 155.04637145996094 148.04066467285156 187.0175018310547 179.96253967285156
frog 0.97142637 202.01963806152344 184.10780334472656 237.0224151611328 218.9708709716797
ship 0.9695697 127.06845092773438 216.0912322998047 162.17523193359375 251.13218688964844
ship 0.96912825 59.06219482421875 165.13189697265625 87.93344116210938 193.92840576171875
airplane 0.95102715 54.02191925048828 123.09967041015625 91.91407012939453 160.831298828125
dog 0.92460257 59.070213317871094 87.91665649414062 87.9400863647461 117.07872009277344
airplane 0.9148878 104.97737121582031 40.97696304321289 120.9580078125 57.13827133178711
ship 0.8337892 27.025924682617188 113.09037780761719 49.026123046875 135.05702209472656
automobile 0.81651515 44.8216438293457 48.03456115722656 83.07957458496094 85.83537292480469
frog 0.81170756 164.00196838378906 201.11607360839844 185.9950408935547 223.0571746826172
cat 0.7483432 4.997777938842773 189.15457153320312 39.988487243652344 224.00820922851562
truck 0.420662 27.018218994140625 113.0600357055664 49.02252197265625 135.06285095214844
dog 0.32584158 25.93721580505371 150.99591064453125 41.99925994873047 167.0189208984375
dog 0.2899652 4.952852249145508 189.16029357910156 39.99833679199219 224.0417022705078
ship 0.20075867 45.055747985839844 48.0625 83.00385284423828 85.93583679199219
