bird 0.9934757 24.031597137451172 166.0886688232422 46.0467414855957 188.0647735595703
deer 0.9902407 110.08198547363281 6.090329170227051 131.94859313964844 28.00440216064453
frog 0.98434305 43.035797119140625 49.02730941772461 72.06107330322266 77.97018432617188
truck 0.98232865 209.02626037597656 215.02658081054688 240.9874725341797 246.89154052734375
automobile 0.98085725 32.13469696044922 202.01882934570312 60.98291015625 231.12533569335938
automobile 0.98041475 159.1505584716797 33.98033142089844 191.0106658935547 66.11864471435547
deer 0.9767306 17.061729431152344 119.08545684814453 45.96935272216797 148.03726196289062
bird 0.9759286 67.00559997558594 180.0399627685547 98.94685363769531 211.95823669433594
airplane 0.9754317 109.06983947753906 198.05862426757812 147.0761260986328 236.04287719726562
truck 0.9743171 103.96497344970703 29.119029998779297 123.0450668334961 47.9686393737793
dog 0.9728001 105.97298431396484 150.10592651367188 141.08509826660156 184.98834228515625
ship 0.96371007 123.04618072509766 88.90460968017578 161.09225463867188 127.16268157958984
airplane 0.95355994 180.95901489257812 176.99166870117188 207.0633544921875 202.83389282226562
cat 0.9342365 192.07589721679688 70.01954650878906 220.95428466796875 98.96914672851562
automobile 0.924174 125.97016906738281 41.01900863647461 145.0308074951172 59.9904670715332
cat 0.8985565 157.0934600830078 192.1289520263672 179.03163146972656 214.0256805419922
frog 0.67964035 190.99180603027344 155.0367431640625 207.02394104003906 171.07794189453125
deer 0.6539705 63.045902252197266 8.124795913696289 98.07450866699219 43.00713348388672
cat 0.4462607 63.11486053466797 8.105220794677734 98.06916046142578 42.98023223876953
deer 0.3045541 190.99180603027344 155.0367431640625 207.02394104003906 171.07794189453125
