ship 0.99163777 131.1752166748047 19.051326751708984 153.0107879638672 40.97540283203125
truck 0.9855149 41.03376770019531 198.0377197265625 75.94845581054688 233.05764770507812
cat 0.9841945 128.04971313476562 53.112022399902344 150.07742309570312 74.96952056884766
truck 0.9840503 38.16017150878906 131.16482543945312 63.870704650878906 156.91302490234375
bird 0.9836913 195.11703491210938 31.018692016601562 230.06768798828125 66.03500366210938
airplane 0.983492 122.03170013427734 93.08954620361328 151.04957580566406 122.00804901123047
bird 0.9828192 81.16163635253906 33.84850311279297 112.8372802734375 64.84685516357422
deer 0.97854143 185.14918518066406 144.1398162841797 213.91722106933594 173.1492156982422
frog 0.9749549 152.05918884277344 69.06484985351562 178.0303192138672 95.08303833007812
frog 0.9696317 0.8448772430419922 210.085693359375 36.056800842285156 244.99639892578125
dog 0.9692071 78.01587677001953 175.02816772460938 107.05974578857422 204.00283813476562
ship 0.9670759 74.04194641113281 128.99856567382812 100.00558471679688 155.10748291015625
cat 0.96372426 118.99828338623047 196.96365356445312 150.9241485595703 229.02359008789062
cat 0.94201005 160.0838623046875 182.97195434570312 188.91143798828125 211.97332763671875
airplane 0.9378668 67.09453582763672 94.11820220947266 98.9784927368164 125.79947662353516
bird 0.9288385 17.03034019470215 91.04075622558594 52.05169677734375 126.03359985351562
cat 0.88829243 152.26486206054688 157.0850067138672 171.04815673828125 175.9700469970703
deer 0.87025726 3.054716110229492 18.007564544677734 22.036174774169922 37.027767181396484
deer 0.4740964 20.00330924987793 182.09066772460938 39.003273010253906 201.06057739257812
truck 0.21416515 3.040825843811035 18.019105911254883 22.180713653564453 36.919044494628906
