ship 0.985214 151.99887084960938 74.03762817382812 171.01019287109375 93.01304626464844
frog 0.9792509 101.07479858398438 11.040040969848633 132.98654174804688 42.999046325683594
ship 0.9764958 41.006893157958984 4.049502372741699 60.0004768371582 23.009960174560547
truck 0.976272 176.981689453125 75.1240234375 193.02456665039062 91.10098266601562
cat 0.9754245 78.60997009277344 151.46786499023438 101.71858215332031 174.97824096679688
frog 0.9730144 162.00576782226562 97.05706024169922 188.02783203125 123.05506134033203
ship 0.97181463 205.018798828125 108.13858032226562 236.9072265625 139.9953155517578
dog 0.9695275 89.06471252441406 115.08319854736328 107.95841979980469 134.0156707763672
ship 0.95995224 201.0435333251953 59.003536224365234 227.0469512939453 85.07749938964844
automobile 0.9592454 14.978105545043945 40.061439514160156 49.953887939453125 74.97932434082031
dog 0.9239174 24.08477783203125 163.07046508789062 49.97077941894531 189.12863159179688
dog 0.90757096 24.057903289794922 194.0515594482422 46.05649185180664 216.03077697753906
cat 0.851511 99.0711669921875 50.04073715209961 118.07685852050781 69.03020477294922
truck 0.81878036 108.04808807373047 169.0003204345703 143.01882934570312 204.02085876464844
cat 0.78955007 174.0418701171875 12.113171577453613 206.03274536132812 43.962806701660156
bird 0.7826487 187.0792236328125 167.04205322265625 209.01470947265625 189.02487182617188
cat 0.71643496 50.134376525878906 213.04408264160156 87.94525909423828 250.9694366455078
truck 0.61538255 55.169254302978516 181.11512756347656 80.97061157226562 207.0696258544922
dog 0.5738066 47.12469482421875 88.07405853271484 69.02324676513672 110.00664520263672
deer 0.43965983 25.160917282104492 86.50971984863281 45.460296630859375 107.87730407714844
frog 0.33082032 50.11897277832031 213.09954833984375 88.03871154785156 251.0009765625
ship 0.31669542 173.99586486816406 12.101832389831543 206.06898498535156 43.998085021972656
airplane 0.2433649 187.05947875976562 167.03863525390625 209.01632690429688 188.9925537109375
cat 0.22494313 47.144500732421875 88.0648193359375 69.04492950439453 110.00187683105469
truck 0.2190316 174.0418701171875 12.113171577453613 206.03274536132812 43.962806701660156
bird 0.21671864 55.080078125 181.11196899414062 80.98916625976562 207.18435668945312
automobile 0.20852873 108.06541442871094 169.00924682617188 143.0111083984375 203.96792602539062
