airplane 0.98436105 146.06411743164062 33.121910095214844 168.01351928710938 55.076759338378906
truck 0.9834439 169.9739532470703 55.96183776855469 205.05213928222656 90.92568969726562
automobile 0.9808278 13.097671508789062 155.06527709960938 47.981502532958984 189.92718505859375
airplane 0.9768447 172.06175231933594 8.13654899597168 209.9037322998047 45.95533752441406
ship 0.9758002 109.01837921142578 172.1780548095703 140.92404174804688 204.0427703857422
truck 0.9675876 58.033485412597656 208.07521057128906 92.88956451416016 243.0694122314453
frog 0.96712804 191.03244018554688 111.92219543457031 228.95855712890625 150.02354431152344
cat 0.96616864 149.0274200439453 212.94700622558594 184.0816192626953 247.99232482910156
deer 0.96142495 8.138246536254883 21.023374557495117 36.990257263183594 50.02210235595703
airplane 0.92966604 98.00360107421875 139.99526977539062 123.93522644042969 165.89996337890625
frog 0.8399379 23.056102752685547 94.06414031982422 41.99086380004883 113.05022430419922
bird 0.6518952 27.034217834472656 122.0867919921875 55.953216552734375 150.95062255859375
airplane 0.6176888 213.152099609375 63.90690612792969 245.08294677734375 95.95391845703125
cat 0.5694547 213.15817260742188 63.96516418457031 245.10525512695312 95.92738342285156
bird 0.3747353 65.02076721191406 98.16574096679688 90.99099731445312 123.95030212402344
dog 0.3687151 23.026042938232422 94.10308837890625 42.05490493774414 112.93577575683594
frog 0.30239934 65.02076721191406 98.16574096679688 90.99099731445312 123.95030212402344
automobile 0.3001568 65.03565979003906 98.18161010742188 90.93801879882812 123.88877868652344
truck 0.23964119 65.03565979003906 98.18161010742188 90.93801879882812 123.88877868652344
