airplane 0.98536026 151.05455017089844 98.05778503417969 170.0177764892578 116.88839721679688
automobile 0.98202384 66.05581665039062 161.0602569580078 92.04791259765625 187.0040740966797
frog 0.98057353 138.09332275390625 0.8652553558349609 170.00912475585938 33.05284881591797
truck 0.97910655 172.07504272460938 162.06739807128906 193.98806762695312 183.97181701660156
frog 0.9732921 56.126888275146484 93.13238525390625 85.0968017578125 121.95989990234375
truck 0.97141945 96.99290466308594 196.94801330566406 126.004150390625 226.07701110839844
bird 0.9642756 96.11771392822266 158.05233764648438 117.90557098388672 180.03057861328125
airplane 0.9606626 16.986736297607422 87.06743621826172 43.04854965209961 112.90584564208984
dog 0.95552427 123.0655288696289 37.12269973754883 141.97305297851562 56.02873611450195
truck 0.9552528 129.07687377929688 146.0605010986328 155.09042358398438 171.93919372558594
cat 0.94060683 93.9462890625 81.03650665283203 119.93234252929688 106.96024322509766
airplane 0.93928945 9.075170516967773 28.071613311767578 47.10218048095703 66.00599670410156
deer 0.9204239 80.09040832519531 16.050273895263672 105.98979187011719 42.023719787597656
cat 0.8782805 165.04270935058594 207.0465850830078 193.9661407470703 235.9910430908203
airplane 0.83397675 48.164588928222656 52.14965057373047 77.11585998535156 81.03450775146484
ship 0.80224454 201.0911102294922 144.054931640625 219.99794006347656 163.05270385742188
airplane 0.8014474 102.93721008300781 120.89991760253906 119.03504943847656 137.03086853027344
dog 0.5510138 24.07141876220703 114.01576232910156 43.00970458984375 132.9979248046875
cat 0.50316304 24.14679718017578 114.03436279296875 42.994415283203125 132.99703979492188
ship 0.48939863 6.238739013671875 216.1518096923828 43.833595275878906 254.0914764404297
airplane 0.4821984 6.029848098754883 216.13719177246094 44.049049377441406 253.85877990722656
automobile 0.42227477 201.0404815673828 143.97447204589844 219.89173889160156 163.00624084472656
automobile 0.20650339 6.238739013671875 216.1518096923828 43.833595275878906 254.0914764404297
