airplane 0.9839023 91.04194641113281 132.0742950439453 113.02168273925781 154.05348205566406
airplane 0.98269284 93.06414031982422 86.1138916015625 122.08806610107422 115.07925415039062
cat 0.9810662 64.06713104248047 67.00506591796875 90.07247161865234 92.97708129882812
airplane 0.9787549 129.0579071044922 198.98069763183594 148.03956604003906 218.02540588378906
dog 0.9777405 20.011138916015625 170.00462341308594 49.05073547363281 199.06028747558594
truck 0.9741893 117.11344909667969 45.15181350708008 145.9760284423828 74.03958892822266
airplane 0.97114635 200.2084197998047 53.968994140625 234.92662048339844 88.87678527832031
truck 0.9683777 23.08514404296875 96.13797760009766 58.115875244140625 130.98843383789062
cat 0.9660462 121.05648040771484 151.0889434814453 150.00306701660156 180.0758819580078
dog 0.9641066 12.98478889465332 208.92083740234375 51.07194519042969 246.91024780273438
dog 0.9626428 173.09722900390625 109.1580581665039 202.00015258789062 137.93136596679688
ship 0.96124434 185.0322265625 11.991369247436523 217.0045166015625 44.02239990234375
ship 0.95511776 212.19955444335938 90.0462417602539 237.89541625976562 115.91817474365234
bird 0.91442686 163.1158905029297 54.6681022644043 195.04713439941406 85.99520111083984
bird 0.8387505 193.04061889648438 164.02450561523438 225.01556396484375 195.99655151367188
cat 0.83473456 210.99346923828125 122.08704376220703 236.96267700195312 148.01377868652344
bird 0.5755306 55.015830993652344 14.006458282470703 84.03911590576172 42.93414306640625
deer 0.5656137 55.036888122558594 14.018153190612793 83.96587371826172 42.98891830444336
airplane 0.52102506 78.99331665039062 190.9857177734375 111.02314758300781 223.08682250976562
deer 0.33587664 193.0148468017578 164.05404663085938 225.0337371826172 196.014404296875
bird 0.32294965 79.0135269165039 190.96046447753906 111.05814361572266 223.1321258544922
