frog 0.9845313 111.08528137207031 195.05999755859375 133.0536346435547 217.0040283203125
truck 0.97927773 125.95174407958984 95.0821304321289 158.03903198242188 127.04537200927734
automobile 0.9790419 85.14234161376953 67.05921936035156 107.01805877685547 89.05189514160156
frog 0.9784335 157.09613037109375 28.019689559936523 186.0064697265625 57.03282165527344
automobile 0.9729943 130.0882110595703 78.13243103027344 145.94541931152344 93.66685485839844
airplane 0.9716184 33.03022003173828 149.0355224609375 62.00196075439453 177.92242431640625
frog 0.970724 54.042877197265625 122.02427673339844 72.95587158203125 141.00538635253906
airplane 0.9653295 135.98387145996094 16.06061553955078 155.1262969970703 35.04017639160156
automobile 0.9643552 192.9481964111328 161.9825439453125 222.0464630126953 191.09197998046875
automobile 0.9634934 33.00297927856445 184.04641723632812 65.16848754882812 215.83572387695312
airplane 0.9588723 96.19248962402344 24.990720748901367 134.10162353515625 63.03184509277344
ship 0.9513856 58.053192138671875 91.03900909423828 80.01484680175781 113.04773712158203
airplane 0.9489251 180.03562927246094 131.0191192626953 199.07505798339844 149.97938537597656
airplane 0.93570054 141.08740234375 135.99951171875 179.0628662109375 173.94857788085938
automobile 0.9330933 135.07554626464844 192.0260009765625 154.08287048339844 210.95547485351562
cat 0.90068877 89.14530181884766 115.05341339111328 111.06627655029297 137.0199737548828
truck 0.8310977 194.0076904296875 60.06450653076172 228.9644775390625 95.1285171508789
dog 0.8253206 63.07224655151367 20.97331428527832 94.990234375 53.004798889160156
cat 0.82433844 53.04561996459961 70.98152160644531 68.93669128417969 87.03050231933594
airplane 0.6325697 91.91700744628906 147.06735229492188 118.02210998535156 173.06253051757812
ship 0.5229036 91.91700744628906 147.06735229492188 118.02210998535156 173.06253051757812
frog 0.2920819 53.04616928100586 70.99607849121094 69.01566314697266 87.0849609375
airplane 0.24280879 194.13211059570312 60.099082946777344 228.92422485351562 95.01612091064453
deer 0.23822084 180.0301513671875 131.037109375 199.091796875 149.84738159179688
