frog 0.9869405 126.03272247314453 99.13165283203125 155.0454864501953 127.97975158691406
airplane 0.98523253 191.09457397460938 195.17933654785156 219.91494750976562 224.11427307128906
truck 0.9846904 6.127025604248047 94.13841247558594 35.01304244995117 123.01280212402344
truck 0.98124206 103.10651397705078 211.9456787109375 131.98843383789062 240.937255859375
bird 0.9794673 95.11994934082031 11.971641540527344 130.02621459960938 47.10224151611328
automobile 0.97592795 79.11274719238281 109.0442123413086 116.99198913574219 146.9647216796875
automobile 0.9755306 148.01229858398438 160.00001525878906 185.977783203125 198.0082550048828
truck 0.9755077 24.061473846435547 28.95549774169922 59.08774185180664 64.0218505859375
frog 0.97118914 84.02105712890625 67.0560302734375 119.00288391113281 101.94477844238281
dog 0.9634347 135.0264892578125 16.999786376953125 170.03216552734375 51.952491760253906
truck 0.9634278 171.03269958496094 19.960132598876953 190.0349884033203 39.00281524658203
cat 0.8114079 192.96951293945312 169.1751251220703 209.007568359375 185.0570831298828
automobile 0.7862663 207.05523681640625 34.98604965209961 245.11544799804688 72.92906188964844
airplane 0.7288369 145.05148315429688 131.030517578125 164.046142578125 150.01596069335938
ship 0.57029825 207.0252227783203 35.02526092529297 245.1218719482422 72.84165954589844
dog 0.5028247 123.11647033691406 168.18263244628906 145.20668029785156 189.93394470214844
cat 0.48941544 123.13847351074219 168.12661743164062 145.1465606689453 189.993408203125
cat 0.36164677 144.89202880859375 130.89259338378906 164.14584350585938 149.9698028564453
deer 0.31773543 3.0169267654418945 193.97120666503906 18.98165512084961 209.94932556152344
bird 0.24991426 3.0227437019348145 193.98509216308594 18.99915313720703 209.97935485839844
cat 0.23962748 3.0169267654418945 193.97120666503906 18.98165512084961 209.94932556152344
frog 0.20750943 192.98912048339844 169.222412109375 208.99290466308594 185.00714111328125
