frog 0.98213243 123.11402130126953 2.0381107330322266 155.0601806640625 34.013999938964844
truck 0.9783293 13.102129936218262 92.03656005859375 45.067626953125 123.9932861328125
cat 0.97791564 60.03582000732422 216.14273071289062 82.0289077758789 238.00753784179688
airplane 0.97563076 45.96508026123047 13.981330871582031 81.0397720336914 48.98441696166992
automobile 0.9715368 21.106103897094727 175.05389404296875 55.991127014160156 209.985595703125
frog 0.97150135 205.00341796875 164.09304809570312 239.96295166015625 198.95953369140625
frog 0.9701231 157.08509826660156 64.99090576171875 195.0344696044922 103.05598449707031
bird 0.9655485 171.02613830566406 200.05076599121094 196.9696502685547 226.01731872558594
automobile 0.9559233 122.07775115966797 87.07437133789062 151.21507263183594 116.06098937988281
cat 0.95500576 171.0784912109375 115.034912109375 187.05734252929688 131.06741333007812
deer 0.9537861 166.008056640625 140.0283203125 203.94735717773438 177.92196655273438
automobile 0.93158036 85.9968032836914 13.053980827331543 115.10614776611328 41.986820220947266
truck 0.9169276 122.08934020996094 62.040184020996094 143.94627380371094 84.0782699584961
airplane 0.83586085 71.0059814453125 76.06512451171875 90.07537841796875 95.04876708984375
airplane 0.8065851 213.9879913330078 11.941056251525879 243.01255798339844 40.254737854003906
cat 0.80371714 211.13255310058594 110.0276107788086 232.90736389160156 131.98805236816406
ship 0.73437446 136.06759643554688 187.03533935546875 161.93682861328125 213.11566162109375
bird 0.6507519 163.06483459472656 35.030181884765625 178.97410583496094 51.04199981689453
airplane 0.6138714 163.06101989746094 34.98366928100586 179.00193786621094 51.06583023071289
deer 0.39598358 71.00244140625 76.07158660888672 90.06697082519531 95.06645965576172
deer 0.34640878 109.0579833984375 151.96343994140625 138.01699829101562 181.06423950195312
cat 0.32086694 109.0567855834961 151.94137573242188 137.9928436279297 181.05667114257812
ship 0.20902833 121.85343933105469 61.99001693725586 143.8994598388672 84.14616394042969
