bird 0.99264467 165.096435546875 142.07022094726562 187.0225830078125 164.00369262695312
ship 0.985237 144.01487731933594 183.02561950683594 181.98036193847656 221.0151824951172
airplane 0.9851757 55.05416488647461 10.087748527526855 83.98890686035156 39.099369049072266
bird 0.9848724 13.05837631225586 82.0195541381836 31.99579620361328 101.0052261352539
automobile 0.98467124 86.90499877929688 86.11863708496094 122.16954040527344 121.00221252441406
automobile 0.98270315 178.04542541503906 6.99774169921875 213.07460021972656 41.99562072753906
truck 0.9806021 180.04188537597656 100.03868865966797 218.00291442871094 138.0342559814453
airplane 0.97729033 34.03787612915039 131.11102294921875 55.97013473510742 153.05764770507812
bird 0.9766488 124.10395050048828 59.963294982910156 162.0582733154297 98.09586334228516
ship 0.9712433 32.06749725341797 46.06220626831055 63.929412841796875 77.91294860839844
truck 0.9660885 21.082664489746094 210.0835418701172 47.06957244873047 235.92909240722656
dog 0.96574795 113.15798950195312 122.03695678710938 151.0067138671875 160.05111694335938
bird 0.9652041 16.071691513061523 11.05551815032959 41.89069366455078 37.019859313964844
dog 0.9480096 194.1172332763672 56.11021423339844 228.9729766845703 91.05601501464844
airplane 0.9317503 188.0928497314453 174.21434020996094 226.0764617919922 211.8304901123047
deer 0.9247842 44.03590774536133 86.12529754638672 79.0703125 121.0083236694336
cat 0.5531601 70.96552276611328 136.01333618164062 109.07160186767578 174.0849609375
automobile 0.5345958 86.07745361328125 177.01495361328125 107.97608947753906 199.0809326171875
truck 0.4837526 86.0372314453125 176.98193359375 107.97056579589844 199.07138061523438
