frog 0.98805666 87.27952575683594 190.05850219726562 109.04005432128906 212.04736328125
bird 0.9866522 183.0980224609375 215.06414794921875 211.99810791015625 244.0318603515625
automobile 0.9831653 94.007568359375 66.04116821289062 125.99928283691406 98.03384399414062
truck 0.98111784 178.073486328125 175.07138061523438 209.99200439453125 207.07546997070312
truck 0.9789257 204.0524139404297 135.0420379638672 233.0439910888672 163.94093322753906
truck 0.9783741 1.9806241989135742 179.0126495361328 30.973190307617188 207.91322326660156
ship 0.97812206 54.07610321044922 187.12686157226562 85.83216094970703 219.093505859375
deer 0.9780674 28.033130645751953 45.00798797607422 54.01077651977539 70.974853515625
automobile 0.97700536 211.11978149414062 46.086517333984375 246.0108642578125 80.9629898071289
automobile 0.97668743 46.123573303222656 88.9630355834961 78.09134674072266 120.95294952392578
bird 0.97362566 122.01034545898438 131.00314331054688 159.98995971679688 168.98736572265625
automobile 0.9727448 151.0655975341797 201.97988891601562 170.01878356933594 220.96499633789062
frog 0.93569744 167.07516479492188 47.06591796875 183.11123657226562 63.05348205566406
bird 0.9191911 140.06900024414062 67.09048461914062 169.06655883789062 95.92800903320312
cat 0.82269764 163.92112731933594 10.961079597473145 179.98899841308594 26.98587417602539
airplane 0.80138826 93.01667785644531 22.04789161682129 109.03759765625 38.01564407348633
dog 0.80121046 19.989789962768555 100.02047729492188 39.05754852294922 119.03938293457031
airplane 0.79759336 67.1016616821289 63.03608703613281 89.04584503173828 85.05111694335938
airplane 0.76334035 85.09480285644531 143.10044860839844 111.00285339355469 169.0963897705078
dog 0.44648245 118.01402282714844 182.07882690429688 143.89649963378906 207.77423095703125
cat 0.36497968 118.10075378417969 182.0726318359375 143.97789001464844 207.80792236328125
truck 0.3444965 67.06269836425781 63.060054779052734 89.05389404296875 85.04077911376953
deer 0.24937814 20.053878784179688 100.07928466796875 38.916568756103516 118.88850402832031
bird 0.24777481 20.053878784179688 100.07928466796875 38.916568756103516 118.88850402832031
