ship 0.98788214 81.0269775390625 109.07792663574219 103.01399230957031 130.9674530029297
bird 0.9844949 161.05157470703125 177.05357360839844 190.03558349609375 206.04542541503906
automobile 0.9816508 191.1226348876953 156.05429077148438 223.11778259277344 187.908203125
automobile 0.9803556 42.07423400878906 75.0594482421875 73.96990203857422 106.8892822265625
dog 0.9769718 88.11460876464844 27.090871810913086 125.96174621582031 65.01942443847656
frog 0.9640261 113.04086303710938 109.06114196777344 148.07171630859375 144.0382537841797
ship 0.9605466 137.04481506347656 59.02344512939453 166.0715789794922 87.93216705322266
frog 0.9563086 158.1931915283203 19.130779266357422 183.9561309814453 45.14255905151367
cat 0.93465114 152.05630493164062 132.08563232421875 173.98898315429688 154.0364990234375
deer 0.93172944 183.09173583984375 115.18869018554688 209.10845947265625 140.96823120117188
airplane 0.93163943 56.043609619140625 198.04544067382812 74.99365234375 217.00967407226562
frog 0.8920536 18.01449966430664 148.00436401367188 33.96420669555664 163.99359130859375
cat 0.8455116 190.03150939941406 10.098896980285645 222.0586700439453 41.91181182861328
cat 0.73121154 128.08349609375 210.91287231445312 166.05258178710938 249.05377197265625
dog 0.6539575 0.09198856353759766 82.02196502685547 32.05766296386719 113.9619369506836
frog 0.600631 83.94683074951172 178.9753875732422 103.0322036743164 197.98020935058594
deer 0.37450975 0.0 81.98634338378906 32.076786041259766 113.93168640136719
dog 0.21355388 190.15740966796875 10.075859069824219 222.0750732421875 41.9753532409668
cat 0.20229894 0.0 81.98634338378906 32.076786041259766 113.93168640136719
deer 0.20159158 128.10293579101562 210.82566833496094 166.06610107421875 249.0713653564453
