truck 0.99025196 41.05336380004883 159.10670471191406 63.06111526489258 181.03013610839844
airplane 0.98816204 211.07656860351562 111.06559753417969 229.98422241210938 130.01919555664062
automobile 0.9827086 172.96493530273438 114.06787109375 205.034912109375 146.08999633789062
ship 0.9784877 212.03756713867188 162.03323364257812 247.03179931640625 197.036376953125
truck 0.97706217 3.1210899353027344 176.05625915527344 38.153587341308594 211.02415466308594
frog 0.9764595 15.054841995239258 70.01573181152344 49.88848876953125 105.05387878417969
frog 0.97628397 41.065673828125 118.11727142333984 79.00366973876953 156.001953125
dog 0.97346187 88.06331634521484 23.140853881835938 122.99663543701172 58.03858184814453
ship 0.97238183 142.02468872070312 11.103331565856934 170.99005126953125 39.980777740478516
ship 0.9721443 150.03457641601562 65.04444885253906 172.03076171875 87.02481079101562
airplane 0.969912 113.00837707519531 205.03565979003906 144.96229553222656 236.9687042236328
dog 0.96813715 61.9780387878418 184.1197052001953 97.02169799804688 218.9615936279297
bird 0.96810997 174.91372680664062 168.9745330810547 203.90170288085938 198.14463806152344
automobile 0.95862556 136.0703125 97.10306549072266 171.07122802734375 132.05807495117188
cat 0.95387655 56.08036804199219 86.06620788574219 77.99417114257812 108.07485961914062
bird 0.9322936 129.96307373046875 139.12255859375 167.99905395507812 177.01739501953125
frog 0.84635377 6.178853988647461 16.90203285217285 43.92817687988281 54.99183654785156
airplane 0.68992364 181.046875 149.93296813964844 196.93780517578125 165.99961853027344
bird 0.31872395 6.130304336547852 17.010807037353516 43.973548889160156 54.98920822143555
deer 0.2734389 181.05335998535156 149.90994262695312 196.9342498779297 166.02520751953125
