automobile 0.9878255 116.06594848632812 119.88545227050781 138.05441284179688 141.96827697753906
airplane 0.9871191 99.986328125 207.98861694335938 118.98039245605469 226.91909790039062
ship 0.9848211 69.05559539794922 78.13356018066406 91.05675506591797 99.97882080078125
truck 0.9806036 77.99968719482422 141.01846313476562 104.05365753173828 167.01641845703125
frog 0.98038626 73.12049102783203 194.07113647460938 95.0870132446289 215.95950317382812
frog 0.9799848 50.08228302001953 160.04693603515625 72.0145034790039 182.00030517578125
bird 0.97975063 206.06919860839844 27.08657455444336 228.02159118652344 48.99264907836914
ship 0.97957593 124.01900482177734 195.05580139160156 162.0330047607422 233.0421600341797
airplane 0.977345 142.97303771972656 35.090057373046875 181.04383850097656 72.99889373779297
ship 0.9764646 158.0222930908203 77.05145263671875 195.98646545410156 115.01411437988281
automobile 0.96425164 155.3008575439453 128.0831756591797 193.0640106201172 162.14576721191406
frog 0.96375835 30.992660522460938 70.11292266845703 52.993011474609375 92.0794448852539
deer 0.96068394 102.97362518310547 89.00513458251953 131.9845733642578 118.08385467529297
bird 0.87451917 76.95365905761719 42.10679626464844 111.79861450195312 76.89433288574219
airplane 0.73123723 197.07928466796875 195.0945281982422 215.99249267578125 213.9217071533203
truck 0.7038017 204.97593688964844 216.0408477783203 231.0094451904297 242.0060272216797
automobile 0.6816694 197.0753936767578 195.0684814453125 216.00633239746094 213.92449951171875
cat 0.5199468 53.01394271850586 23.036548614501953 68.92145538330078 38.97478103637695
frog 0.48124218 53.01394271850586 23.036548614501953 68.92145538330078 38.97478103637695
dog 0.20179096 7.025440216064453 133.0244598388672 36.0734748840332 162.0508270263672
