bird 0.9823322 72.07799530029297 75.1021957397461 98.0434799194336 101.01456451416016
ship 0.97783005 183.99444580078125 186.01898193359375 215.89151000976562 217.91000366210938
deer 0.97489345 108.02824401855469 42.044742584228516 136.9578857421875 71.07392883300781
truck 0.9740297 35.16978454589844 180.02684020996094 57.024574279785156 202.00721740722656
ship 0.97387254 85.10211181640625 12.97944450378418 111.02401733398438 38.701698303222656
bird 0.9585936 182.08563232421875 6.853597640991211 220.0682373046875 44.89966583251953
deer 0.95639837 89.04164123535156 189.07843017578125 115.04962158203125 215.04107666015625
truck 0.95029926 188.9772491455078 51.07056427001953 205.05259704589844 67.04910278320312
ship 0.9498342 155.07119750976562 138.14646911621094 189.96133422851562 172.8921356201172
cat 0.9359092 66.03909301757812 144.08021545410156 87.94682312011719 166.0515899658203
automobile 0.9169401 167.08763122558594 58.04402542114258 185.9809112548828 77.05317687988281
cat 0.8903693 114.14347839355469 85.14423370361328 132.92822265625 103.88219451904297
frog 0.6645266 206.06362915039062 139.76736450195312 238.04611206054688 171.9981689453125
bird 0.6287831 51.05176544189453 114.0845718383789 72.9699478149414 135.98265075683594
cat 0.5078843 139.08233642578125 80.99436950683594 176.92214965820312 119.01651000976562
deer 0.4980569 206.07847595214844 139.7029266357422 238.0634307861328 172.0140838623047
dog 0.46331513 51.04290008544922 114.01707458496094 73.0117416381836 135.98854064941406
dog 0.4563227 139.02459716796875 81.21647644042969 176.93319702148438 118.84138488769531
deer 0.3132922 139.08233642578125 80.99436950683594 176.92214965820312 119.01651000976562
frog 0.2766271 139.08233642578125 80.99436950683594 176.92214965820312 119.01651000976562
