bird 0.9895644 72.00118255615234 4.008307456970215 91.02164459228516 23.0037841796875
truck 0.9856418 179.05125427246094 176.03123474121094 208.03233337402344 205.03150939941406
airplane 0.9831054 8.080277442932129 102.08985137939453 39.886714935302734 134.06712341308594
ship 0.9830283 81.008544921875 42.05597686767578 110.00367736816406 70.96200561523438
airplane 0.9830106 141.08316040039062 124.02041625976562 169.9384765625 153.00045776367188
automobile 0.98186696 116.11480712890625 36.99491882324219 145.00015258789062 66.03973388671875
airplane 0.9814136 130.004150390625 214.05380249023438 152.03863525390625 236.09918212890625
frog 0.9742427 62.06886291503906 142.11708068847656 83.15110778808594 164.0452117919922
cat 0.97357 31.115676879882812 191.98574829101562 60.16465759277344 221.12649536132812
ship 0.9733933 44.134464263916016 70.05989074707031 76.04335021972656 102.02017211914062
ship 0.9730186 163.01736450195312 39.040870666503906 189.01895141601562 65.013427734375
cat 0.96972966 129.92031860351562 79.04026794433594 165.11978149414062 113.981201171875
automobile 0.96282387 199.057373046875 109.9732894897461 228.02783203125 138.87808227539062
ship 0.92472756 135.067626953125 7.1044511795043945 156.98764038085938 29.01839828491211
bird 0.88245404 17.99095916748047 58.03304672241211 37.02584457397461 77.04331970214844
cat 0.87231433 103.03642272949219 145.14309692382812 138.0533905029297 180.0208740234375
deer 0.8616624 169.12966918945312 87.10559844970703 195.03216552734375 112.95807647705078
truck 0.8597009 212.10427856445312 7.088858604431152 243.87710571289062 39.08719253540039
cat 0.6374732 208.9864044189453 48.052188873291016 238.03147888183594 77.055908203125
deer 0.40537655 209.0259246826172 48.055686950683594 237.9813995361328 77.08261108398438
