deer 0.98404753 76.0600814819336 214.06146240234375 111.05988311767578 249.04165649414062
airplane 0.9834384 3.135308265686035 210.02920532226562 32.098304748535156 238.99224853515625
frog 0.9825563 210.0836181640625 102.04634094238281 245.08578491210938 136.90963745117188
airplane 0.9805145 187.1390838623047 139.0651092529297 218.98365783691406 171.0780487060547
truck 0.97880614 126.07258605957031 203.11570739746094 161.0785369873047 237.97483825683594
automobile 0.97717077 143.00904846191406 96.04579162597656 161.96556091308594 115.05445861816406
automobile 0.9764396 206.00579833984375 24.10553550720215 244.00961303710938 61.99370574951172
automobile 0.97287035 56.02000427246094 8.980220794677734 87.94195556640625 41.02703094482422
frog 0.9726025 149.19683837890625 137.93960571289062 184.27655029296875 172.99124145507812
cat 0.9723128 70.03535461425781 64.99918365478516 105.01113891601562 99.9765853881836
automobile 0.969344 3.982367515563965 65.90280151367188 35.92803192138672 98.05760192871094
automobile 0.9689295 111.08383178710938 34.02204895019531 140.03128051757812 63.03119659423828
automobile 0.95936584 179.1000518798828 63.05091094970703 198.09730529785156 82.0584487915039
bird 0.9429395 81.00602722167969 148.07666015625 116.0106201171875 182.98452758789062
dog 0.9376291 45.0306510925293 104.06120300292969 60.99332046508789 119.90544128417969
ship 0.89205456 103.0679931640625 123.12008666992188 125.07159423828125 145.02069091796875
dog 0.7107132 177.0743408203125 205.0358123779297 206.0601806640625 234.0943145751953
cat 0.7031476 9.066718101501465 125.0992431640625 37.89552307128906 154.1754150390625
cat 0.35399482 177.05255126953125 205.08042907714844 205.98629760742188 234.0298614501953
dog 0.32564992 8.917435646057129 125.45909881591797 38.03842544555664 153.9716339111328
airplane 0.2401995 103.1016616821289 123.2750244140625 125.0400619506836 145.08251953125
