automobile 0.97826684 72.06318664550781 80.09376525878906 107.11338806152344 115.00694274902344
bird 0.9774021 32.084449768066406 22.01763153076172 67.06238555908203 57.17149353027344
truck 0.97683215 86.01245880126953 197.0326690673828 121.00861358642578 231.97093200683594
truck 0.9766684 140.07969665527344 3.1109580993652344 175.1278839111328 37.966121673583984
automobile 0.9754725 6.055288314819336 123.22169494628906 38.06443786621094 154.9944305419922
bird 0.9707955 6.07659912109375 195.03964233398438 38.028568267822266 226.96670532226562
dog 0.9686023 126.98258972167969 140.01504516601562 153.04298400878906 165.98654174804688
ship 0.9680844 73.06390380859375 119.99452209472656 95.075927734375 141.9290008544922
cat 0.9657676 115.1640853881836 87.0263671875 147.19842529296875 119.08201599121094
bird 0.9292487 38.06377410888672 64.04883575439453 67.04876708984375 93.0477066040039
truck 0.82638913 111.05589294433594 8.058748245239258 130.03858947753906 26.990530014038086
airplane 0.82302415 199.0596923828125 215.95045471191406 224.98825073242188 241.9633331298828
bird 0.7966068 79.02474975585938 1.9919013977050781 97.98606872558594 21.057924270629883
truck 0.6919101 131.07518005371094 198.04022216796875 153.04197692871094 220.0540771484375
truck 0.5589932 161.9718780517578 73.01313781738281 177.92124938964844 89.01571655273438
automobile 0.45636126 161.9718780517578 73.01313781738281 177.92124938964844 89.01571655273438
airplane 0.38220632 131.06451416015625 198.08123779296875 153.02755737304688 220.00692749023438
airplane 0.37056634 173.98509216308594 89.9875717163086 190.0109405517578 106.03443145751953
cat 0.2590788 167.01858520507812 190.9585418701172 195.98251342773438 220.0358428955078
truck 0.24294055 173.98509216308594 89.9875717163086 190.0109405517578 106.03443145751953
deer 0.22788933 161.9718780517578 73.01313781738281 177.92124938964844 89.01571655273438
ship 0.20186523 161.9718780517578 73.01313781738281 177.92124938964844 89.01571655273438
