airplane 0.98753405 202.02474975585938 168.9881134033203 221.00924682617188 187.98606872558594
airplane 0.9844333 47.08681869506836 123.94514465332031 73.0218505859375 150.0721893310547
ship 0.98290867 63.074676513671875 188.18157958984375 98.01722717285156 223.07833862304688
airplane 0.98183095 80.08887481689453 164.06353759765625 102.06189727783203 186.04412841796875
truck 0.98089015 143.04214477539062 153.06857299804688 175.06768798828125 185.09039306640625
truck 0.9803505 19.978073120117188 46.01594543457031 35.96769714355469 61.93174743652344
ship 0.97998214 170.99813842773438 216.04566955566406 206.06692504882812 251.0417938232422
bird 0.9755419 214.9515380859375 200.0441436767578 252.98440551757812 237.95713806152344
frog 0.9743553 170.11026000976562 1.2536945343017578 205.04229736328125 36.015228271484375
deer 0.9686286 191.05519104003906 112.05452728271484 223.0409393310547 143.55902099609375
airplane 0.96751165 6.1180524826049805 191.05506896972656 28.02993392944336 213.0470733642578
cat 0.9561987 133.1167755126953 200.07652282714844 167.91822814941406 234.9861297607422
bird 0.8684323 45.01744079589844 45.11658477783203 80.02131652832031 79.9113540649414
cat 0.8447423 97.0477066040039 130.0260009765625 116.00272369384766 148.99496459960938
cat 0.7824831 111.01473999023438 59.04214096069336 129.9981689453125 77.96527099609375
airplane 0.46972477 111.09688568115234 59.095603942871094 129.993896484375 78.01129913330078
dog 0.40720886 102.01971435546875 96.01876068115234 130.92398071289062 125.01573944091797
dog 0.3521793 88.34700012207031 66.81969451904297 103.24636840820312 83.09247589111328
dog 0.2573228 97.16535949707031 129.9591827392578 115.96241760253906 149.0053253173828
bird 0.24536648 88.13330078125 66.7518081665039 103.53305053710938 83.06021881103516
deer 0.2349478 45.1217041015625 44.966670989990234 79.99620819091797 79.92013549804688
