cat 0.9880474 71.03704833984375 141.06259155273438 93.01571655273438 163.02041625976562
deer 0.9852391 24.024913787841797 96.97230529785156 55.98141098022461 129.0816192626953
deer 0.98247504 89.06342315673828 16.01019287109375 123.9450454711914 51.16051483154297
automobile 0.98094976 165.98013305664062 81.86672973632812 184.9869384765625 100.92581176757812
truck 0.98062754 172.0824432373047 180.0314483642578 200.92469787597656 208.93836975097656
truck 0.9778942 178.0150604248047 127.04876708984375 215.92347717285156 164.975341796875
frog 0.97751784 94.07463073730469 55.04620361328125 129.06398010253906 89.99078369140625
bird 0.9770348 44.101470947265625 161.93382263183594 70.03302764892578 187.9480743408203
cat 0.9768348 156.06744384765625 215.9946746826172 191.01559448242188 251.0171356201172
bird 0.97671753 187.0650634765625 39.02739715576172 224.98867797851562 76.96111297607422
automobile 0.9592389 63.209022521972656 192.11819458007812 88.92894744873047 218.05267333984375
frog 0.93618023 3.044340133666992 59.91220474243164 37.98280334472656 95.05337524414062
bird 0.8986028 110.14241027832031 134.3216552734375 132.01866149902344 155.955810546875
automobile 0.71792656 137.0094451904297 101.94943237304688 155.94798278808594 121.0198974609375
cat 0.6523091 160.999267578125 3.227492332458496 189.99411010742188 32.04755401611328
cat 0.5890708 16.053916931152344 32.078460693359375 35.062110900878906 51.122467041015625
dog 0.43318012 160.96102905273438 3.127495765686035 189.97964477539062 31.997848510742188
dog 0.41663915 15.926098823547363 32.05223846435547 35.017208099365234 51.00376892089844
dog 0.37163824 71.05899047851562 99.1449966430664 103.02499389648438 130.97267150878906
airplane 0.3636726 213.1285858154297 90.9896240234375 231.96205139160156 109.98733520507812
truck 0.29845482 136.989013671875 102.20970916748047 155.86163330078125 121.0424575805664
truck 0.2342735 71.05899047851562 99.1449966430664 103.02499389648438 130.97267150878906
automobile 0.21686608 71.05899047851562 99.1449966430664 103.02499389648438 130.97267150878906
deer 0.21599758 71.05899047851562 99.1449966430664 103.02499389648438 130.97267150878906
