deer 0.98740935 55.01487731933594 150.9661865234375 92.93159484863281 189.0047607421875
ship 0.9856183 135.05552673339844 10.026308059692383 156.9899139404297 32.00871276855469
ship 0.98482335 146.0131072998047 172.96994018554688 181.0841522216797 208.01742553710938
airplane 0.98359513 29.093685150146484 22.094837188720703 61.05568313598633 54.015445709228516
bird 0.9789867 102.05077362060547 199.01902770996094 137.04086303710938 233.89503479003906
frog 0.97846353 102.05772399902344 139.0412139892578 131.07565307617188 168.0492706298828
automobile 0.97618294 12.012344360351562 126.05343627929688 46.98753356933594 161.01443481445312
ship 0.9714273 206.10020446777344 183.01976013183594 231.92808532714844 209.01197814941406
cat 0.9692304 67.11661529541016 11.099380493164062 93.02983856201172 36.98051452636719
ship 0.9673801 40.133094787597656 71.01551055908203 66.01101684570312 96.97150421142578
automobile 0.9618657 180.02725219726562 19.925281524658203 206.04278564453125 46.00325393676758
ship 0.9600935 130.0777587890625 63.013771057128906 165.06515502929688 98.0364761352539
truck 0.95551395 12.017021179199219 199.039306640625 49.887359619140625 237.044189453125
automobile 0.84863865 201.06878662109375 123.09880828857422 232.999267578125 155.09481811523438
cat 0.70148504 93.04948425292969 106.07379150390625 111.91810607910156 125.03877258300781
frog 0.5991381 87.0429916381836 81.18865966796875 105.98871612548828 99.931640625
cat 0.49948323 87.0380630493164 81.19990539550781 105.97205352783203 99.92286682128906
frog 0.39938653 93.14287567138672 106.03965759277344 111.98641204833984 125.00663757324219
cat 0.3807522 51.994354248046875 119.00153350830078 78.04814147949219 144.85728454589844
dog 0.25679165 52.00604248046875 118.97100830078125 78.06886291503906 144.89498901367188
dog 0.24859354 163.92330932617188 215.94747924804688 186.03915405273438 237.98599243164062
frog 0.23535982 52.00279998779297 118.96978759765625 78.06128692626953 144.887939453125
ship 0.20567596 201.10670471191406 123.11131286621094 233.05809020996094 155.1318817138672
