truck 0.9865729 79.0300521850586 182.1182098388672 101.00403594970703 204.05079650878906
dog 0.9828663 163.08563232421875 216.04734802246094 191.79507446289062 245.0149383544922
frog 0.98213613 154.04031372070312 45.108421325683594 173.02688598632812 63.998870849609375
airplane 0.98128724 113.06226348876953 211.0087890625 145.02569580078125 242.97930908203125
cat 0.9783972 182.0443878173828 15.992362976074219 217.0688934326172 50.987518310546875
deer 0.97725487 51.06062316894531 149.10629272460938 80.00540161132812 177.81539916992188
automobile 0.9737753 209.06272888183594 77.07719421386719 246.9941864013672 115.0166015625
frog 0.9730395 133.07107543945312 89.03048706054688 164.97579956054688 121.08305358886719
frog 0.9662267 48.999122619628906 100.99905395507812 81.00341033935547 132.96893310546875
frog 0.964301 64.9625015258789 40.026451110839844 99.94025421142578 74.94725036621094
dog 0.9554547 3.9896726608276367 5.880337715148926 33.01877975463867 35.037776947021484
cat 0.954203 80.04437255859375 13.0761079788208 99.05670166015625 32.00674819946289
frog 0.8590338 22.31097984313965 56.94048309326172 59.86656951904297 94.89678192138672
cat 0.85519755 53.085445404052734 211.107421875 79.00614929199219 237.00717163085938
ship 0.8322808 47.03260040283203 183.03636169433594 65.92259216308594 202.01792907714844
cat 0.81208456 152.99722290039062 124.13481140136719 179.01995849609375 149.91322326660156
truck 0.6910038 131.2033233642578 8.027268409729004 160.01573181152344 37.02656555175781
frog 0.67002827 23.07699966430664 193.03729248046875 45.03822708129883 214.84661865234375
cat 0.48341012 85.16688537597656 133.04238891601562 110.9866943359375 159.07000732421875
bird 0.47260052 23.129253387451172 193.1035919189453 45.05269241333008 215.02711486816406
automobile 0.35928962 131.1661834716797 8.053159713745117 160.00828552246094 37.00270080566406
truck 0.2645688 22.094205856323242 57.05268859863281 60.013641357421875 94.96961975097656
truck 0.21513483 47.032142639160156 183.04322814941406 65.94405364990234 201.9915313720703
