deer 0.9864927 146.0449676513672 161.0779266357422 165.01792907714844 180.02857971191406
ship 0.9858392 30.015016555786133 71.03480529785156 49.07643127441406 89.99005126953125
airplane 0.9845491 211.03851318359375 26.020191192626953 230.03073120117188 45.01729202270508
ship 0.9817656 111.0333023071289 102.05441284179688 130.03282165527344 120.86170959472656
dog 0.98165745 18.015850067138672 99.18980407714844 47.024715423583984 128.0410919189453
airplane 0.9800283 94.0157241821289 168.06675720214844 126.03430938720703 200.0548553466797
automobile 0.97651887 170.0787353515625 174.06358337402344 195.97201538085938 199.91111755371094
frog 0.96477675 75.0913314819336 113.04246520996094 110.01160430908203 148.03929138183594
ship 0.96438265 149.02281188964844 83.99535369873047 175.01307678222656 109.94928741455078
dog 0.95241237 144.1968994140625 125.11983489990234 175.99700927734375 157.2074432373047
cat 0.9487711 102.99592590332031 24.954017639160156 141.02468872070312 63.07849884033203
deer 0.9429357 205.02845764160156 166.0331268310547 239.98423767089844 201.00550842285156
bird 0.86860174 9.002908706665039 204.0717315673828 44.07801055908203 239.07777404785156
frog 0.841811 72.99224853515625 85.98235321044922 89.01094055175781 102.01415252685547
cat 0.75533986 68.19561767578125 175.0032501220703 87.03211975097656 193.72825622558594
cat 0.7450185 43.028472900390625 53.39662170410156 59.045928955078125 69.08960723876953
airplane 0.6768302 161.0857696533203 47.041893005371094 179.97865295410156 66.16576385498047
truck 0.6117525 194.0023651123047 204.8973388671875 226.1152801513672 236.87042236328125
bird 0.56551224 145.03720092773438 192.03570556640625 161.01815795898438 208.0252685546875
cat 0.46340016 194.03768920898438 204.89236450195312 226.14398193359375 236.90396118164062
ship 0.438587 161.0857696533203 47.041893005371094 179.97865295410156 66.16576385498047
truck 0.2842745 161.04173278808594 47.02494812011719 180.0255889892578 66.00625610351562
dog 0.28364223 68.19561767578125 175.0032501220703 87.03211975097656 193.72825622558594
bird 0.27765793 72.98295593261719 85.99971008300781 89.01298522949219 102.02674865722656
frog 0.237521 145.03720092773438 192.03570556640625 161.01815795898438 208.0252685546875
