bird 0.9922769 111.02423095703125 203.09060668945312 133.0052947998047 225.05075073242188
truck 0.991399 175.99891662597656 50.030357360839844 194.9850311279297 69.00203704833984
bird 0.9905306 48.138999938964844 86.20486450195312 70.02842712402344 108.03199768066406
bird 0.98660284 148.0728302001953 207.09039306640625 170.0385284423828 229.02291870117188
frog 0.9848733 203.1538543701172 42.036643981933594 238.01991271972656 77.04888153076172
ship 0.9848466 134.0908966064453 10.005443572998047 153.0346221923828 28.913429260253906
cat 0.981269 196.0957794189453 205.98216247558594 225.04710388183594 234.8463592529297
airplane 0.98093885 44.05963897705078 36.99135971069336 63.006591796875 55.955631256103516
frog 0.9807658 130.05648803710938 111.97320556640625 155.86810302734375 137.96067810058594
bird 0.9805283 118.02452087402344 33.0569953918457 143.9676971435547 59.09134292602539
bird 0.97936916 122.01652526855469 163.04495239257812 148.00511169433594 188.9765625
automobile 0.9721241 144.01490783691406 80.00691223144531 162.99107360839844 98.97828674316406
cat 0.9719978 32.97271728515625 184.06494140625 70.98613739013672 221.99935913085938
dog 0.9600072 18.136783599853516 59.129981994628906 47.02864456176758 87.82811737060547
cat 0.9344486 203.00674438476562 170.09432983398438 234.94561767578125 201.92523193359375
dog 0.79633594 79.05982971191406 10.021109580993652 100.99205017089844 31.951393127441406
truck 0.63704574 165.07672119140625 156.02410888671875 200.087158203125 191.00296020507812
cat 0.6292995 87.93180847167969 126.12689971923828 110.06382751464844 148.03309631347656
automobile 0.42088282 165.09381103515625 156.03794860839844 200.06491088867188 191.0248565673828
bird 0.29676566 87.93180847167969 126.12689971923828 110.06382751464844 148.03309631347656
frog 0.26681757 88.13137817382812 126.18534851074219 110.11561584472656 148.01698303222656
truck 0.24653631 87.93180847167969 126.12689971923828 110.06382751464844 148.03309631347656
