dog 0.9894328 18.07207679748535 90.0454330444336 40.09241485595703 112.01009368896484
airplane 0.9846324 36.044830322265625 19.054061889648438 55.09705352783203 38.05362319946289
truck 0.9837458 145.9862823486328 119.0440902709961 165.03480529785156 138.06826782226562
automobile 0.9832568 145.09622192382812 14.029775619506836 180.01913452148438 48.909217834472656
bird 0.9829061 52.01029968261719 201.00125122070312 80.98561096191406 230.02655029296875
cat 0.97898793 160.20556640625 55.09446334838867 188.95608520507812 84.05499267578125
frog 0.97655505 57.01363754272461 5.1207685470581055 75.966552734375 23.99744415283203
cat 0.9715284 35.163307189941406 152.4826202392578 61.00001525878906 177.93040466308594
cat 0.96846664 213.08389282226562 105.02558898925781 251.02639770507812 143.00271606445312
automobile 0.9652469 174.08560180664062 130.1912841796875 209.04769897460938 165.03829956054688
cat 0.9638345 198.0544891357422 174.0334930419922 230.0684051513672 206.01197814941406
ship 0.9594016 111.03773498535156 114.06517791748047 140.14483642578125 143.06333923339844
cat 0.94927263 101.06282043457031 159.0421600341797 139.07186889648438 196.99143981933594
dog 0.9397154 101.10657501220703 64.07357788085938 138.92062377929688 101.99578857421875
automobile 0.85629356 143.01284790039062 173.00657653808594 162.008544921875 191.8769073486328
cat 0.81269544 109.1395263671875 203.7986602783203 147.11883544921875 241.8976593017578
deer 0.78378 196.04905700683594 31.060657501220703 221.8654327392578 57.10507583618164
cat 0.6296305 77.04840087890625 117.04657745361328 93.00120544433594 133.025146484375
frog 0.47788727 77.02589416503906 117.03163146972656 93.02670288085938 133.0426483154297
frog 0.30900255 142.94955444335938 172.91798400878906 162.04812622070312 191.78089904785156
frog 0.23241809 196.04905700683594 31.060657501220703 221.8654327392578 57.10507583618164
