cat 0.9816158 74.08394622802734 43.96722412109375 106.0916976928711 76.02981567382812
automobile 0.9765229 2.1096458435058594 121.94061279296875 34.018131256103516 154.03146362304688
ship 0.9758299 55.04283142089844 78.02684020996094 84.01423645019531 107.01077270507812
airplane 0.9747851 206.97900390625 195.9557342529297 222.9503173828125 212.0132293701172
ship 0.97372 162.0583038330078 27.989158630371094 199.98228454589844 65.85790252685547
ship 0.96894526 170.9876708984375 70.03073120117188 197.04196166992188 96.01806640625
ship 0.9650793 89.04420471191406 4.952081680297852 124.021728515625 40.115928649902344
cat 0.9505825 29.98845863342285 22.12350845336914 62.08695983886719 53.898990631103516
ship 0.935666 31.063453674316406 57.103450775146484 53.046974182128906 79.01600646972656
automobile 0.89429605 44.00090026855469 128.0315704345703 76.08136749267578 159.9915313720703
cat 0.85141027 65.02725219726562 199.01695251464844 94.00698852539062 227.9896697998047
dog 0.7799443 131.07899475097656 77.07635498046875 146.97093200683594 93.08399963378906
truck 0.70357573 107.05208587646484 68.94467163085938 126.07901763916016 87.96781921386719
airplane 0.65829104 107.04058837890625 68.97791290283203 126.03411865234375 87.9468002319336
ship 0.52255076 73.1035385131836 171.15179443359375 98.94176483154297 197.28726196289062
bird 0.47915584 73.03521728515625 171.15264892578125 99.0068359375 197.22738647460938
dog 0.45254537 131.08998107910156 197.05003356933594 147.0684356689453 212.99571228027344
automobile 0.42976472 26.03783416748047 212.0822296142578 52.07897186279297 238.0319061279297
frog 0.42604092 131.134033203125 197.0415802001953 147.1002197265625 212.99668884277344
ship 0.38226157 26.03783416748047 212.0822296142578 52.07897186279297 238.0319061279297
frog 0.34758773 26.03783416748047 212.0822296142578 52.07897186279297 238.0319061279297
ship 0.31982946 44.01348114013672 128.0832061767578 76.05464935302734 159.9625701904297
dog 0.27958083 26.03783416748047 212.0822296142578 52.07897186279297 238.0319061279297
truck 0.23070812 131.134033203125 197.0415802001953 147.1002197265625 212.99668884277344
bird 0.2171767 131.1233367919922 77.04672241210938 146.9909210205078 93.10317993164062
