ship 0.9851663 67.11940002441406 81.1059341430664 88.98287963867188 103.0632553100586
deer 0.9815012 56.065589904785156 39.970367431640625 90.99480438232422 75.03099822998047
frog 0.980158 5.079636573791504 78.04081726074219 34.0068473815918 106.9915771484375
cat 0.9794304 200.92694091796875 8.078045845031738 233.012939453125 40.014156341552734
bird 0.978878 31.17308235168457 135.1331787109375 59.85902404785156 163.93109130859375
frog 0.9786943 143.09278869628906 47.09354782104492 171.96461486816406 76.04864501953125
dog 0.9777014 109.00006103515625 179.06277465820312 128.04165649414062 198.07028198242188
ship 0.97738504 91.05445861816406 204.99000549316406 119.95584106445312 233.9862518310547
truck 0.9754383 71.0103759765625 115.94412994384766 109.0125732421875 153.96897888183594
automobile 0.974067 199.01382446289062 171.0402374267578 215.030029296875 186.9907684326172
cat 0.9719837 7.9997148513793945 48.017459869384766 24.004249572753906 63.99103927612305
ship 0.9577453 198.1248779296875 69.03362274169922 230.041748046875 101.04143524169922
bird 0.94971585 131.92855834960938 88.96047973632812 169.90499877929688 127.03515625
deer 0.9103107 141.1923065185547 216.7259979248047 163.12818908691406 236.9967803955078
ship 0.8931889 129.00616455078125 149.09620666503906 147.98422241210938 167.99147033691406
airplane 0.8810721 185.98809814453125 205.04356384277344 202.01708984375 220.93345642089844
cat 0.86387056 60.05451202392578 174.07052612304688 86.05815887451172 200.08026123046875
cat 0.7802303 112.11848449707031 110.09149169921875 130.8878631591797 129.00624084472656
dog 0.5700108 122.30522918701172 23.352977752685547 143.7992706298828 45.12466049194336
cat 0.30942595 122.31539154052734 23.308828353881836 143.78509521484375 45.070701599121094
frog 0.2814715 112.17516326904297 110.10163879394531 130.7783966064453 128.9097900390625
ship 0.23857266 185.99632263183594 205.0393829345703 201.9904327392578 220.9680938720703
bird 0.21590492 129.0636749267578 149.07119750976562 147.9282684326172 168.01577758789062
