bird 0.9931106 34.0635986328125 10.076119422912598 55.98615264892578 31.999515533447266
airplane 0.98717976 154.03968811035156 64.0008773803711 173.07713317871094 83.0549545288086
dog 0.98357856 141.07936096191406 20.05701446533203 163.0418243408203 42.03828811645508
frog 0.97953105 79.95284271240234 214.03579711914062 109.13605499267578 243.05133056640625
frog 0.9773805 112.03010559082031 193.19107055664062 137.95156860351562 218.96102905273438
automobile 0.97551215 178.07339477539062 38.030677795410156 215.97543334960938 75.95663452148438
ship 0.96924216 192.0760040283203 88.1335678100586 227.0531768798828 122.97272491455078
cat 0.96182907 191.11419677734375 139.09393310546875 219.95794677734375 168.0303955078125
cat 0.96154976 18.135149002075195 152.07498168945312 55.873687744140625 189.9337158203125
frog 0.95813817 36.01231384277344 57.04986572265625 55.004981994628906 76.020263671875
airplane 0.91457033 19.049100875854492 89.94374084472656 57.00794219970703 127.96809387207031
truck 0.882339 162.0475311279297 158.08865356445312 187.78309631347656 183.95327758789062
automobile 0.8669853 134.08349609375 88.00079345703125 162.99514770507812 117.10173034667969
dog 0.8650374 179.02503967285156 215.02392578125 216.96595764160156 253.09500122070312
deer 0.83275604 147.96067810058594 121.88839721679688 177.01622009277344 150.963623046875
deer 0.7318438 34.04531478881836 202.0723876953125 52.99678421020508 221.05447387695312
automobile 0.7105601 120.1138687133789 156.04017639160156 149.07794189453125 184.88328552246094
airplane 0.68056923 69.08140563964844 96.8576431274414 101.01338195800781 129.0428466796875
cat 0.62634206 96.12733459472656 8.100855827331543 121.97322082519531 33.97713088989258
ship 0.5582977 71.03779602050781 40.99108123779297 87.03680419921875 57.06645965576172
airplane 0.5538024 71.0189437866211 40.99968719482422 87.03575897216797 57.02294158935547
dog 0.5176792 34.12668991088867 201.96466064453125 52.96053695678711 220.87164306640625
truck 0.40881565 120.05803680419922 156.11508178710938 149.11158752441406 184.89419555664062
cat 0.26945072 179.15487670898438 215.1082305908203 216.95730590820312 253.13975524902344
bird 0.22863811 69.06756591796875 96.87617492675781 101.08811950683594 129.04054260253906
truck 0.21839702 134.06898498535156 88.01653289794922 163.05226135253906 117.08838653564453
deer 0.20931584 96.10543060302734 8.102211952209473 121.99771881103516 34.01951217651367
