automobile 0.98752916 175.9981689453125 86.00064086914062 202.00537109375 111.97119140625
ship 0.9840337 59.99455261230469 93.99701690673828 75.94007873535156 110.03168487548828
automobile 0.9801022 102.04634094238281 20.003171920776367 131.04937744140625 49.01628112792969
cat 0.9770632 146.0942840576172 19.067535400390625 175.06956481933594 48.04307556152344
truck 0.97530615 203.01516723632812 191.04391479492188 228.95455932617188 217.01458740234375
airplane 0.9740721 26.981090545654297 184.980712890625 53.01539993286133 210.98446655273438
bird 0.97404695 54.03269577026367 128.98878479003906 91.98117065429688 166.9331512451172
truck 0.97089946 215.0817108154297 18.037025451660156 243.9861602783203 47.07030487060547
dog 0.9692712 21.0809268951416 69.9677963256836 53.14067077636719 102.0594711303711
dog 0.95856375 111.09848022460938 66.1091079711914 146.09518432617188 101.02791595458984
airplane 0.9577415 145.0618896484375 193.05337524414062 180.100830078125 228.040771484375
automobile 0.94872046 51.02633285522461 19.140186309814453 79.79532623291016 47.83865737915039
cat 0.93503517 2.964506149291992 15.001195907592773 41.008460998535156 53.04150390625
airplane 0.9238473 177.0419921875 151.07029724121094 199.06915283203125 173.06959533691406
bird 0.8832427 147.01589965820312 118.197509765625 176.04397583007812 147.0821533203125
ship 0.8756443 153.0039520263672 72.02865600585938 169.02403259277344 87.97555541992188
frog 0.86703086 213.1070556640625 139.10946655273438 247.96109008789062 173.99203491210938
bird 0.7786144 85.12477111816406 177.07977294921875 122.88812255859375 215.157470703125
cat 0.7565108 211.96670532226562 73.96623992919922 228.03155517578125 90.03345489501953
dog 0.48624197 78.9827880859375 78.9301528930664 105.180419921875 104.97888946533203
cat 0.34194797 85.15327453613281 176.95066833496094 122.98464965820312 215.0474395751953
deer 0.30816573 78.9827880859375 78.9301528930664 105.180419921875 104.97888946533203
automobile 0.28048506 152.9670867919922 72.03450775146484 169.03904724121094 87.96503448486328
