deer 0.9867241 76.04090881347656 163.07272338867188 111.00929260253906 198.1497802734375
deer 0.9775349 72.01006317138672 120.99858856201172 107.0647964477539 156.08917236328125
ship 0.9751009 87.09414672851562 1.0900611877441406 121.94746398925781 35.981651306152344
dog 0.9746908 28.89033317565918 145.03750610351562 67.0537338256836 182.81344604492188
frog 0.9746845 159.073486328125 1.2444028854370117 177.993408203125 19.977001190185547
cat 0.97146225 0.9368152618408203 16.008859634399414 35.95861053466797 51.01011657714844
dog 0.9708688 201.00198364257812 159.113525390625 233.0760498046875 191.02108764648438
truck 0.95969707 170.07891845703125 34.078460693359375 191.97274780273438 55.996734619140625
bird 0.9480972 176.1879425048828 126.9552230834961 195.05799865722656 145.97848510742188
frog 0.94417274 198.05674743652344 21.04779052734375 217.0076446533203 40.0006103515625
ship 0.9377924 89.1162338256836 201.9707794189453 121.06163787841797 234.0155487060547
bird 0.9204781 181.037841796875 88.06639099121094 213.12832641601562 119.90748596191406
dog 0.90999925 0.0 63.000457763671875 34.967864990234375 98.05587768554688
bird 0.9042109 173.09573364257812 213.07687377929688 198.96612548828125 239.062255859375
dog 0.8916256 134.0360107421875 181.08038330078125 163.00927734375 209.99261474609375
cat 0.8716742 75.11750793457031 72.2518081665039 100.8701171875 98.1156234741211
truck 0.8682729 1.0193090438842773 152.99220275878906 17.034366607666016 168.97084045410156
frog 0.86469483 52.04652786254883 67.06124877929688 73.9791488647461 89.03376770019531
bird 0.5241195 198.06283569335938 45.06501007080078 220.01657104492188 67.03147888183594
frog 0.35007572 198.15670776367188 45.089378356933594 220.01956176757812 67.08187103271484
deer 0.24572217 198.10418701171875 45.07453918457031 220.04220581054688 67.07299041748047
