truck 0.9899485 161.04208374023438 59.049400329589844 179.930419921875 77.99066925048828
dog 0.9893614 71.06814575195312 137.11062622070312 93.00479125976562 159.0413818359375
truck 0.988847 33.011268615722656 158.07933044433594 55.0260009765625 180.0713653564453
ship 0.97823364 195.9935760498047 141.00674438476562 212.0340118408203 156.943603515625
ship 0.97464687 102.0530014038086 53.161048889160156 131.03030395507812 82.0035171508789
deer 0.9711572 30.115821838378906 13.970784187316895 58.95878601074219 42.96917724609375
frog 0.9706476 26.075740814208984 64.03237915039062 61.07453536987305 99.01608276367188
dog 0.97024137 182.10203552246094 171.07492065429688 214.00730895996094 202.96408081054688
cat 0.96078265 195.98538208007812 35.93952178955078 233.929443359375 74.11309051513672
automobile 0.95498747 19.08928680419922 192.16844177246094 37.945884704589844 211.04286193847656
deer 0.94761395 149.09495544433594 150.1297607421875 178.0638885498047 178.96929931640625
cat 0.94213724 168.07679748535156 3.09653377532959 197.07530212402344 31.946468353271484
cat 0.8634634 65.02890014648438 59.07876968383789 80.95135498046875 74.99523162841797
cat 0.8538711 64.99583435058594 17.110464096069336 99.97120666503906 51.95465087890625
truck 0.8107579 99.09982299804688 187.99124145507812 117.99674987792969 207.07293701171875
dog 0.80917895 50.0144157409668 203.05369567871094 76.04997253417969 228.9226531982422
cat 0.64673316 185.22039794921875 87.12882995605469 207.06692504882812 109.06497192382812
ship 0.46563438 99.02997589111328 187.96160888671875 118.0391616821289 207.06289672851562
frog 0.36793375 185.2344512939453 87.09837341308594 207.0431671142578 109.02377319335938
airplane 0.3296727 99.02997589111328 187.96160888671875 118.0391616821289 207.06289672851562
