bird 0.98579776 19.96997833251953 213.0755157470703 57.982200622558594 251.1190643310547
airplane 0.98359156 191.07225036621094 197.0849609375 228.98512268066406 234.95272827148438
deer 0.98183787 111.00042724609375 112.04026794433594 137.01695251464844 137.958251953125
automobile 0.9779732 112.97683715820312 209.9455108642578 131.97702026367188 229.0239715576172
truck 0.97560716 77.977783203125 89.0201644897461 104.01780700683594 115.0439224243164
truck 0.9732348 107.06570434570312 19.970592498779297 136.02243041992188 49.02425003051758
cat 0.97209525 22.047204971313477 114.13641357421875 54.050254821777344 145.95864868164062
automobile 0.9692032 0.01633453369140625 11.971319198608398 38.016639709472656 49.95545196533203
frog 0.9685036 186.05612182617188 38.04957580566406 218.03073120117188 70.03313446044922
dog 0.92987895 36.04277420043945 81.01844787597656 58.067569732666016 103.05718994140625
bird 0.9131055 33.01036071777344 54.11678695678711 55.14668273925781 76.04981994628906
automobile 0.89953667 160.97576904296875 75.04644012451172 180.01272583007812 94.03559112548828
deer 0.8885335 45.00944137573242 183.94338989257812 60.947757720947266 199.96890258789062
frog 0.8855746 193.03848266601562 112.21533966064453 219.06298828125 138.00596618652344
airplane 0.83192104 118.02787017822266 152.95602416992188 153.00802612304688 188.01715087890625
airplane 0.8167432 64.0407485961914 147.12039184570312 86.06620025634766 169.00924682617188
dog 0.78248745 163.0897674560547 136.1537322998047 185.0286102294922 158.0010223388672
frog 0.4049886 59.06224822998047 37.997074127197266 88.0749740600586 67.16614532470703
cat 0.25891227 163.06617736816406 136.11651611328125 185.05723571777344 158.01504516601562
truck 0.2580725 64.01553344726562 147.0556182861328 86.04164123535156 169.05323791503906
dog 0.25081542 59.06224822998047 37.997074127197266 88.0749740600586 67.16614532470703
cat 0.23263466 59.076263427734375 38.056556701660156 87.99229431152344 67.00579071044922
deer 0.21041727 59.06224822998047 37.997074127197266 88.0749740600586 67.16614532470703
