ship 0.98701274 14.986083030700684 110.08915710449219 34.04188919067383 129.04432678222656
ship 0.98406327 203.0964813232422 59.090118408203125 232.0564422607422 87.95372009277344
deer 0.9834569 202.12454223632812 94.09932708740234 239.97885131835938 131.92727661132812
bird 0.9816451 39.02619934082031 178.0342559814453 77.1025161743164 215.93894958496094
ship 0.9796059 37.0804443359375 116.0804443359375 74.97261810302734 154.0068359375
frog 0.97871506 199.0159912109375 20.1304988861084 236.98489379882812 58.01019287109375
deer 0.9761145 175.0049285888672 179.07472229003906 213.02732849121094 216.96131896972656
frog 0.9692167 138.0106201171875 156.06109619140625 172.96743774414062 191.1064453125
deer 0.9611932 92.02821350097656 59.03777313232422 118.02554321289062 85.0350570678711
ship 0.95532286 142.01451110839844 47.03141784667969 174.1905059814453 79.12178039550781
frog 0.9500022 0.0 172.01449584960938 26.025236129760742 197.93231201171875
dog 0.94783163 29.038002014160156 3.0994338989257812 47.99443817138672 22.0128231048584
automobile 0.9424193 114.00704956054688 195.08087158203125 136.05029296875 216.88406372070312
truck 0.9387735 110.06211853027344 5.046607971191406 136.0015106201172 31.019195556640625
cat 0.91997886 16.02851676940918 37.03091812133789 54.00379180908203 74.97265625
deer 0.80322766 142.04283142089844 3.105987548828125 161.0219268798828 22.024089813232422
cat 0.5466891 150.03050231933594 114.98876953125 169.05149841308594 134.0154571533203
bird 0.5358771 198.1979217529297 145.048583984375 220.07322692871094 167.06314086914062
ship 0.5178553 150.05990600585938 115.01664733886719 169.01577758789062 134.0391845703125
automobile 0.4660353 198.25128173828125 144.99453735351562 220.018310546875 167.12286376953125
bird 0.44828558 141.92581176757812 3.062244415283203 161.0224609375 21.89832305908203
cat 0.2017383 198.21170043945312 144.9906768798828 219.90121459960938 167.0642547607422
