automobile 0.9895976 74.07290649414062 126.10223388671875 96.032470703125 148.00405883789062
automobile 0.9836755 12.010353088378906 87.07771301269531 40.99365997314453 115.98759460449219
ship 0.9788536 153.0574951171875 46.04878616333008 181.98880004882812 74.99482727050781
frog 0.9783968 59.00631332397461 11.01652717590332 97.00946044921875 48.91612243652344
truck 0.9781295 123.04203033447266 99.04280853271484 154.89756774902344 130.98756408691406
deer 0.9774876 105.00582885742188 139.08218383789062 140.0174560546875 173.99301147460938
truck 0.9750547 15.98216438293457 135.05491638183594 41.99040222167969 161.0970001220703
automobile 0.9739096 208.03704833984375 91.09635162353516 242.99813842773438 125.9380874633789
automobile 0.97235024 169.1622772216797 81.11929321289062 194.9878387451172 106.89637756347656
cat 0.97048026 157.98394775390625 115.10188293457031 195.93215942382812 153.09861755371094
bird 0.9699279 123.02098083496094 19.99129867553711 139.01341247558594 35.96285629272461
cat 0.96757627 164.03802490234375 161.01795959472656 183.004638671875 180.0220489501953
airplane 0.9653168 209.9981689453125 26.071577072143555 229.04953002929688 45.002960205078125
cat 0.89397776 209.99232482910156 49.915245056152344 225.96669006347656 66.02311706542969
ship 0.8898035 61.888492584228516 195.19757080078125 100.07054138183594 232.89822387695312
cat 0.8284882 177.14996337890625 197.91091918945312 205.97518920898438 226.95010375976562
dog 0.7879611 37.11952590942383 63.0147705078125 55.973751068115234 82.0
truck 0.70511514 68.01180267333984 62.03644943237305 86.99820709228516 80.99357604980469
deer 0.6886641 153.91331481933594 199.17562866210938 170.4996795654297 217.05685424804688
automobile 0.5721103 68.02774810791016 62.07863998413086 87.05872344970703 81.05055236816406
automobile 0.5512845 37.03127670288086 63.03624725341797 55.98727798461914 82.20719146728516
airplane 0.35115173 62.005184173583984 195.09893798828125 100.00192260742188 233.01214599609375
bird 0.3236694 177.14442443847656 197.95655822753906 205.98329162597656 226.9789276123047
