automobile 0.9881375 202.05393981933594 146.0792999267578 231.0292510986328 175.0188446044922
ship 0.9859711 92.06916046142578 141.03846740722656 113.97171783447266 163.0323028564453
bird 0.9854265 200.01979064941406 97.01200866699219 238.01136779785156 134.9578399658203
airplane 0.9832965 82.13137817382812 57.04015350341797 111.07026672363281 85.99048614501953
airplane 0.98260045 145.02284240722656 99.11363983154297 174.02110290527344 127.92272186279297
airplane 0.97691476 105.96096801757812 184.0788116455078 141.01478576660156 219.11048889160156
bird 0.9737545 60.08997344970703 183.0808563232422 86.08393096923828 209.01686096191406
deer 0.97370505 165.06874084472656 212.0284423828125 184.13099670410156 231.07232666015625
ship 0.9704335 58.09791564941406 211.99977111816406 95.95155334472656 250.03590393066406
truck 0.96680415 184.9254608154297 211.95022583007812 214.0234832763672 241.04580688476562
airplane 0.9615034 152.0835418701172 155.08291625976562 181.03855895996094 183.974365234375
bird 0.9586587 147.06964111328125 22.145160675048828 165.95986938476562 41.0443229675293
automobile 0.9430002 201.0357208251953 184.9748077392578 219.9564971923828 203.99647521972656
dog 0.78440106 155.9716796875 56.925758361816406 194.00936889648438 95.01793670654297
dog 0.22121647 207.99343872070312 23.00652503967285 233.90841674804688 48.91387939453125
cat 0.21345627 155.90194702148438 56.93955993652344 194.02011108398438 95.02546691894531
