airplane 0.9849223 181.15419006347656 107.0633544921875 219.11866760253906 144.9302978515625
frog 0.98078537 174.04898071289062 57.053192138671875 195.99697875976562 79.04562377929688
ship 0.97855866 35.98893737792969 29.009008407592773 68.01402282714844 60.98456573486328
bird 0.9785308 212.05325317382812 52.07909393310547 234.0498046875 73.96131134033203
airplane 0.97836596 1.9963998794555664 54.0098876953125 21.042938232421875 73.02234649658203
truck 0.97204137 53.00543212890625 62.09308624267578 90.95851135253906 100.07205963134766
frog 0.97069085 108.23051452636719 130.0211181640625 143.02978515625 165.01321411132812
airplane 0.9705232 121.07378387451172 18.07021713256836 149.99179077148438 47.11919021606445
ship 0.9679868 134.03260803222656 70.12460327148438 166.03700256347656 102.05549621582031
bird 0.9634531 46.08254623413086 207.071533203125 78.0601806640625 238.99075317382812
automobile 0.96124107 51.99140930175781 101.08792877197266 78.13388061523438 126.97895050048828
ship 0.9607683 204.97677612304688 158.05337524414062 240.0283203125 192.94729614257812
ship 0.9524522 160.0855712890625 1.0693998336791992 186.02761840820312 27.043811798095703
frog 0.945356 123.07286834716797 184.0863037109375 161.03158569335938 221.99234008789062
frog 0.91960025 89.0441665649414 10.089722633361816 115.0700454711914 35.969627380371094
truck 0.8388636 171.0246124267578 195.017578125 200.0531768798828 223.91738891601562
airplane 0.8142919 93.1265640258789 75.11913299560547 128.00772094726562 110.0041275024414
cat 0.53895867 202.17005920410156 2.050689697265625 233.86228942871094 34.08491134643555
airplane 0.50500435 171.06121826171875 194.91964721679688 200.01168823242188 223.96261596679688
dog 0.50426507 202.17005920410156 2.050689697265625 233.86228942871094 34.08491134643555
cat 0.36887163 148.0721435546875 152.04205322265625 170.04647827148438 173.97677612304688
cat 0.24709988 93.20292663574219 75.05525207519531 127.97773742675781 109.90939331054688
