truck 0.98943853 182.06558227539062 181.1515350341797 201.01901245117188 200.0521697998047
truck 0.988889 90.00108337402344 145.01402282714844 118.97705078125 173.97486877441406
bird 0.9888225 134.01072692871094 96.99200439453125 153.06968688964844 115.9671630859375
deer 0.9867108 55.04524230957031 178.076904296875 76.98057556152344 200.06500244140625
truck 0.98618186 32.13285446166992 77.0791244506836 54.06315231323242 99.03191375732422
frog 0.982003 22.076107025146484 11.022295951843262 40.9842643737793 30.032352447509766
automobile 0.98099947 20.0517578125 195.02593994140625 42.034759521484375 217.05459594726562
ship 0.9804047 75.11405181884766 105.0343017578125 100.97704315185547 131.01043701171875
bird 0.9762954 89.05821990966797 74.04377746582031 115.03009796142578 100.06434631347656
bird 0.97184074 208.95018005371094 54.031776428222656 234.99546813964844 79.9451675415039
dog 0.9705224 8.097955703735352 133.0141143798828 42.95225524902344 168.0266571044922
frog 0.96966267 155.9849395751953 35.97771453857422 193.8987579345703 73.94284057617188
cat 0.9635444 118.99726867675781 213.00814819335938 153.9284210205078 248.08615112304688
dog 0.9586463 60.085453033447266 201.83692932128906 94.9443359375 237.05101013183594
frog 0.9468576 195.09249877929688 141.0949249267578 230.053466796875 176.02842712402344
cat 0.9405074 141.96478271484375 10.000777244567871 158.02273559570312 26.04381561279297
dog 0.8345541 63.03479766845703 22.003578186035156 81.99796295166016 41.047080993652344
airplane 0.69244754 166.9864044189453 12.045492172241211 186.02134704589844 31.291452407836914
deer 0.41031906 71.97776794433594 47.043922424316406 88.01608276367188 63.044944763183594
ship 0.3851626 166.9829864501953 12.040264129638672 186.0823516845703 31.042835235595703
cat 0.28822374 63.03424835205078 22.075912475585938 82.0044174194336 41.12739181518555
