ship 0.98822606 78.96448516845703 58.094970703125 98.01111602783203 76.939208984375
bird 0.9826565 172.00889587402344 140.09402465820312 207.0718231201172 175.03067016601562
truck 0.98167413 92.00662231445312 12.021583557128906 127.02961730957031 46.98728561401367
truck 0.9785536 207.9201202392578 24.043087005615234 245.9725799560547 61.91543197631836
cat 0.9614614 38.04462814331055 31.144779205322266 64.04193878173828 57.15983963012695
dog 0.9613661 75.01194763183594 134.3775177001953 113.33645629882812 172.0832977294922
deer 0.9574249 115.97373962402344 129.02951049804688 154.03318786621094 166.9527587890625
airplane 0.9568839 157.05113220214844 104.0008544921875 192.05628967285156 138.8070831298828
frog 0.95255923 165.13658142089844 35.04774856567383 202.95802307128906 73.00149536132812
automobile 0.94291824 24.997425079345703 109.02125549316406 41.00130844116211 125.095947265625
automobile 0.90382755 180.0073699951172 189.11378479003906 206.03929138183594 214.89244079589844
automobile 0.89570373 68.00377655029297 196.0243377685547 93.75811004638672 221.8572540283203
ship 0.82143927 51.114845275878906 85.04530334472656 88.85363006591797 123.32965087890625
cat 0.76655865 193.12966918945312 86.79718017578125 217.26153564453125 112.03280639648438
cat 0.6327554 10.02962875366211 62.009361267089844 47.74354934692383 100.0141830444336
dog 0.5731602 123.01800537109375 205.06793212890625 142.00021362304688 223.995849609375
dog 0.42074475 10.10026741027832 62.01769256591797 47.783470153808594 99.83165740966797
cat 0.41296276 15.916747093200684 211.9040985107422 35.03355026245117 231.1862335205078
bird 0.3247227 139.08969116210938 177.05601501464844 164.99594116210938 202.9706573486328
truck 0.30349332 16.028059005737305 212.0021514892578 35.034080505371094 231.0110321044922
deer 0.28711814 98.13477325439453 97.90985107421875 117.00943756103516 117.047119140625
deer 0.26899835 139.08969116210938 177.05601501464844 164.99594116210938 202.9706573486328
