cat 0.9831628 93.05597686767578 22.065502166748047 124.8783187866211 54.01064682006836
deer 0.97870946 97.99000549316406 71.04061889648438 130.1073455810547 103.01373291015625
truck 0.97381043 178.0785369873047 100.07988739013672 209.9120635986328 131.91879272460938
ship 0.9731895 23.100677490234375 131.0375518798828 48.97560119628906 157.0232391357422
frog 0.9724358 29.085941314697266 48.039024353027344 63.97392654418945 83.02289581298828
ship 0.9675229 111.98843383789062 152.01461791992188 137.94113159179688 178.03567504882812
dog 0.96400225 141.03179931640625 7.070479393005371 163.04598999023438 29.100662231445312
truck 0.96280813 178.11585998535156 45.02452850341797 215.92933654785156 83.05730438232422
bird 0.96193105 134.06002807617188 116.98695373535156 166.06829833984375 149.0780487060547
automobile 0.9616426 54.106903076171875 202.0443572998047 89.25624084472656 237.12672424316406
dog 0.9584608 210.09756469726562 5.1678667068481445 236.08758544921875 30.90188217163086
bird 0.950932 93.2220230102539 211.008544921875 127.9323501586914 246.02230834960938
deer 0.9477556 94.05191040039062 112.99907684326172 123.06889343261719 141.87501525878906
frog 0.9360105 200.1209259033203 190.03794860839844 226.0763702392578 215.9957733154297
bird 0.90691817 147.96694946289062 30.977872848510742 164.06597900390625 47.06892395019531
frog 0.8840467 159.11233520507812 200.0888671875 181.0174560546875 222.05227661132812
airplane 0.8717437 133.97607421875 61.077484130859375 168.99624633789062 95.97282409667969
airplane 0.65168667 151.0465545654297 172.06381225585938 173.05836486816406 193.906982421875
truck 0.32145944 151.02374267578125 171.9828643798828 173.07354736328125 193.9050750732422
dog 0.2647571 151.0187530517578 172.04888916015625 173.1066131591797 193.91363525390625
cat 0.25496054 151.02374267578125 171.9828643798828 173.07354736328125 193.9050750732422
automobile 0.2184262 133.93765258789062 61.06011962890625 169.02362060546875 95.95805358886719
