frog 0.9891902 90.01570892333984 158.03672790527344 111.9395980834961 180.0079803466797
automobile 0.9877349 122.06752014160156 70.0380859375 143.9427947998047 92.09257507324219
truck 0.9874228 165.05853271484375 177.06698608398438 184.03887939453125 196.05447387695312
ship 0.98503864 123.09495544433594 15.057143211364746 144.8210906982422 37.01596450805664
bird 0.984221 210.02105712890625 10.237227439880371 239.04150390625 38.99418258666992
automobile 0.980998 62.006187438964844 24.945682525634766 93.90145111083984 56.99785232543945
airplane 0.98064244 183.01353454589844 76.04434204101562 212.05479431152344 105.08073425292969
automobile 0.9796145 34.20630645751953 204.93089294433594 65.97338104248047 237.0966033935547
ship 0.9795321 154.00079345703125 7.093168258666992 182.9881591796875 35.964752197265625
truck 0.97944313 111.1663818359375 130.06686401367188 136.97889709472656 156.00238037109375
dog 0.9792659 204.99111938476562 108.03709411621094 223.96249389648438 127.20278930664062
cat 0.9791326 162.05270385742188 53.08855056762695 183.98355102539062 74.97005462646484
automobile 0.97872645 168.12901306152344 132.03848266601562 197.0278778076172 161.053955078125
deer 0.9759321 33.01939392089844 161.0294189453125 61.96307373046875 189.90594482421875
truck 0.967645 135.07823181152344 204.05996704101562 166.8697967529297 236.0245361328125
truck 0.95163965 118.22881317138672 164.0404052734375 143.99862670898438 190.05401611328125
ship 0.765539 215.0277099609375 45.09291458129883 231.01373291015625 61.06156539916992
airplane 0.6498538 48.027076721191406 111.00129699707031 67.0244369506836 130.052978515625
ship 0.36140954 48.008262634277344 111.01075744628906 67.04456329345703 130.0418701171875
truck 0.3082916 215.0062713623047 45.111995697021484 231.01344299316406 61.05824661254883
automobile 0.2325786 48.01691818237305 111.0442886352539 67.0455322265625 130.03392028808594
