airplane 0.9843552 154.9987030029297 44.04872131347656 174.0784149169922 63.01383972167969
ship 0.9827928 116.01954650878906 76.02623748779297 138.00729370117188 98.02185821533203
automobile 0.9822264 64.01502227783203 49.01728820800781 96.10729217529297 80.96940612792969
frog 0.9809938 20.07743263244629 133.0186004638672 48.99848937988281 162.0165252685547
automobile 0.97932345 28.05813980102539 214.0640106201172 50.00039291381836 236.06898498535156
frog 0.97861576 211.0938262939453 127.087890625 246.03550720214844 162.01077270507812
frog 0.9712721 71.05625915527344 115.96578216552734 87.06285095214844 131.95875549316406
cat 0.9683248 181.0461883544922 86.05224609375 210.04722595214844 115.0196533203125
airplane 0.9584522 32.998863220214844 38.0616340637207 61.99805450439453 67.00748443603516
frog 0.9582245 5.108996391296387 81.11248016357422 31.087276458740234 106.9546127319336
ship 0.93393326 212.03506469726562 203.0470733642578 234.015380859375 224.9822235107422
ship 0.9327173 163.080078125 171.10824584960938 188.92208862304688 196.96218872070312
frog 0.9225064 93.45515441894531 104.17847442626953 131.08514404296875 142.07142639160156
automobile 0.8397038 184.98446655273438 139.95716857910156 200.99990844726562 155.96388244628906
cat 0.82969815 93.2012939453125 212.13330078125 119.06346130371094 237.88031005859375
airplane 0.78968525 189.1216583251953 1.2068729400634766 226.8238983154297 39.04631805419922
dog 0.7638969 113.02374267578125 48.97734451293945 132.04391479492188 67.97224426269531
truck 0.58614975 115.11209869384766 179.067626953125 143.9423370361328 208.01052856445312
ship 0.50645983 115.14962005615234 179.10523986816406 143.92312622070312 207.98350524902344
automobile 0.48966673 189.18504333496094 1.405252456665039 226.70909118652344 38.89562225341797
bird 0.2518428 113.00872039794922 48.913330078125 132.0470428466797 67.8716812133789
