airplane 0.99380845 208.10960388183594 62.13209915161133 230.00318908691406 84.009033203125
frog 0.98721623 167.0662078857422 205.02392578125 186.0340118408203 224.01937866210938
deer 0.98423827 33.06151580810547 73.11004638671875 65.06969451904297 104.92529296875
deer 0.97980607 178.08607482910156 61.059112548828125 196.9790496826172 79.9288330078125
frog 0.978337 186.00772094726562 11.003650665283203 207.9957275390625 33.03805923461914
airplane 0.9769619 13.02438735961914 98.02140808105469 32.08293914794922 117.06591796875
bird 0.9739685 145.07135009765625 100.04031372070312 167.04248046875 122.01058959960938
automobile 0.9732863 121.15670776367188 8.061593055725098 143.02536010742188 29.99207305908203
ship 0.97220534 84.08796691894531 125.00867462158203 110.05863952636719 150.96453857421875
frog 0.96971154 194.95797729492188 208.06983947753906 230.09896850585938 242.8884735107422
ship 0.9694179 90.03414916992188 189.11068725585938 121.99397277832031 220.93106079101562
automobile 0.964527 122.05720520019531 127.0962142944336 150.96116638183594 156.05152893066406
dog 0.9633926 9.428311347961426 189.0410919189453 35.04487228393555 215.07728576660156
cat 0.9287266 29.965726852416992 6.182165145874023 68.03504180908203 44.062530517578125
frog 0.9104201 189.96339416503906 115.05257415771484 206.01744079589844 131.01280212402344
frog 0.86734986 16.151824951171875 119.68193054199219 31.91372299194336 135.88514709472656
airplane 0.7338273 211.03250122070312 98.07127380371094 239.92086791992188 127.11734008789062
cat 0.6774055 72.15339660644531 4.971963882446289 98.07611083984375 31.133901596069336
automobile 0.6245107 145.0735626220703 61.06528091430664 170.8882598876953 86.94784545898438
ship 0.44357347 211.07432556152344 98.14494323730469 239.87388610839844 127.11199951171875
truck 0.3254877 145.05984497070312 61.01182556152344 170.93032836914062 87.00273132324219
frog 0.259515 72.14079284667969 5.04872989654541 98.05288696289062 31.21038818359375
