automobile 0.9865047 178.0381317138672 144.26763916015625 207.13072204589844 173.16781616210938
ship 0.9820572 55.01122283935547 160.0703582763672 77.02835845947266 182.04393005371094
automobile 0.981188 15.029861450195312 94.12787628173828 37.013397216796875 116.03925323486328
ship 0.9721044 199.03317260742188 53.018104553222656 236.96719360351562 91.06356048583984
frog 0.9561267 85.04901123046875 45.09950256347656 107.05082702636719 67.00950622558594
truck 0.95402324 211.03550720214844 204.0196990966797 249.00489807128906 241.9799041748047
frog 0.93109244 174.98023986816406 93.04326629638672 194.1168670654297 111.94928741455078
frog 0.92961156 131.1114044189453 186.0222930908203 152.9824676513672 207.98204040527344
airplane 0.8832187 55.047752380371094 102.03689575195312 74.0020523071289 121.02767944335938
airplane 0.86779666 197.02467346191406 109.97917938232422 229.00819396972656 141.9345703125
deer 0.844594 43.098880767822266 5.042416572570801 62.01254653930664 23.96454620361328
frog 0.772028 116.00321197509766 23.07750701904297 138.04629516601562 44.9366455078125
bird 0.67023814 50.101688385009766 59.12648010253906 79.12434387207031 87.97074890136719
airplane 0.50887847 148.0094757080078 118.01129150390625 174.00108337402344 143.93484497070312
dog 0.4959292 10.034832954406738 200.98715209960938 29.066505432128906 219.93115234375
bird 0.4557172 115.95536804199219 23.10118293762207 138.0765838623047 44.978843688964844
ship 0.3807456 50.02854537963867 59.14382553100586 79.12860107421875 87.9865951538086
bird 0.36969447 10.031750679016113 200.8993377685547 29.137928009033203 219.9627227783203
cat 0.35806972 10.031750679016113 200.8993377685547 29.137928009033203 219.9627227783203
deer 0.2966113 50.02854537963867 59.14382553100586 79.12860107421875 87.9865951538086
ship 0.20604181 55.047332763671875 102.00215911865234 74.03128051757812 120.97925567626953
