automobile 0.98662174 99.11156463623047 157.0982208251953 121.0338363647461 179.02235412597656
airplane 0.9825635 11.05978775024414 29.022220611572266 33.03335952758789 51.02566909790039
truck 0.9816819 209.06813049316406 73.03974151611328 230.99549865722656 95.08124542236328
ship 0.981299 118.08432006835938 50.05878448486328 139.97463989257812 71.9979248046875
airplane 0.9798175 64.0765609741211 79.0875473022461 86.06432342529297 100.98807525634766
frog 0.9776417 189.0716552734375 178.02374267578125 224.06417846679688 212.99862670898438
frog 0.9766816 172.193603515625 54.156982421875 198.0203857421875 79.88922119140625
automobile 0.9735403 152.12734985351562 15.010627746582031 189.9664306640625 53.1282958984375
deer 0.9726088 67.10871887207031 183.03936767578125 95.98570251464844 211.87600708007812
ship 0.96929383 100.08411407470703 215.03082275390625 135.17056274414062 250.00119018554688
cat 0.9686792 20.064559936523438 67.04261779785156 45.998748779296875 93.01698303222656
automobile 0.9618177 38.9556770324707 213.01255798339844 67.97220611572266 242.00242614746094
frog 0.9288597 139.1190185546875 155.9781494140625 170.92852783203125 187.90509033203125
dog 0.8867272 131.0869903564453 112.0497817993164 153.02247619628906 134.05191040039062
dog 0.87919605 25.09967041015625 174.1493682861328 59.97991180419922 208.77626037597656
automobile 0.73789954 199.9320831298828 153.71533203125 219.13648986816406 174.4327392578125
frog 0.723086 77.08258056640625 105.96846008300781 105.9407958984375 134.97776794433594
cat 0.524613 148.09158325195312 208.9960174560547 178.35177612304688 241.1075897216797
deer 0.51475334 76.99809265136719 106.00559997558594 105.9029541015625 135.15208435058594
deer 0.33982438 179.00888061523438 103.98211669921875 194.9739990234375 119.97775268554688
frog 0.2983617 147.84808349609375 208.9332733154297 178.65200805664062 241.2104949951172
bird 0.27785975 179.02883911132812 103.99178314208984 194.98907470703125 119.93915557861328
cat 0.24720067 179.02883911132812 103.99178314208984 194.98907470703125 119.93915557861328
airplane 0.22080827 179.02883911132812 103.99178314208984 194.98907470703125 119.93915557861328
bird 0.20482993 76.99809265136719 106.00559997558594 105.9029541015625 135.15208435058594
