deer 0.9910872 62.06574249267578 11.072188377380371 80.9657211303711 30.02220916748047
automobile 0.98412144 97.9571533203125 161.005859375 130.14151000976562 192.99594116210938
frog 0.9793634 73.04984283447266 208.9883575439453 111.06339263916016 246.9459991455078
airplane 0.97861695 190.03916931152344 137.01564025878906 222.04600524902344 169.0825958251953
airplane 0.9780276 72.05271911621094 87.92501831054688 98.05575561523438 113.92404174804688
automobile 0.97699076 151.0509033203125 174.1046905517578 180.02621459960938 202.9533233642578
frog 0.9756491 45.010440826416016 107.02687072753906 63.99839401245117 126.07170104980469
automobile 0.975072 150.087890625 36.99345397949219 175.95547485351562 63.06487274169922
bird 0.97391707 163.0774688720703 75.20350646972656 200.98158264160156 113.03840637207031
deer 0.9727234 72.0345230102539 127.0607681274414 94.01209259033203 149.06178283691406
bird 0.97218424 42.03121566772461 49.0331916809082 79.88870239257812 86.96609497070312
bird 0.97169566 207.05245971679688 96.0555191040039 236.020263671875 124.91744232177734
cat 0.970291 4.045506477355957 170.0826873779297 25.961952209472656 192.06016540527344
cat 0.96952546 186.16607666015625 42.10082244873047 217.91958618164062 73.87781524658203
ship 0.96026206 108.0521469116211 89.0796890258789 143.20809936523438 124.01995086669922
cat 0.95692015 0.8208389282226562 109.06709289550781 33.09062576293945 141.00306701660156
deer 0.8397374 10.224007606506348 68.26715087890625 38.861473083496094 94.04313659667969
cat 0.5090954 123.86717224121094 45.11688995361328 143.14964294433594 64.01513671875
frog 0.44823393 123.86717224121094 45.11688995361328 143.14964294433594 64.01513671875
dog 0.37431437 123.99093627929688 45.11946105957031 143.13265991210938 64.0425033569336
frog 0.2240552 167.0256805419922 154.072021484375 183.0094757080078 170.05599975585938
