ship 0.98817205 187.1345672607422 123.09484100341797 208.9959259033203 144.98678588867188
frog 0.9805334 9.057324409484863 75.89968872070312 31.037010192871094 98.03704833984375
deer 0.9802915 7.066611289978027 43.07232666015625 35.939266204833984 72.07481384277344
automobile 0.9756658 118.027587890625 147.0339813232422 156.00570678710938 185.03855895996094
frog 0.97388345 163.0474090576172 176.0661163330078 198.0912628173828 211.02622985839844
frog 0.9730979 115.0640869140625 113.94022369384766 147.0831298828125 146.09461975097656
ship 0.9689369 7.011711120605469 141.85647583007812 45.04104995727539 180.0009765625
bird 0.9679866 70.13988494873047 30.090099334716797 104.99608612060547 65.05734252929688
cat 0.96728253 52.04994201660156 89.9864501953125 89.96722412109375 127.99897766113281
ship 0.9647349 8.094395637512207 110.13761901855469 33.932647705078125 135.99026489257812
dog 0.95565474 67.066650390625 163.03721618652344 85.93960571289062 181.9705047607422
frog 0.9533495 181.08181762695312 95.06261444091797 202.92742919921875 117.03878021240234
frog 0.95013803 204.36891174316406 190.08401489257812 239.04664611816406 225.05270385742188
ship 0.9394461 148.0499267578125 27.098960876464844 170.05218505859375 49.01245880126953
dog 0.929845 16.99159812927246 7.020660400390625 43.12401580810547 33.18214797973633
automobile 0.9077982 142.01390075683594 73.05369567871094 158.02525329589844 89.00909423828125
dog 0.87370944 25.13016128540039 206.054931640625 59.95461654663086 240.88156127929688
bird 0.72545385 209.02919006347656 35.053924560546875 246.97914123535156 73.03585052490234
cat 0.6974294 197.18948364257812 150.05300903320312 215.74044799804688 169.0911865234375
frog 0.5250632 77.02959442138672 205.08351135253906 93.02046966552734 220.96998596191406
truck 0.381079 77.00564575195312 205.1065673828125 93.007080078125 221.01959228515625
truck 0.31667054 141.96554565429688 73.03244018554688 158.04718017578125 89.01033020019531
dog 0.28892377 197.18948364257812 150.05300903320312 215.74044799804688 169.0911865234375
bird 0.23548141 77.04387664794922 205.07449340820312 92.97956085205078 221.02789306640625
