automobile 0.98256195 95.03543090820312 43.986820220947266 113.98764038085938 63.00943374633789
deer 0.9816114 172.04873657226562 190.96951293945312 207.05227661132812 226.05520629882812
airplane 0.98017883 8.014286041259766 100.0587387084961 46.03875732421875 137.9188995361328
automobile 0.97652054 46.070343017578125 143.9538116455078 72.009765625 169.98191833496094
dog 0.97548777 111.96450805664062 106.12966918945312 146.9644775390625 141.01217651367188
truck 0.9747546 161.0087127685547 88.9775161743164 193.11940002441406 120.9885025024414
frog 0.97391033 122.05199432373047 205.94761657714844 160.14727783203125 244.0635528564453
automobile 0.97322476 27.985137939453125 202.98687744140625 59.98529052734375 234.98989868164062
deer 0.9726122 193.10353088378906 31.975391387939453 231.0352020263672 70.03353881835938
frog 0.9712576 185.1101531982422 152.09671020507812 217.0211944580078 183.82626342773438
dog 0.9689915 28.01800537109375 45.01921463012695 57.08038330078125 73.93082427978516
frog 0.951975 72.02308654785156 205.02915954589844 109.95770263671875 243.03736877441406
cat 0.8101123 55.048187255859375 88.00323486328125 90.04682922363281 123.08303833007812
ship 0.7564793 115.06934356689453 3.1307239532470703 137.003662109375 25.06134605407715
cat 0.5676718 87.03653717041016 133.0295867919922 103.01067352294922 149.01478576660156
dog 0.5273427 202.14657592773438 81.13302612304688 221.06045532226562 99.94061279296875
dog 0.52405095 144.12782287597656 47.04271697998047 172.89988708496094 76.01644134521484
cat 0.4653266 144.130126953125 47.02407455444336 172.97500610351562 76.00745391845703
frog 0.38737196 115.09825897216797 3.0908584594726562 136.97393798828125 24.928142547607422
bird 0.37341195 87.08995819091797 133.05357360839844 103.0218734741211 149.02781677246094
frog 0.21979943 87.06680297851562 133.0551300048828 102.99827575683594 149.01707458496094
