truck 0.9787059 135.94537353515625 98.07048797607422 154.97824096679688 117.03179168701172
automobile 0.9778082 118.06441497802734 1.9429378509521484 140.1173553466797 24.0042667388916
dog 0.9776814 188.03271484375 144.99827575683594 207.02816772460938 163.9620819091797
automobile 0.97766566 192.04122924804688 79.02192687988281 230.07281494140625 117.10299682617188
truck 0.97331154 69.06910705566406 170.00518798828125 88.03651428222656 188.98284912109375
deer 0.9705411 81.02281951904297 201.00762939453125 112.9382553100586 232.99966430664062
bird 0.9699738 146.06956481933594 5.001363754272461 183.95872497558594 42.9534912109375
ship 0.9667311 93.88105773925781 136.95765686035156 126.02464294433594 169.1604766845703
deer 0.95711005 151.00283813476562 210.03091430664062 180.0855712890625 238.9920654296875
deer 0.9554889 9.100320816040039 1.8812217712402344 38.01771545410156 31.063072204589844
truck 0.95035195 188.06007385253906 41.004539489746094 207.0231170654297 60.05335998535156
cat 0.916469 53.08521270751953 138.07534790039062 81.99564361572266 167.21060180664062
frog 0.9160932 19.002357482910156 200.9623260498047 35.0673828125 217.0498504638672
cat 0.8426112 209.02102661132812 161.01458740234375 238.02462768554688 189.915771484375
truck 0.82255733 109.18417358398438 37.05071258544922 141.04214477539062 68.92353820800781
cat 0.79850125 54.074363708496094 19.114713668823242 83.06095123291016 47.98719787597656
airplane 0.62044513 4.054278373718262 79.05546569824219 22.96741485595703 97.99104309082031
ship 0.5031467 4.042803764343262 79.0556640625 22.924720764160156 97.95635986328125
truck 0.29999262 209.04367065429688 160.9849853515625 238.02764892578125 189.94647216796875
dog 0.2665285 54.037757873535156 19.089618682861328 83.07494354248047 48.02714157104492
automobile 0.22531167 188.07028198242188 41.30528259277344 207.02471923828125 60.095420837402344
