ship 0.9834422 37.10599136352539 11.01723575592041 65.96647644042969 40.13072967529297
frog 0.98168015 1.0569095611572266 140.07643127441406 33.01062774658203 172.0579071044922
frog 0.9802346 129.93605041503906 104.02438354492188 162.1382293701172 136.0375518798828
dog 0.9773921 117.0704345703125 198.00592041015625 155.080322265625 235.98513793945312
truck 0.9772489 86.05549621582031 115.0324935913086 111.9111328125 141.05020141601562
truck 0.97644544 23.066246032714844 46.13383865356445 61.03363800048828 84.03392028808594
dog 0.96541464 208.25820922851562 159.1326904296875 236.8814697265625 187.99658203125
ship 0.96278757 154.00355529785156 160.01986694335938 173.04747009277344 179.031494140625
cat 0.9549594 179.09573364257812 86.99555206298828 217.04568481445312 124.9785385131836
deer 0.9293966 164.03854370117188 63.07810592651367 186.01718139648438 85.01299285888672
frog 0.9233876 24.065893173217773 198.95791625976562 61.99085998535156 237.08184814453125
dog 0.92286706 194.0629119873047 10.13712215423584 219.95506286621094 35.92611312866211
airplane 0.8673831 104.01000213623047 22.044639587402344 123.01074981689453 40.98414611816406
ship 0.80835783 84.97637939453125 181.00350952148438 100.99363708496094 196.99822998046875
frog 0.6902267 34.094825744628906 112.05575561523438 59.970542907714844 138.03659057617188
ship 0.64967346 34.12241744995117 145.93948364257812 68.98789978027344 181.08358764648438
bird 0.64782834 178.261474609375 209.07437133789062 213.56573486328125 245.77706909179688
deer 0.6298442 191.01913452148438 151.9956512451172 207.02749633789062 168.02101135253906
deer 0.42816043 34.18107604980469 111.99666595458984 59.96522521972656 137.99429321289062
ship 0.42796162 190.98924255371094 151.98959350585938 207.0513153076172 167.96759033203125
airplane 0.41197777 34.12241744995117 145.93948364257812 68.98789978027344 181.08358764648438
dog 0.41138208 66.02027893066406 204.02880859375 84.96844482421875 223.05081176757812
deer 0.37369102 65.93130493164062 204.1232147216797 85.05340576171875 223.09352111816406
deer 0.34048563 104.0116958618164 21.994348526000977 122.92398834228516 40.95966339111328
frog 0.30788 65.93130493164062 204.1232147216797 85.05340576171875 223.09352111816406
airplane 0.27738458 178.261474609375 209.07437133789062 213.56573486328125 245.77706909179688
airplane 0.24360764 85.06536102294922 180.9479522705078 100.93912506103516 196.99620056152344
airplane 0.23980683 191.01571655273438 152.01036071777344 207.02972412109375 168.02098083496094
ship 0.22783023 177.557861328125 209.02679443359375 214.50430297851562 247.58627319335938
dog 0.22306952 190.98924255371094 151.98959350585938 207.0513153076172 167.96759033203125
ship 0.20285714 104.0116958618164 21.994348526000977 122.92398834228516 40.95966339111328
