ship 0.98845404 108.11566162109375 12.053288459777832 129.9453887939453 34.05594253540039
automobile 0.9881518 134.11520385742188 72.04093933105469 155.99545288085938 93.98672485351562
deer 0.98776025 14.053217887878418 201.0882568359375 35.99641036987305 223.08078002929688
automobile 0.9870679 93.06982421875 49.08238983154297 130.9441375732422 87.02030181884766
bird 0.9847037 74.03157043457031 132.12257385253906 105.95175170898438 163.8313751220703
deer 0.9825268 17.07923698425293 25.953590393066406 48.92219543457031 57.973838806152344
deer 0.98006845 203.1173553466797 70.08255767822266 225.01441955566406 92.0177230834961
ship 0.9786879 191.03530883789062 197.02662658691406 223.08065795898438 228.95579528808594
ship 0.969813 14.08134651184082 100.07328796386719 48.931236267089844 135.14471435546875
bird 0.9661875 155.1029815673828 115.05711364746094 193.04603576660156 153.0069122314453
frog 0.9404447 72.03939056396484 169.98736572265625 100.9129867553711 198.968994140625
bird 0.78276265 56.98667907714844 65.07022857666016 83.04721069335938 90.98604583740234
dog 0.76638585 122.02699279785156 126.1297836303711 150.99696350097656 154.90121459960938
airplane 0.7284146 182.05747985839844 65.06797790527344 200.9779510498047 84.03184509277344
bird 0.6468785 14.017951965332031 172.9938507080078 30.07425308227539 188.95753479003906
dog 0.6384039 65.0496826171875 107.06732177734375 87.01983642578125 129.0585479736328
deer 0.6062477 60.97657775878906 25.05908203125 83.06251525878906 46.98155975341797
bird 0.59131134 110.01490783691406 181.9108123779297 129.11456298828125 200.9858856201172
airplane 0.57645404 109.9576644897461 182.01478576660156 129.01976013183594 201.0255889892578
ship 0.39924723 181.98583984375 65.00542449951172 200.96319580078125 84.0054702758789
bird 0.337682 65.00920867919922 107.11648559570312 87.08458709716797 128.99659729003906
deer 0.33641574 57.034847259521484 65.07062530517578 83.08317565917969 90.90995025634766
deer 0.29916686 14.017951965332031 172.9938507080078 30.07425308227539 188.95753479003906
deer 0.2504252 122.04060363769531 126.14859008789062 151.0200958251953 154.93539428710938
frog 0.23128384 110.01490783691406 181.9108123779297 129.11456298828125 200.9858856201172
cat 0.22139752 14.017951965332031 172.9938507080078 30.07425308227539 188.95753479003906
