truck 0.9852525 9.083266258239746 104.0229263305664 31.073322296142578 126.01726531982422
truck 0.98257875 188.04489135742188 42.40593719482422 226.02365112304688 79.94072723388672
cat 0.9766712 111.99492645263672 61.02967834472656 141.03057861328125 90.03276062011719
deer 0.9704846 211.10353088378906 104.07891845703125 249.0372772216797 142.05947875976562
bird 0.9703945 141.05328369140625 155.99884033203125 173.11154174804688 187.98074340820312
cat 0.9642905 194.0052947998047 6.007769584655762 220.0056610107422 32.139549255371094
ship 0.96054375 33.9771614074707 100.01222229003906 49.98349380493164 115.99462890625
ship 0.9602171 1.0450363159179688 46.98209762573242 29.990568161010742 76.04032135009766
frog 0.9560772 59.114646911621094 108.06939697265625 93.92232513427734 143.02572631835938
cat 0.94750935 96.03665924072266 209.97732543945312 111.98737335205078 226.00009155273438
dog 0.94226015 123.97042846679688 12.913826942443848 150.01318359375 39.0350456237793
bird 0.9251236 72.95631408691406 6.042713165283203 99.01663208007812 31.923675537109375
airplane 0.8313092 15.03441333770752 172.01158142089844 44.09656524658203 201.02333068847656
cat 0.8249105 133.28073120117188 110.74229431152344 159.06719970703125 132.056640625
frog 0.7316866 168.1292266845703 115.09004974365234 194.10655212402344 141.02061462402344
cat 0.6595552 56.03732681274414 0.6685409545898438 72.06533813476562 16.902259826660156
bird 0.6021716 188.02430725097656 150.1365966796875 217.06459045410156 179.02166748046875
airplane 0.4763979 188.02430725097656 150.1365966796875 217.06459045410156 179.02166748046875
dog 0.45039302 117.07347106933594 159.0882110595703 135.9984588623047 177.9981231689453
truck 0.352868 56.084999084472656 0.6403398513793945 72.02664947509766 17.017993927001953
automobile 0.24244255 14.99671459197998 172.0353240966797 44.094058990478516 200.96412658691406
truck 0.23331633 168.1292266845703 115.09004974365234 194.10655212402344 141.02061462402344
bird 0.20702711 168.1292266845703 115.09004974365234 194.10655212402344 141.02061462402344
