bird 0.9910453 63.14373016357422 162.1024169921875 84.99654388427734 183.96026611328125
truck 0.986657 163.95396423339844 11.044830322265625 183.0263214111328 30.055675506591797
automobile 0.9819014 153.06834411621094 62.955078125 188.01316833496094 98.0850830078125
dog 0.9802353 214.05528259277344 190.06556701660156 242.91432189941406 218.88389587402344
frog 0.9764948 25.114301681518555 179.20297241210938 59.99767303466797 213.99728393554688
cat 0.97407764 176.52674865722656 176.29721069335938 205.0082244873047 204.94317626953125
truck 0.97325265 58.008174896240234 50.997066497802734 95.88618469238281 89.03303527832031
bird 0.9697899 199.0692596435547 46.019996643066406 234.0038604736328 80.99909210205078
automobile 0.969013 129.92864990234375 206.90187072753906 155.9530029296875 233.10377502441406
automobile 0.9455668 91.17772674560547 177.10797119140625 117.14258575439453 203.0775146484375
ship 0.9137945 78.26506805419922 23.103710174560547 96.83148956298828 41.93009567260742
truck 0.9134866 44.9456787109375 135.28504943847656 70.61093139648438 160.61265563964844
bird 0.7941973 211.9296875 120.93830108642578 244.02255249023438 153.06787109375
cat 0.7437102 72.94546508789062 112.03804016113281 88.99171447753906 128.04833984375
frog 0.6940501 110.96295166015625 203.98216247558594 127.082763671875 220.0397491455078
dog 0.67241263 34.02179718017578 91.107177734375 63.007301330566406 120.03935241699219
deer 0.60538137 113.99849700927734 72.00994110107422 132.95562744140625 91.0628433227539
truck 0.46242386 211.86444091796875 120.83963012695312 244.08853149414062 153.13565063476562
bird 0.42033526 110.97650909423828 203.97976684570312 127.0395278930664 220.01226806640625
cat 0.32555497 34.0439453125 91.08475494384766 63.011749267578125 120.05716705322266
airplane 0.29153913 114.01948547363281 72.01190185546875 133.0192413330078 90.96682739257812
dog 0.2269865 72.97769165039062 112.05506896972656 89.00372314453125 128.06138610839844
cat 0.21124384 114.03477478027344 72.02913665771484 132.98492431640625 90.99092864990234
truck 0.20713118 72.97769165039062 112.05506896972656 89.00372314453125 128.06138610839844
