automobile 0.9872091 7.107730865478516 93.10800170898438 26.012001037597656 111.92987060546875
frog 0.9867737 31.02924346923828 54.08529281616211 53.01647186279297 76.01371765136719
bird 0.98481536 107.12165832519531 139.05572509765625 129.04031372070312 161.02655029296875
truck 0.9827293 50.1629638671875 91.06987762451172 82.00308227539062 123.01595306396484
ship 0.9816972 69.0721435546875 143.10342407226562 98.17131042480469 171.93704223632812
airplane 0.9790274 170.08432006835938 22.043033599853516 204.93276977539062 56.97957229614258
ship 0.9743849 161.0729217529297 138.04022216796875 190.0593719482422 167.18063354492188
airplane 0.973608 118.0591049194336 188.03321838378906 140.01834106445312 209.99537658691406
dog 0.9684826 97.04053497314453 102.15141296386719 119.05669403076172 124.0543212890625
airplane 0.964375 38.952693939208984 7.133821487426758 61.04356002807617 28.98287010192871
automobile 0.9615369 112.98820495605469 41.09352111816406 148.07875061035156 76.14945220947266
automobile 0.9615103 69.04415130615234 31.024324417114258 101.01177215576172 63.080711364746094
frog 0.9591751 143.07594299316406 197.10256958007812 177.6848907470703 232.03363037109375
airplane 0.94550747 2.0896778106689453 9.024957656860352 37.305450439453125 44.034141540527344
frog 0.9100729 212.04446411132812 47.053707122802734 246.93307495117188 81.952392578125
deer 0.8715802 191.1449432373047 126.12648010253906 220.01243591308594 155.00523376464844
bird 0.8701689 74.98129272460938 214.0799102783203 90.99502563476562 230.18080139160156
dog 0.8410202 24.03998565673828 195.01885986328125 49.94634246826172 220.9716796875
deer 0.66582817 204.05197143554688 181.07115173339844 241.8287353515625 219.0054168701172
cat 0.29557294 204.146240234375 181.03515625 242.02627563476562 219.05026245117188
frog 0.21139526 24.026016235351562 195.01307678222656 49.93408966064453 221.0471649169922
