dog 0.9865525 92.04779052734375 168.0461883544922 114.00582885742188 189.9177703857422
truck 0.98368275 125.15142822265625 215.11497497558594 153.98114013671875 243.9807891845703
cat 0.98360276 178.10679626464844 94.1080551147461 207.1284637451172 123.00995635986328
deer 0.98209906 119.02686309814453 131.0522003173828 156.97421264648438 168.96607971191406
dog 0.98034847 78.18418884277344 13.045619010925293 99.99612426757812 35.02511215209961
truck 0.98015845 22.010986328125 99.02642822265625 53.88819122314453 131.0049285888672
deer 0.97873604 9.99621295928955 194.06298828125 41.95499038696289 226.05682373046875
airplane 0.97695166 60.025184631347656 15.017818450927734 76.09227752685547 31.014175415039062
dog 0.97444147 48.07103729248047 35.909610748291016 79.97199249267578 68.03770446777344
frog 0.9662602 190.8305206298828 36.97754669189453 219.91673278808594 66.00849914550781
frog 0.95993936 190.09254455566406 9.04846477508545 215.9267120361328 35.005531311035156
frog 0.95280004 95.02593231201172 193.91456604003906 114.0040512084961 213.0447235107422
frog 0.9507235 129.9981689453125 22.075965881347656 159.0579833984375 51.01930236816406
deer 0.9500873 155.1206817626953 175.08251953125 183.9395294189453 204.05197143554688
airplane 0.92774063 211.9410858154297 87.10362243652344 237.9250030517578 112.97657775878906
airplane 0.8710312 52.18763732910156 132.218017578125 84.07270812988281 163.990966796875
automobile 0.84135413 3.032120704650879 158.05557250976562 21.957313537597656 177.03094482421875
dog 0.72286284 169.12271118164062 42.081878662109375 188.02011108398438 61.011924743652344
frog 0.47859988 14.085094451904297 32.168548583984375 42.716861724853516 61.004608154296875
cat 0.39913973 169.1502227783203 42.10712432861328 188.0278778076172 60.92997741699219
deer 0.31514636 14.02785587310791 31.828208923339844 42.90129089355469 61.01874542236328
truck 0.30491 3.174100875854492 158.10853576660156 21.934181213378906 176.91212463378906
cat 0.29854542 14.038802146911621 32.160614013671875 42.79951477050781 60.947959899902344
dog 0.26478767 14.09778881072998 32.14550018310547 42.79596710205078 60.9503173828125
