automobile 0.9867663 119.03575897216797 113.97853088378906 141.00196838378906 136.04490661621094
automobile 0.98403704 15.050227165222168 29.079673767089844 34.109554290771484 47.717613220214844
ship 0.9834275 105.12197875976562 146.0723876953125 127.09463500976562 167.96591186523438
deer 0.98088026 3.8988399505615234 122.05038452148438 25.990196228027344 144.0284423828125
deer 0.9797044 85.029052734375 98.9592056274414 111.02304077148438 124.9332504272461
frog 0.97849154 197.93771362304688 198.01524353027344 233.01358032226562 233.08995056152344
airplane 0.9769336 139.07354736328125 1.0405158996582031 174.02935791015625 36.00422668457031
dog 0.9724159 107.15548706054688 34.09347915649414 129.01092529296875 55.98397445678711
truck 0.9722862 41.09422302246094 5.952312469482422 78.98796081542969 44.022064208984375
cat 0.97095656 32.13016891479492 110.14534759521484 58.07186508178711 135.9606170654297
deer 0.95525753 208.115478515625 20.995662689208984 242.94287109375 55.89688491821289
airplane 0.9438896 204.20492553710938 83.0830078125 242.00979614257812 121.14991760253906
airplane 0.90151113 190.005859375 130.17169189453125 222.0208740234375 162.02734375
ship 0.86552787 125.24308776855469 74.41677856445312 153.77040100097656 102.88304138183594
automobile 0.73081857 76.02050018310547 138.91880798339844 91.96334075927734 155.0083770751953
cat 0.7167101 51.08267593383789 169.05360412597656 86.02078247070312 204.0189971923828
cat 0.53352743 84.02822875976562 206.07276916503906 105.99714660644531 227.95823669433594
dog 0.5093707 83.98002624511719 206.10643005371094 105.97802734375 227.87696838378906
dog 0.4073752 167.0140380859375 142.95675659179688 182.98678588867188 159.11138916015625
truck 0.36038435 75.991455078125 138.90707397460938 91.97062683105469 154.97857666015625
airplane 0.30367666 51.08820343017578 169.0681915283203 86.00496673583984 203.9552459716797
