truck 0.98755515 105.94788360595703 49.008216857910156 122.03397369384766 65.05248260498047
airplane 0.9873048 148.04037475585938 88.041259765625 170.10824584960938 110.0316162109375
deer 0.9855243 88.0544662475586 16.09031105041504 110.09900665283203 37.98152160644531
truck 0.97921234 182.1522979736328 154.0347900390625 211.1294403076172 183.00869750976562
automobile 0.97899723 98.0830078125 198.02952575683594 132.9351348876953 233.0288543701172
airplane 0.977692 39.981266021728516 123.0125732421875 69.06668090820312 152.01712036132812
cat 0.9735695 177.09707641601562 46.0510139465332 208.96044921875 78.1402587890625
frog 0.97265035 109.98969268798828 126.00050354003906 139.09136962890625 155.07725524902344
airplane 0.96892065 173.0522918701172 89.998291015625 211.0353240966797 127.93098449707031
frog 0.96389574 63.12192916870117 78.03839111328125 100.94166564941406 116.07289123535156
frog 0.9634197 201.1114044189453 208.34725952148438 230.0309600830078 236.82284545898438
automobile 0.94692266 112.13941955566406 157.126220703125 144.0559539794922 188.9730224609375
deer 0.92758524 117.07538604736328 85.08427429199219 145.99569702148438 113.92744445800781
cat 0.7696891 147.97694396972656 195.0808563232422 180.09654235839844 226.8891143798828
frog 0.70155644 67.12617492675781 193.00192260742188 95.95663452148438 221.96185302734375
frog 0.649845 10.073994636535645 105.05810546875 36.02614212036133 130.97145080566406
bird 0.6015117 32.039512634277344 49.069427490234375 58.173805236816406 74.88249206542969
automobile 0.59874964 123.9946060180664 4.986520767211914 139.96710205078125 21.03789710998535
frog 0.5409683 149.21292114257812 139.0752410888672 169.94638061523438 159.88792419433594
dog 0.3906528 123.98018646240234 5.00849723815918 139.95571899414062 21.04622459411621
dog 0.3388824 32.01245880126953 49.06398010253906 58.154144287109375 74.8882064819336
bird 0.30888104 123.98018646240234 5.00849723815918 139.95571899414062 21.04622459411621
cat 0.30253652 149.23780822753906 139.08934020996094 170.12123107910156 159.97047424316406
deer 0.27469742 32.039512634277344 49.069427490234375 58.173805236816406 74.88249206542969
bird 0.2521069 67.17240905761719 193.0867919921875 96.01321411132812 221.96017456054688
cat 0.2346113 123.9946060180664 4.986520767211914 139.96710205078125 21.03789710998535
