ship 0.984911 105.00833129882812 10.06990909576416 123.97319030761719 28.993595123291016
bird 0.9845409 62.011695861816406 105.98875427246094 91.0634994506836 134.9900665283203
airplane 0.9827957 74.02236938476562 21.012359619140625 102.94821166992188 50.11322784423828
dog 0.97995603 19.08174705505371 40.9401741027832 47.99427795410156 70.08622741699219
airplane 0.9798827 104.00362396240234 47.032493591308594 126.01599884033203 69.01566314697266
frog 0.9776467 212.90447998046875 55.99665832519531 251.100830078125 94.02883911132812
dog 0.972988 16.056673049926758 178.06246948242188 50.995689392089844 213.07260131835938
bird 0.9713707 187.1267852783203 106.04424285888672 215.9579620361328 135.01119995117188
deer 0.9664486 194.10301208496094 184.95504760742188 223.19691467285156 213.9906005859375
bird 0.96577907 173.0862579345703 63.99959182739258 210.9254608154297 102.02970886230469
deer 0.9444445 186.11111450195312 20.0020751953125 220.97384643554688 54.99407958984375
truck 0.8712617 118.03738403320312 171.11021423339844 134.19345092773438 187.0418243408203
frog 0.82650125 45.04075622558594 139.93231201171875 76.93795776367188 172.11129760742188
cat 0.82593465 132.024658203125 210.99107360839844 151.0203857421875 229.9807586669922
airplane 0.80602795 93.07745361328125 213.0757598876953 128.12814331054688 247.9553680419922
bird 0.7685106 75.07139587402344 53.20262908935547 94.002197265625 71.99873352050781
automobile 0.72169006 166.97805786132812 111.04776000976562 183.03475952148438 127.08335876464844
bird 0.6900367 196.00900268554688 144.265869140625 218.02285766601562 166.03012084960938
deer 0.5332954 118.97023010253906 118.16188049316406 147.9435272216797 147.0230255126953
airplane 0.52961504 166.97225952148438 111.0404052734375 183.07803344726562 127.12290954589844
frog 0.46372885 119.0954360961914 118.06929779052734 148.07470703125 147.041015625
deer 0.3544987 75.00467681884766 53.135162353515625 94.04814910888672 72.06060028076172
airplane 0.30466056 74.97029113769531 53.12459945678711 94.02915954589844 72.01266479492188
ship 0.2955554 93.04854583740234 213.0047607421875 128.146484375 248.02499389648438
automobile 0.23680711 118.0389175415039 171.0936279296875 134.2305908203125 187.03341674804688
bird 0.23641011 118.97023010253906 118.16188049316406 147.9435272216797 147.0230255126953
frog 0.21731704 195.9987335205078 144.2633514404297 218.0742645263672 166.0329132080078
