airplane 0.9830265 131.0890350341797 147.08169555664062 162.99464416503906 178.98309326171875
truck 0.9812901 78.12078857421875 48.02082824707031 110.07421875 80.03216552734375
ship 0.9811506 17.060657501220703 0.9766921997070312 49.131099700927734 33.11173629760742
truck 0.9785977 215.06076049804688 98.00688171386719 230.99819946289062 113.99125671386719
ship 0.9781865 14.035978317260742 185.02847290039062 48.960166931152344 219.98455810546875
bird 0.97516525 27.999366760253906 50.01927185058594 66.07244873046875 87.92544555664062
dog 0.97349286 128.9541015625 16.066530227661133 145.01141357421875 31.96979331970215
truck 0.96867275 173.94906616210938 135.97589111328125 202.955322265625 164.84963989257812
automobile 0.9664466 205.083740234375 3.189207077026367 239.965576171875 37.985809326171875
ship 0.95572674 97.0905532836914 124.09671020507812 129.11012268066406 156.02191162109375
dog 0.95201284 211.99232482910156 174.0187530517578 247.06202697753906 209.00987243652344
deer 0.8980007 67.08341979980469 166.00711059570312 102.02265930175781 201.06204223632812
dog 0.88966775 57.040279388427734 4.157345771789551 86.05442810058594 33.00474166870117
deer 0.82136285 194.0717315673828 60.98448181152344 229.04698181152344 95.88812255859375
ship 0.7193629 189.09776306152344 169.978515625 211.04164123535156 192.057861328125
truck 0.60368496 175.0361328125 196.09681701660156 194.00128173828125 215.00831604003906
truck 0.54013336 93.98686981201172 4.118936538696289 119.9489517211914 29.950876235961914
automobile 0.52127063 175.11495971679688 196.01983642578125 194.14047241210938 214.98992919921875
dog 0.5195955 34.04035949707031 132.0596466064453 55.945648193359375 154.0004119873047
cat 0.4932174 33.97719192504883 132.03297424316406 55.97439193725586 153.97434997558594
airplane 0.31879753 93.94325256347656 4.126974105834961 119.9818115234375 29.864686965942383
airplane 0.31397757 189.06329345703125 169.98568725585938 211.03155517578125 192.00717163085938
deer 0.20836464 57.03635787963867 4.113888740539551 86.04911804199219 33.02528762817383
