ship 0.99126023 88.04940032958984 187.04238891601562 103.9831314086914 203.05758666992188
ship 0.9902102 211.13363647460938 153.02513122558594 239.99563598632812 182.0254364013672
automobile 0.9891056 99.11836242675781 64.05924987792969 120.98184204101562 86.03421020507812
bird 0.9868508 142.0520477294922 102.99222564697266 171.00157165527344 131.9495849609375
truck 0.98538554 183.0963897705078 66.92561340332031 214.9666290283203 98.92431640625
airplane 0.98340124 157.03311157226562 208.06784057617188 194.98809814453125 246.00418090820312
deer 0.9811578 56.07349395751953 112.10261535644531 78.05377960205078 134.0030975341797
frog 0.97909355 43.06005859375 12.031848907470703 64.93684387207031 34.052162170410156
frog 0.9783567 168.05628967285156 180.05267333984375 190.0366668701172 201.98898315429688
airplane 0.9768348 8.91749382019043 37.060150146484375 40.97447204589844 69.02607727050781
deer 0.97588277 101.0228042602539 7.086991310119629 119.9942855834961 26.01540756225586
airplane 0.9670193 11.045324325561523 184.08938598632812 49.04743957519531 221.89959716796875
deer 0.96660155 101.08541870117188 88.1959457397461 127.06387329101562 113.93749237060547
ship 0.9656101 133.03451538085938 10.058756828308105 152.04171752929688 28.9635009765625
cat 0.9653489 33.00262451171875 74.08058166503906 67.9581298828125 108.99398803710938
cat 0.93867993 136.00338745117188 42.088966369628906 174.04290771484375 79.98310089111328
ship 0.899587 49.90699005126953 186.02304077148438 79.0311050415039 215.05929565429688
ship 0.8433808 66.41035461425781 17.887222290039062 91.89158630371094 44.00919723510742
deer 0.5818951 163.0575714111328 6.049768447875977 188.9960174560547 31.949308395385742
dog 0.22967586 163.0575714111328 6.049768447875977 188.9960174560547 31.949308395385742
