deer 0.98974454 57.10880661010742 190.04470825195312 75.96011352539062 209.01651000976562
automobile 0.9856049 187.12127685546875 193.03176879882812 208.99703979492188 214.99462890625
airplane 0.9847044 102.0980224609375 206.13853454589844 123.99736022949219 228.0182342529297
bird 0.9831432 27.004722595214844 113.01612854003906 64.9919204711914 151.0407257080078
truck 0.9822699 105.10027313232422 91.98658752441406 134.01138305664062 121.05702209472656
ship 0.9818618 167.0344696044922 104.98857116699219 202.00157165527344 140.02159118652344
automobile 0.98132515 66.05406188964844 214.11370849609375 87.98634338378906 236.03067016601562
frog 0.9807929 16.076086044311523 172.04122924804688 38.01466369628906 193.942626953125
automobile 0.9801718 21.05421257019043 49.97544860839844 39.98359680175781 69.03369903564453
dog 0.9788331 137.1130828857422 207.05050659179688 155.99351501464844 226.00704956054688
frog 0.9770423 12.066468238830566 196.97442626953125 41.01939392089844 225.96405029296875
ship 0.9757606 143.15501403808594 78.0831298828125 165.01072692871094 100.00631713867188
deer 0.96238947 204.99093627929688 91.97561645507812 233.927978515625 121.0673828125
dog 0.90746224 35.040138244628906 71.08677673339844 67.05569458007812 102.98513793945312
airplane 0.8463837 138.09906005859375 4.930272102355957 167.0372314453125 34.037864685058594
airplane 0.7891072 129.01705932617188 168.98748779296875 155.083740234375 195.03900146484375
deer 0.7598031 69.05423736572266 149.0948944091797 95.01189422607422 175.0124969482422
truck 0.47685847 188.97982788085938 58.08369064331055 205.0712890625 73.94417572021484
deer 0.35630745 67.04603576660156 34.007080078125 82.96823120117188 49.97101593017578
frog 0.24053678 129.01705932617188 168.98748779296875 155.083740234375 195.03900146484375
