truck 0.99203485 32.081729888916016 187.12254333496094 53.9676628112793 209.0363006591797
truck 0.99003804 103.13520812988281 146.02784729003906 122.03546142578125 165.0016326904297
ship 0.9857893 11.100717544555664 35.97576141357422 33.02971649169922 57.99713897705078
deer 0.98050034 179.02638244628906 52.06502151489258 214.0667266845703 86.96981811523438
truck 0.9762138 147.06600952148438 38.01988983154297 173.0457763671875 64.02224731445312
automobile 0.9759412 100.11197662353516 213.0733184814453 135.05557250976562 248.01942443847656
airplane 0.97168326 8.094969749450684 143.13526916503906 37.04017639160156 171.9651336669922
truck 0.96967125 131.07711791992188 95.00482177734375 169.05435180664062 132.9766845703125
frog 0.96861815 104.89220428466797 32.99348068237305 134.02413940429688 61.93869400024414
bird 0.9634813 176.96994018554688 184.93496704101562 193.05197143554688 201.038330078125
airplane 0.9634261 130.0028076171875 173.06182861328125 164.93524169921875 207.93655395507812
ship 0.9573091 55.13135528564453 152.1239013671875 74.07617950439453 170.99505615234375
truck 0.9517309 32.91922378540039 84.00775146484375 65.10025024414062 116.16281127929688
frog 0.9392943 197.24307250976562 17.300737380981445 226.06326293945312 46.006141662597656
bird 0.92432666 44.11002731323242 119.01925659179688 76.05557250976562 150.89035034179688
cat 0.88589203 64.943115234375 41.97816467285156 100.06719970703125 76.89775848388672
bird 0.88577807 93.07366943359375 80.05670166015625 118.95790100097656 106.00997924804688
frog 0.80884063 191.06443786621094 108.99807739257812 223.01683044433594 141.05467224121094
bird 0.2974104 191.05465698242188 109.00260162353516 222.98101806640625 141.01168823242188
cat 0.26275462 8.03370189666748 15.982635498046875 24.052841186523438 31.967498779296875
bird 0.25354922 8.104063034057617 16.052310943603516 23.904767990112305 32.0047721862793
