airplane 0.99054265 125.09879302978516 33.03164291381836 147.03909301757812 55.04745101928711
ship 0.9872587 64.9953384399414 197.08897399902344 84.00043487548828 215.9562530517578
frog 0.98478985 94.01530456542969 184.0947723388672 122.99977111816406 213.08839416503906
truck 0.98315835 146.11563110351562 3.1030330657958984 175.147216796875 31.862768173217773
automobile 0.9829445 207.1855010986328 187.10589599609375 228.9658966064453 209.02456665039062
truck 0.9824846 156.09042358398438 163.10890197753906 188.02944946289062 194.89820861816406
truck 0.97906804 73.13787078857422 87.14872741699219 98.99163055419922 113.04052734375
frog 0.96720487 213.08981323242188 49.19708251953125 247.85479736328125 83.98243713378906
bird 0.9662479 142.0562286376953 124.95046997070312 174.02854919433594 156.9033203125
automobile 0.96576107 199.00177001953125 101.08700561523438 225.01260375976562 126.94599914550781
deer 0.9503846 14.041343688964844 178.0200958251953 36.03374481201172 200.0125274658203
automobile 0.9440949 7.0622663497924805 212.0349578857422 26.073638916015625 231.0459442138672
bird 0.89825094 114.10310363769531 86.12491607666016 135.9789581298828 108.0538101196289
frog 0.88948584 204.03573608398438 13.99332332611084 236.01095581054688 45.93701934814453
frog 0.74787676 39.98614501953125 48.01899337768555 78.05586242675781 85.94679260253906
frog 0.7026474 55.11207580566406 1.8088226318359375 93.11241149902344 40.09587097167969
bird 0.53157187 199.97177124023438 135.99212646484375 215.991455078125 152.0172119140625
truck 0.3888562 199.98519897460938 135.9918670654297 215.9534912109375 152.0634307861328
bird 0.3791046 55.03672790527344 2.0205039978027344 92.96315002441406 39.99429702758789
deer 0.27572697 25.03216552734375 13.026347160339355 46.95208740234375 34.9601936340332
airplane 0.23956338 25.04572296142578 13.0706205368042 46.96015930175781 34.97322463989258
deer 0.20258969 199.998291015625 136.06199645996094 215.93875122070312 152.02854919433594
