bird 0.98749864 189.0186309814453 157.03720092773438 226.9781951904297 195.05612182617188
airplane 0.98680246 122.0615234375 106.05323028564453 144.03189086914062 127.99793243408203
ship 0.98518217 212.04393005371094 6.999800682067871 231.05226135253906 25.95195770263672
airplane 0.9836533 145.01063537597656 126.05036163330078 180.04603576660156 161.06808471679688
airplane 0.9792708 134.99771118164062 211.0706329345703 167.07736206054688 243.04307556152344
ship 0.9765583 43.02599334716797 191.0413360595703 75.01717376708984 223.0772247314453
frog 0.9759332 130.1149139404297 22.043787002563477 164.98207092285156 56.968528747558594
dog 0.97332036 85.00346374511719 80.07185363769531 116.96731567382812 111.89959716796875
ship 0.97122 29.073829650878906 98.0527572631836 66.99945831298828 136.02886962890625
cat 0.94798464 13.958455085754395 215.02059936523438 30.058971405029297 231.02371215820312
truck 0.94629264 35.069252014160156 19.996978759765625 64.00627899169922 49.03791809082031
airplane 0.9379486 154.13955688476562 164.80105590820312 185.84420776367188 197.03927612304688
frog 0.93707263 137.10052490234375 174.92970275878906 152.92926025390625 191.09275817871094
frog 0.93585265 190.0262451171875 107.11763000488281 212.0240478515625 129.061767578125
deer 0.93574846 135.05653381347656 67.12701416015625 163.93898010253906 96.07139587402344
dog 0.9223069 183.0985565185547 62.043941497802734 215.01344299316406 93.98596954345703
deer 0.81719744 71.04371643066406 165.04945373535156 87.0030517578125 181.0004425048828
cat 0.53634596 13.99758529663086 187.07290649414062 32.98809814453125 206.00238037109375
airplane 0.35499856 25.00181770324707 60.027061462402344 44.01995849609375 79.04906463623047
truck 0.2998933 13.97395133972168 187.06707763671875 32.97401428222656 205.96701049804688
frog 0.283657 13.97395133972168 187.06707763671875 32.97401428222656 205.96701049804688
bird 0.27312285 71.04371643066406 165.04945373535156 87.0030517578125 181.0004425048828
dog 0.24910653 13.97395133972168 187.06707763671875 32.97401428222656 205.96701049804688
bird 0.24465066 13.97395133972168 187.06707763671875 32.97401428222656 205.96701049804688
cat 0.2131778 24.973526000976562 60.25174331665039 43.94001007080078 79.00672912597656
