truck 0.9856852 3.1343984603881836 203.03152465820312 22.015846252441406 222.05307006835938
automobile 0.98491764 16.010957717895508 73.04988861083984 34.95501708984375 92.0466079711914
airplane 0.9830071 80.00491333007812 128.00308227539062 99.0302734375 147.06491088867188
cat 0.9826231 191.98675537109375 50.98851013183594 221.06759643554688 80.11915588378906
truck 0.98143095 61.98481750488281 80.07151794433594 97.01457214355469 115.09944152832031
frog 0.97918975 85.13706970214844 162.10780334472656 103.94027709960938 180.9961395263672
ship 0.9786196 192.04290771484375 199.00552368164062 227.02993774414062 233.98330688476562
truck 0.9763328 172.1216278076172 156.09228515625 198.0718231201172 181.91580200195312
deer 0.97438693 115.0587158203125 183.94512939453125 147.10922241210938 215.90155029296875
bird 0.9702303 27.99977684020996 142.9806365966797 66.02123260498047 181.09779357910156
frog 0.97015685 115.04890441894531 91.08182525634766 152.9766387939453 129.04714965820312
dog 0.96678054 99.05467224121094 24.967174530029297 136.95054626464844 63.03376388549805
deer 0.96008277 70.1431884765625 32.01795196533203 96.13037109375 58.060272216796875
bird 0.9562796 194.00616455078125 82.08338165283203 223.07559204101562 111.0630111694336
airplane 0.9417769 127.15552520751953 146.09951782226562 159.0623016357422 178.09140014648438
airplane 0.9417764 213.0854949951172 143.06756591796875 241.94117736816406 171.990478515625
dog 0.81177425 151.12228393554688 47.03056716918945 180.00985717773438 75.96217346191406
dog 0.8096914 177.00546264648438 0.7746944427490234 196.06451416015625 20.00943946838379
bird 0.7962188 140.20687866210938 13.00494384765625 159.06112670898438 31.98900604248047
cat 0.6782095 118.10380554199219 2.1430253982543945 136.94119262695312 21.204933166503906
bird 0.4488582 151.06983947753906 47.05829620361328 179.88548278808594 76.03649139404297
dog 0.30703673 118.02765655517578 2.137300491333008 136.9136505126953 21.314298629760742
cat 0.26663518 176.93971252441406 0.690485954284668 196.00633239746094 19.98888397216797
