ship 0.98889434 68.00129699707031 125.029052734375 87.07267761230469 143.96621704101562
deer 0.9842113 30.047998428344727 47.05543899536133 65.04480743408203 82.03759765625
frog 0.9838845 61.098854064941406 90.0380630493164 79.9242935180664 108.9317398071289
ship 0.9829829 168.1112823486328 46.05342483520508 200.0435333251953 77.9962387084961
frog 0.98248905 193.0290069580078 84.07949829101562 212.0008087158203 103.03939819335938
automobile 0.98041344 131.1208038330078 139.0498046875 156.99681091308594 164.90106201171875
airplane 0.9800812 150.0911865234375 169.00914001464844 182.09356689453125 201.0248260498047
frog 0.97828364 58.91960906982422 190.13961791992188 93.9266128540039 225.03668212890625
ship 0.9746746 115.00082397460938 177.02780151367188 147.02450561523438 209.06106567382812
automobile 0.9742243 3.120363235473633 129.97987365722656 40.9656982421875 168.0374298095703
ship 0.9724133 185.1239013671875 156.09060668945312 211.10723876953125 182.06182861328125
ship 0.9561132 187.02426147460938 11.058176040649414 202.89208984375 26.966577529907227
cat 0.9524847 197.79727172851562 213.810302734375 217.54873657226562 233.07333374023438
cat 0.9042137 92.04662322998047 54.05719757080078 127.15503692626953 88.97199249267578
airplane 0.8808475 204.0126953125 7.072650909423828 223.03656005859375 25.992008209228516
dog 0.6903684 118.09178924560547 0.8726015090942383 143.931640625 27.033653259277344
dog 0.5750064 213.0032501220703 179.08062744140625 231.92726135253906 197.98355102539062
bird 0.5526669 180.03079223632812 123.01663208007812 202.05859375 145.03680419921875
airplane 0.48186168 180.1016845703125 123.01885986328125 202.05078125 145.0743408203125
cat 0.41007578 213.02088928222656 179.00086975097656 231.8828887939453 197.91270446777344
dog 0.36029187 96.02534484863281 132.06689453125 118.00308227539062 154.04180908203125
bird 0.3541094 203.7216339111328 7.0782270431518555 222.90260314941406 26.016605377197266
cat 0.3501597 95.99551391601562 132.04209899902344 118.02810668945312 153.96424865722656
bird 0.34052798 118.09178924560547 0.8726015090942383 143.931640625 27.033653259277344
deer 0.26909155 92.05840301513672 54.066802978515625 127.06061553955078 89.07170104980469
deer 0.22138205 95.99551391601562 132.04209899902344 118.02810668945312 153.96424865722656
frog 0.21546423 180.00286865234375 123.01695251464844 202.085205078125 145.04197692871094
