ship 0.9902561 16.083362579345703 67.08081817626953 38.03922653198242 89.08086395263672
airplane 0.9873164 9.048685073852539 203.0897216796875 31.0289363861084 224.9873046875
automobile 0.98301256 133.09939575195312 92.10811614990234 164.96060180664062 124.03948211669922
frog 0.98163605 84.03216552734375 81.08377838134766 116.06657409667969 112.91519927978516
truck 0.9786223 131.9803009033203 183.06521606445312 167.01475524902344 217.98211669921875
ship 0.97830486 171.06478881835938 36.068790435791016 192.98727416992188 58.05949783325195
bird 0.97690547 33.03612518310547 124.07345581054688 62.00352478027344 153.04412841796875
bird 0.9719884 7.150773048400879 92.9444580078125 28.900596618652344 115.00611877441406
automobile 0.96568245 206.04502868652344 151.0748291015625 241.05079650878906 185.81988525390625
bird 0.9501077 202.01275634765625 113.06671905517578 234.00778198242188 145.06698608398438
ship 0.9456942 202.0809326171875 30.084989547729492 227.90939331054688 55.985618591308594
cat 0.9387999 134.98631286621094 25.91879653930664 167.1539764404297 57.952396392822266
bird 0.93796647 53.12931442260742 21.10380744934082 75.01405334472656 43.022186279296875
ship 0.93594253 143.0065155029297 65.072021484375 162.0270538330078 84.02662658691406
automobile 0.8380097 159.02951049804688 150.06423950195312 175.07247924804688 165.98080444335938
cat 0.8293387 190.02806091308594 71.00468444824219 227.97007751464844 109.00199890136719
bird 0.6106918 43.055641174316406 169.00897216796875 69.07438659667969 195.04437255859375
airplane 0.52859056 43.057708740234375 169.03097534179688 69.03533172607422 195.05718994140625
deer 0.31031483 189.9602813720703 70.75717163085938 227.85023498535156 109.07713317871094
ship 0.29800865 159.03842163085938 150.07078552246094 175.06002807617188 165.9662322998047
deer 0.2132873 142.87106323242188 64.92971801757812 161.99166870117188 84.00831604003906
