airplane 0.9830884 212.02505493164062 78.97623443603516 250.08364868164062 117.14775848388672
truck 0.98256445 79.0171890258789 139.99685668945312 108.0461654663086 169.07876586914062
dog 0.97996354 14.989696502685547 183.0956268310547 31.066932678222656 199.22755432128906
bird 0.9778198 125.99791717529297 31.986343383789062 158.02865600585938 63.971435546875
cat 0.9659202 67.95635986328125 59.18463897705078 105.96749877929688 97.07010650634766
airplane 0.9658961 214.0179443359375 5.0838623046875 252.0679931640625 43.00714111328125
ship 0.96547306 170.01287841796875 203.0257110595703 188.99578857421875 221.9866180419922
truck 0.96499825 151.96859741210938 209.92445373535156 167.94451904296875 226.00230407714844
truck 0.96434355 44.06107711791992 178.13217163085938 81.98870849609375 215.95046997070312
bird 0.9576987 117.08760070800781 96.04632568359375 145.9590301513672 124.96438598632812
truck 0.95593584 5.11970329284668 202.9816436767578 31.10331153869629 228.9977569580078
bird 0.94146585 199.001220703125 121.06871795654297 231.0972900390625 153.0054473876953
ship 0.9388358 60.00532150268555 117.0302505493164 76.00416564941406 132.98495483398438
deer 0.90384936 91.05065155029297 102.06163024902344 109.95539093017578 121.07379150390625
frog 0.75451785 92.02674102783203 24.067319869995117 114.0932846069336 45.97559356689453
ship 0.62127817 173.09434509277344 163.10098266601562 205.0401153564453 195.01846313476562
airplane 0.6099635 173.0840301513672 163.19546508789062 204.9850311279297 195.03616333007812
deer 0.59634477 166.07180786132812 109.11038208007812 198.01641845703125 140.92723083496094
deer 0.535787 10.02010726928711 57.0113639831543 35.91875457763672 83.05723571777344
dog 0.4474656 10.02010726928711 57.0113639831543 35.91875457763672 83.05723571777344
airplane 0.34038767 166.07180786132812 109.11038208007812 198.01641845703125 140.92723083496094
bird 0.22643834 92.13302612304688 24.044069290161133 114.003662109375 45.958763122558594
