automobile 0.98608947 35.02723693847656 207.0651397705078 61.02268981933594 233.0222625732422
airplane 0.984299 189.00955200195312 25.971553802490234 226.98822021484375 63.960941314697266
frog 0.98187953 83.07965850830078 131.06088256835938 109.08806610107422 156.84002685546875
ship 0.9766371 102.95464324951172 202.16595458984375 138.03262329101562 236.93331909179688
cat 0.97312856 39.02110290527344 75.09030151367188 77.00399780273438 112.92640686035156
bird 0.9706124 196.05345153808594 173.0723419189453 222.02391052246094 198.9844512939453
dog 0.969982 176.1736602783203 212.04769897460938 198.0373077392578 234.02304077148438
frog 0.967787 126.05961608886719 32.060638427734375 148.0583953857422 54.04035186767578
deer 0.96714616 176.1399688720703 144.0142364501953 201.89976501464844 170.01329040527344
airplane 0.9652165 78.02652740478516 30.056262969970703 103.93000030517578 56.0234260559082
ship 0.9635708 211.11447143554688 75.0716323852539 236.9791259765625 100.93326568603516
ship 0.9627116 1.9423446655273438 168.02777099609375 31.099166870117188 196.990966796875
bird 0.961517 140.87213134765625 56.365821838378906 178.88174438476562 93.97652435302734
airplane 0.95797443 181.09213256835938 88.0102767944336 207.12823486328125 113.9544906616211
cat 0.9551726 122.01876831054688 96.8843002319336 156.94110107421875 131.96327209472656
dog 0.9344671 138.0418243408203 160.05145263671875 173.0061798095703 195.07281494140625
cat 0.69291276 38.97146987915039 163.03634643554688 57.93575668334961 181.93533325195312
truck 0.6802783 7.030647277832031 108.05248260498047 36.01285934448242 136.92367553710938
dog 0.628702 81.1389389038086 99.05596923828125 106.87212371826172 124.84593200683594
deer 0.5344366 32.06744384765625 2.0524110794067383 51.02577209472656 21.037281036376953
airplane 0.41810828 7.003875732421875 108.02306365966797 36.017250061035156 137.00189208984375
cat 0.3636061 81.1389389038086 99.05596923828125 106.87212371826172 124.84593200683594
automobile 0.29585093 7.062165260314941 108.15184020996094 36.00047302246094 136.90432739257812
bird 0.20979923 38.97146987915039 163.03634643554688 57.93575668334961 181.93533325195312
