truck 0.9912022 133.1214599609375 151.08163452148438 155.06344604492188 173.03390502929688
bird 0.9890428 206.0595245361328 141.08779907226562 227.9828338623047 162.98318481445312
deer 0.98530614 17.01110076904297 88.03446197509766 52.04066467285156 122.92733001708984
truck 0.9848228 185.17135620117188 167.06785583496094 207.0596923828125 189.0581817626953
automobile 0.98376834 151.04322814941406 203.04013061523438 173.06431579589844 225.0247802734375
frog 0.98007834 111.96954345703125 26.020065307617188 143.89561462402344 57.94255065917969
airplane 0.9788574 95.01932525634766 50.00596618652344 110.97954559326172 66.02202606201172
automobile 0.9785861 19.071426391601562 171.98402404785156 53.96885681152344 207.13075256347656
automobile 0.9759803 113.0120620727539 113.00554656982422 148.15512084960938 148.12899780273438
frog 0.97539395 104.04598999023438 212.03211975097656 141.92535400390625 249.94578552246094
bird 0.9750714 53.048828125 123.02593231201172 71.97116088867188 141.99989318847656
truck 0.9668202 19.065357208251953 54.1187858581543 44.924468994140625 80.06880187988281
truck 0.9666544 50.06268310546875 37.13744354248047 87.78446960449219 74.90381622314453
airplane 0.96490026 15.008770942687988 132.02813720703125 44.05810546875 161.05007934570312
truck 0.95936286 61.167503356933594 185.0569610595703 86.90196990966797 211.01612854003906
deer 0.94402546 210.05455017089844 207.0161590576172 244.97837829589844 242.04225158691406
deer 0.74001276 55.10606384277344 152.15354919433594 87.09837341308594 184.01976013183594
frog 0.37421387 54.751426696777344 151.97003173828125 87.03925323486328 183.91839599609375
