airplane 0.984083 127.11678314208984 19.032672882080078 159.0433349609375 51.00493240356445
deer 0.9822279 107.04015350341797 76.06806945800781 142.0390625 111.09703063964844
truck 0.98165846 68.01873016357422 38.124755859375 90.04961395263672 60.06935119628906
automobile 0.9789766 141.04327392578125 197.9727020263672 173.06756591796875 229.97789001464844
ship 0.97643435 133.1031951904297 54.172306060791016 148.9420928955078 69.90027618408203
deer 0.9759579 74.88152313232422 189.09693908691406 104.06417083740234 217.9851837158203
cat 0.9750477 31.99357032775879 103.96853637695312 66.94915771484375 138.9091796875
bird 0.97413194 171.04739379882812 136.94232177734375 197.09243774414062 162.9736328125
ship 0.9732907 14.039743423461914 44.93311309814453 51.972625732421875 82.94706726074219
deer 0.97181875 32.09912109375 177.08749389648438 70.1801528930664 215.05764770507812
deer 0.97099316 39.088890075683594 1.9675579071044922 73.97857666015625 36.991493225097656
automobile 0.9695796 89.98507690429688 159.0183563232422 109.0516357421875 178.0391387939453
frog 0.96691954 183.01934814453125 93.0047378540039 215.01113891601562 124.85338592529297
truck 0.89088345 181.0894317626953 166.1424102783203 203.0229034423828 188.0836944580078
cat 0.76787984 169.09149169921875 3.144092559814453 203.99658203125 38.021949768066406
ship 0.61459494 96.0147476196289 121.05918884277344 125.0204086303711 150.0376434326172
deer 0.586759 169.05136108398438 3.1033458709716797 204.04690551757812 38.01020050048828
bird 0.5433316 152.0513153076172 106.02925109863281 177.90415954589844 131.895751953125
truck 0.4562425 80.00900268554688 73.04876708984375 102.04701232910156 95.07232666015625
airplane 0.44593796 80.02803802490234 73.04537200927734 102.0254135131836 95.08231353759766
truck 0.42516315 96.0147476196289 121.05918884277344 125.0204086303711 150.0376434326172
automobile 0.26714504 96.0147476196289 121.05918884277344 125.0204086303711 150.0376434326172
