frog 0.9847301 6.089303016662598 77.00593566894531 24.967487335205078 96.02964782714844
automobile 0.9797785 56.043174743652344 3.0433740615844727 88.03917694091797 34.98818588256836
dog 0.97970426 193.07151794433594 92.02201843261719 214.97474670410156 114.00703430175781
bird 0.9790328 154.07188415527344 59.92388916015625 191.96116638183594 98.01966857910156
truck 0.9784346 49.02702331542969 71.96277618408203 74.98188018798828 97.9625473022461
dog 0.9744015 34.907264709472656 180.18910217285156 64.12267303466797 208.83592224121094
ship 0.97410274 5.049066543579102 18.076339721679688 40.03523254394531 53.11320495605469
airplane 0.97299814 47.940773010253906 46.98424530029297 64.02787780761719 63.03087615966797
truck 0.96541965 122.06512451171875 189.99209594726562 159.91729736328125 228.00439453125
cat 0.964664 121.02391052246094 18.975696563720703 158.9777069091797 56.94449996948242
cat 0.9586249 11.097890853881836 114.02359008789062 30.009103775024414 133.00018310546875
deer 0.9527402 171.05995178222656 163.08460998535156 206.01841735839844 198.09373474121094
bird 0.86392426 35.11112976074219 128.961669921875 72.91786193847656 167.00460815429688
dog 0.8623102 86.07781982421875 58.066070556640625 115.1268310546875 87.05592346191406
deer 0.8451561 192.10476684570312 23.224472045898438 226.92111206054688 58.189857482910156
ship 0.82668304 125.98956298828125 155.1235809326172 151.9217529296875 180.96836853027344
deer 0.7076426 62.05841827392578 105.10307312011719 83.99588775634766 127.07200622558594
deer 0.57376736 70.00354766845703 189.0515594482422 89.0205307006836 207.9821319580078
automobile 0.53224087 12.10169506072998 209.00799560546875 33.950923919677734 231.11322021484375
ship 0.37637386 12.10169506072998 209.00799560546875 33.950923919677734 231.11322021484375
airplane 0.27331915 12.047988891601562 209.04844665527344 34.04491424560547 231.0635223388672
