airplane 0.98637414 46.01670837402344 29.003128051757812 65.0710220336914 47.934532165527344
frog 0.9839932 133.08473205566406 156.04803466796875 155.0718231201172 177.99063110351562
truck 0.98349464 124.06275939941406 104.95896911621094 155.94813537597656 137.01058959960938
deer 0.9813427 202.05328369140625 211.04916381835938 240.044921875 249.00430297851562
frog 0.98120135 79.03204345703125 209.01512145996094 111.03936767578125 241.03163146972656
truck 0.9809627 44.046478271484375 68.04948425292969 79.04737091064453 103.03192138671875
cat 0.9792949 42.03679656982422 210.09349060058594 74.0468521118164 241.96739196777344
cat 0.9784004 80.00724792480469 155.08294677734375 117.994140625 193.01004028320312
airplane 0.97817403 120.01317596435547 46.051902770996094 139.00013732910156 64.99363708496094
dog 0.97570914 158.052490234375 39.068138122558594 186.98110961914062 68.03955078125
cat 0.9701194 176.0080108642578 98.00261688232422 214.0243377685547 135.9493408203125
bird 0.9696496 5.0783185958862305 82.02705383300781 31.128982543945312 108.06109619140625
dog 0.96481633 133.98776245117188 200.09164428710938 159.952392578125 226.03103637695312
truck 0.92168885 215.10223388671875 62.03223419189453 233.97808837890625 81.01053619384766
bird 0.7799692 102.03826141357422 66.0344467163086 123.97583770751953 87.95752716064453
ship 0.7512864 0.9874773025512695 136.05078125 19.965091705322266 154.9957275390625
truck 0.74909526 193.1218719482422 167.00762939453125 215.01380920410156 188.9776611328125
dog 0.6876009 97.0571517944336 97.0621566772461 119.03180694580078 119.05840301513672
truck 0.3305308 0.9735326766967773 136.13441467285156 19.93903350830078 155.02684020996094
deer 0.3170948 97.05950164794922 97.0784683227539 118.95684051513672 119.03687286376953
automobile 0.22583467 215.11080932617188 61.941009521484375 233.97848510742188 80.88197326660156
