bird 0.9891287 84.03619384765625 12.089078903198242 106.03059387207031 34.06011962890625
deer 0.9876771 16.053037643432617 49.01555633544922 53.99535369873047 86.98731231689453
deer 0.98441714 107.11595153808594 168.1409912109375 129.03138732910156 189.97366333007812
truck 0.98041564 167.08189392089844 29.139089584350586 201.91148376464844 63.97273254394531
automobile 0.97964144 57.07553482055664 109.11792755126953 86.03929901123047 137.91001892089844
automobile 0.97747 4.1175031661987305 209.00791931152344 35.988548278808594 241.03846740722656
ship 0.97518337 162.17434692382812 90.24353790283203 194.02938842773438 122.01302337646484
airplane 0.9747374 6.958791732788086 164.10049438476562 41.98686981201172 198.86874389648438
automobile 0.97426856 124.0325927734375 8.004474639892578 162.0423583984375 45.955081939697266
deer 0.97126126 206.0545654296875 63.022705078125 244.02227783203125 100.97645568847656
frog 0.96790516 152.99676513671875 186.0235137939453 175.02914428710938 207.9700469970703
bird 0.9586028 214.04025268554688 104.21649932861328 249.05783081054688 138.89459228515625
truck 0.95511734 93.96205139160156 212.09132385253906 123.07052612304688 241.0030059814453
dog 0.95215136 45.95086669921875 200.02194213867188 78.076416015625 231.95086669921875
automobile 0.94025797 147.96495056152344 142.0424346923828 173.99073791503906 168.07765197753906
airplane 0.93389255 96.06961822509766 80.27590942382812 115.03478240966797 97.30366516113281
ship 0.881129 139.08621215820312 75.13934326171875 161.054931640625 97.02255249023438
frog 0.81575537 170.0253143310547 67.99347686767578 186.0159454345703 83.9458236694336
dog 0.72691846 204.09744262695312 174.05307006835938 230.052734375 200.0037841796875
cat 0.27648634 204.09744262695312 174.05307006835938 230.052734375 200.0037841796875
