airplane 0.9879985 99.14364624023438 21.02751922607422 121.08360290527344 43.05474090576172
truck 0.987449 106.03453826904297 156.0117950439453 125.06122589111328 174.9961395263672
ship 0.98524904 21.986709594726562 178.0799102783203 51.03065490722656 207.0069122314453
frog 0.9838143 137.0836639404297 106.13005065917969 162.9981231689453 131.91111755371094
dog 0.98310924 141.97833251953125 61.06690979003906 160.933837890625 80.00234985351562
airplane 0.9821389 9.982529640197754 72.96251678466797 26.075183868408203 89.04859161376953
airplane 0.9794086 147.97576904296875 184.92620849609375 177.078125 214.0506591796875
deer 0.9790189 197.9998016357422 105.2834243774414 229.7150115966797 136.9991912841797
airplane 0.9776679 14.928409576416016 212.15016174316406 47.04831314086914 243.99806213378906
automobile 0.977496 107.99650573730469 199.03094482421875 140.1429901123047 231.05307006835938
frog 0.9768969 209.0115509033203 181.11614990234375 243.99049377441406 215.91140747070312
automobile 0.97190374 176.11427307128906 100.0197525024414 194.93003845214844 118.98966217041016
cat 0.9463297 0.02409648895263672 33.00257873535156 28.987503051757812 62.01129150390625
bird 0.92709553 76.04822540283203 129.9830322265625 95.07231903076172 149.02706909179688
cat 0.92162544 154.1820068359375 12.052858352661133 185.984375 44.00285339355469
deer 0.8999317 197.99826049804688 24.02281951904297 224.03848266601562 49.962921142578125
dog 0.8841072 49.0445442199707 146.08790588378906 75.06768798828125 171.86170959472656
cat 0.8780094 119.13385009765625 82.06391143798828 141.11459350585938 103.9410629272461
dog 0.38768536 83.09273529052734 76.00410461425781 115.0853500366211 107.97618103027344
deer 0.20565373 83.09273529052734 76.00410461425781 115.0853500366211 107.97618103027344
