frog 0.98809296 104.0003662109375 60.98861312866211 130.11001586914062 87.00027465820312
bird 0.9841969 198.06765747070312 30.081043243408203 220.01071166992188 52.035648345947266
bird 0.9828795 110.96392822265625 19.00790786743164 127.11128234863281 35.08564376831055
airplane 0.9824789 42.01677703857422 122.98381042480469 79.96279907226562 161.02378845214844
ship 0.9814789 48.014522552490234 191.11485290527344 83.099853515625 226.1147003173828
deer 0.9795228 157.08619689941406 165.05323791503906 176.00474548339844 184.0095672607422
truck 0.9764874 169.97482299804688 119.10005950927734 204.93353271484375 154.0241241455078
ship 0.9754845 9.046459197998047 166.02743530273438 43.978092193603516 201.196533203125
truck 0.9751701 96.00558471679688 40.006168365478516 111.95216369628906 55.9640998840332
truck 0.97262263 36.071876525878906 84.03226470947266 65.00603485107422 113.02234649658203
airplane 0.9714702 112.06502532958984 100.01447296142578 137.9902801513672 126.11699676513672
dog 0.96040606 130.98768615722656 209.9054718017578 169.0601348876953 247.9839324951172
frog 0.95988953 206.05287170410156 73.06356048583984 228.00242614746094 95.0865707397461
bird 0.9488816 137.0153350830078 1.1253833770751953 172.0126190185547 36.03925323486328
dog 0.9433876 3.0759620666503906 28.020158767700195 31.917503356933594 57.021202087402344
truck 0.93432343 61.062095642089844 4.052480697631836 92.97542572021484 36.010047912597656
bird 0.7977904 92.00700378417969 193.04087829589844 121.03369140625 221.98411560058594
cat 0.75109744 180.74423217773438 167.05299377441406 208.66299438476562 195.2003631591797
cat 0.5929525 103.0692138671875 131.16213989257812 122.07241821289062 149.96109008789062
dog 0.36616194 103.0692138671875 131.16213989257812 122.07241821289062 149.96109008789062
cat 0.20646438 92.00425720214844 193.08633422851562 121.01741027832031 221.94915771484375
