truck 0.9883214 160.07289123535156 8.104564666748047 181.9964141845703 30.000038146972656
frog 0.9847287 92.04898834228516 110.123291015625 113.96573638916016 131.9775390625
truck 0.9825721 74.21473693847656 3.213345527648926 99.88114929199219 28.84009552001953
ship 0.9786296 208.0059051513672 208.04408264160156 226.98780822753906 227.0337677001953
truck 0.97817373 157.9817657470703 116.08281707763672 183.95912170410156 142.001953125
truck 0.9775635 6.150764465332031 45.99876403808594 40.991676330566406 81.01500701904297
automobile 0.9765904 121.94558715820312 135.99197387695312 147.90689086914062 162.00296020507812
ship 0.97544813 14.018903732299805 99.00537872314453 46.03565216064453 131.03543090820312
cat 0.9721081 85.99665832519531 167.12106323242188 123.97674560546875 205.06954956054688
dog 0.9608836 53.07865524291992 41.01491165161133 78.83323669433594 66.9253158569336
truck 0.95374745 189.97982788085938 87.88351440429688 222.05734252929688 119.85411071777344
deer 0.94967115 29.052425384521484 146.09927368164062 54.85567855834961 172.01754760742188
airplane 0.84729356 212.98350524902344 131.0635986328125 251.0503692626953 169.01712036132812
airplane 0.84576833 187.03817749023438 197.07801818847656 206.12484741210938 215.9781951904297
deer 0.83228445 0.0 197.02322387695312 26.110748291015625 222.91043090820312
dog 0.7727624 96.68413543701172 215.1715850830078 115.1935043334961 234.19276428222656
ship 0.72158056 122.07443237304688 66.04962921142578 148.013671875 92.09815216064453
bird 0.62414366 176.19468688964844 40.05628967285156 197.9357452392578 61.96985626220703
dog 0.57424545 176.23777770996094 40.0098991394043 197.9275665283203 61.984432220458984
ship 0.43646535 212.9796905517578 131.09544372558594 251.01124572753906 168.9717559814453
truck 0.36625087 122.0850830078125 66.02906799316406 148.05307006835938 92.1341552734375
ship 0.28616643 187.08795166015625 197.0277862548828 206.03741455078125 215.9299774169922
cat 0.20947003 96.58428192138672 215.07635498046875 115.41065216064453 234.04318237304688
