ship 0.98305964 1.0221939086914062 76.05839538574219 30.040937423706055 105.06887817382812
truck 0.97433126 205.91253662109375 80.02488708496094 244.01031494140625 117.97573852539062
cat 0.97276545 108.10521697998047 62.02948760986328 140.0208282470703 94.19355010986328
ship 0.9721437 186.0540313720703 107.96588897705078 202.0869598388672 124.04853057861328
frog 0.972072 46.11463928222656 91.07308959960938 80.92675018310547 126.01510620117188
ship 0.97132075 161.94284057617188 214.08494567871094 193.992919921875 245.9098663330078
truck 0.96266806 57.095375061035156 206.06138610839844 95.06226348876953 244.0377960205078
airplane 0.95648825 120.033447265625 113.0240249633789 158.0015869140625 150.97604370117188
automobile 0.94570243 38.9959602355957 14.060680389404297 54.99056625366211 29.965274810791016
truck 0.93309337 12.067438125610352 120.09481048583984 44.02262878417969 151.98097229003906
truck 0.93207264 160.97666931152344 147.04763793945312 186.99009704589844 173.10162353515625
deer 0.9110037 94.05558013916016 20.99945068359375 131.94789123535156 58.93480682373047
automobile 0.8646318 22.052417755126953 51.104705810546875 43.97330856323242 73.05487060546875
bird 0.79735875 107.12610626220703 216.08990478515625 129.021484375 237.96487426757812
cat 0.70415044 1.8881378173828125 161.0648956298828 33.988216400146484 193.02528381347656
airplane 0.50617594 0.7716131210327148 204.0269012451172 20.086593627929688 223.07249450683594
frog 0.40010574 107.13758850097656 216.01966857910156 129.17886352539062 238.01023864746094
dog 0.29448837 0.7716131210327148 204.0269012451172 20.086593627929688 223.07249450683594
cat 0.23306105 185.17880249023438 78.03868865966797 200.97439575195312 93.97489166259766
dog 0.2263388 1.9024944305419922 161.07644653320312 33.97290802001953 193.04483032226562
deer 0.22436258 185.13479614257812 78.01337432861328 201.02499389648438 93.9583969116211
cat 0.22304007 0.71331787109375 204.0216064453125 20.0856990814209 223.037353515625
