frog 0.98743176 213.13174438476562 152.05084228515625 231.95651245117188 171.10775756835938
ship 0.98519206 25.032329559326172 22.106277465820312 53.978031158447266 50.93928527832031
truck 0.9837626 150.00424194335938 10.017333030700684 169.00350952148438 28.947509765625
airplane 0.9824072 65.05642700195312 194.02157592773438 96.97355651855469 226.1085205078125
truck 0.9758874 114.12113189697266 142.04421997070312 140.01983642578125 168.02877807617188
frog 0.9735139 211.1148223876953 6.97247314453125 245.9715118408203 41.996559143066406
truck 0.972499 201.02476501464844 116.0177001953125 219.93846130371094 135.04910278320312
automobile 0.9688288 213.23147583007812 75.01403045654297 239.03207397460938 100.9803237915039
cat 0.9554355 120.9463119506836 71.99530029296875 147.02577209472656 98.14720153808594
dog 0.886297 90.22728729248047 91.22123718261719 115.90770721435547 117.00907897949219
airplane 0.8717683 192.01539611816406 189.00486755371094 230.0186004638672 227.0335235595703
dog 0.80451083 0.008242607116699219 182.0067138671875 19.048904418945312 201.01089477539062
truck 0.7440702 175.07064819335938 144.13311767578125 197.0194091796875 166.06845092773438
airplane 0.7239355 47.638755798339844 81.07862091064453 82.81739044189453 111.28038787841797
dog 0.63153595 132.0373992919922 192.06085205078125 154.05812072753906 213.9267578125
cat 0.6140791 179.01876831054688 59.0081672668457 207.19668579101562 90.95870971679688
cat 0.4631112 132.0106964111328 192.05801391601562 153.95155334472656 213.888916015625
bird 0.37380573 175.04052734375 144.1332550048828 197.01824951171875 166.0253448486328
ship 0.3641606 179.0536651611328 58.89249038696289 207.0797576904297 90.986083984375
ship 0.32975432 192.14149475097656 188.99664306640625 230.00181579589844 226.82049560546875
automobile 0.2334359 47.64275360107422 81.352783203125 82.8739242553711 111.17092895507812
