ship 0.9853433 69.97852325439453 171.9886932373047 86.03714752197266 188.0195770263672
airplane 0.9844277 77.96707153320312 19.08590316772461 107.04661560058594 47.96632766723633
airplane 0.981925 5.993043899536133 119.04953002929688 44.058189392089844 157.0181884765625
ship 0.9804833 79.08863830566406 214.0491943359375 108.01765441894531 243.0242919921875
truck 0.9760635 165.98849487304688 187.1105499267578 195.03866577148438 215.94984436035156
frog 0.97420734 9.047534942626953 176.97119140625 47.0733528137207 215.02508544921875
dog 0.97358406 39.05554962158203 57.019203186035156 64.98714447021484 83.0385513305664
automobile 0.97298527 109.18016052246094 182.95895385742188 146.95213317871094 220.89666748046875
ship 0.9721612 200.08087158203125 133.15000915527344 226.109375 159.0163116455078
airplane 0.97185445 179.01780700683594 52.07819747924805 205.04576110839844 77.98930358886719
cat 0.9718512 68.01512145996094 66.06706237792969 99.94754028320312 98.04269409179688
cat 0.94683164 144.05322265625 74.94691467285156 175.89822387695312 106.97833251953125
bird 0.9254007 31.075916290283203 2.0496482849121094 69.01522827148438 39.968379974365234
dog 0.9115178 142.02777099609375 108.63201904296875 173.9547119140625 141.3140106201172
cat 0.79403037 71.04393005371094 114.98927307128906 103.12742614746094 147.12840270996094
ship 0.7838222 104.06769561767578 143.0203399658203 142.03472900390625 181.05357360839844
cat 0.6487318 145.08091735839844 51.10526657104492 166.9264373779297 73.48870849609375
dog 0.4619156 204.03799438476562 175.06768798828125 233.03915405273438 204.06381225585938
airplane 0.31342906 104.06040954589844 143.07568359375 142.0620574951172 181.04666137695312
dog 0.28947538 145.1109619140625 51.133514404296875 166.9840087890625 73.37506103515625
dog 0.26652408 71.04393005371094 114.98927307128906 103.12742614746094 147.12840270996094
