truck 0.9850595 204.09573364257812 10.017690658569336 226.03762817382812 31.987680435180664
ship 0.98501164 105.02592468261719 59.12910461425781 131.01617431640625 85.04258728027344
automobile 0.97958994 152.04624938964844 60.22348403930664 178.0101776123047 85.95011901855469
bird 0.97946984 153.1016387939453 150.06170654296875 174.9718475341797 172.02813720703125
truck 0.97935355 211.03518676757812 142.99217224121094 237.0809326171875 168.99073791503906
truck 0.9784011 97.92446899414062 148.08859252929688 136.04360961914062 186.03631591796875
ship 0.9761168 76.03182983398438 8.066884994506836 102.03350830078125 33.97663116455078
truck 0.97309434 58.08361053466797 206.0853729248047 96.00243377685547 243.99867248535156
cat 0.97261906 24.078508377075195 150.15805053710938 58.998565673828125 185.00973510742188
ship 0.97065383 192.0643768310547 94.03387451171875 224.05628967285156 125.98623657226562
deer 0.9646853 190.9996337890625 196.04954528808594 223.06100463867188 227.97865295410156
ship 0.877262 37.06277847290039 94.19755554199219 63.06863784790039 119.96107482910156
cat 0.8230802 128.05917358398438 37.05820846557617 147.0020751953125 56.009464263916016
cat 0.70955783 16.126598358154297 47.99851989746094 35.14971160888672 66.95014190673828
frog 0.62769604 141.04324340820312 115.00228118896484 169.922119140625 144.1070556640625
bird 0.48700994 141.05615234375 115.0412368774414 169.92578125 144.0390625
dog 0.38696116 16.13559341430664 48.03668975830078 35.162010192871094 66.94278717041016
dog 0.2805026 128.14378356933594 37.13117218017578 146.97364807128906 55.952606201171875
