deer 0.98816437 138.0450439453125 102.0365982055664 157.025146484375 121.00594329833984
truck 0.98735684 19.037246704101562 19.107398986816406 37.999271392822266 37.982627868652344
ship 0.98424745 93.02518463134766 36.03257751464844 130.94192504882812 74.0546646118164
cat 0.97521216 194.98377990722656 88.01127624511719 214.0169219970703 107.02238464355469
frog 0.9691962 83.02542114257812 202.05616760253906 121.05166625976562 239.98033142089844
dog 0.9656396 141.1046142578125 204.01339721679688 178.9984130859375 241.98574829101562
frog 0.96201706 109.0152587890625 152.9950714111328 140.9660186767578 185.07069396972656
cat 0.9369473 145.07586669921875 159.13485717773438 180.06631469726562 193.98013305664062
truck 0.93665075 72.9751205444336 55.01203155517578 89.07758331298828 71.03004455566406
dog 0.90366554 53.03485107421875 173.0508270263672 71.947021484375 191.9549102783203
cat 0.87996465 5.042576789855957 97.02994537353516 24.015968322753906 116.01575469970703
cat 0.83182347 136.10023498535156 76.01575469970703 158.00828552246094 98.01801300048828
dog 0.82446 37.00961685180664 210.10987854003906 68.9943618774414 242.0189971923828
dog 0.74011517 176.0973358154297 14.045762062072754 198.27244567871094 36.005615234375
deer 0.65480816 199.11740112304688 211.046142578125 233.95928955078125 245.98257446289062
dog 0.5691808 202.08172607421875 142.8629913330078 220.99478149414062 161.96934509277344
deer 0.5042167 200.2534942626953 14.999409675598145 218.92860412597656 34.0753288269043
cat 0.49854302 199.05905151367188 211.10836791992188 234.00921630859375 246.0452880859375
truck 0.43160373 40.06169891357422 55.023475646972656 58.96892547607422 73.9670181274414
frog 0.39984426 202.126953125 142.83644104003906 220.91928100585938 161.93531799316406
dog 0.36258167 200.2534942626953 14.999409675598145 218.92860412597656 34.0753288269043
cat 0.3561784 200.2534942626953 14.999409675598145 218.92860412597656 34.0753288269043
cat 0.34122586 176.0531005859375 13.973357200622559 198.30148315429688 35.94845962524414
bird 0.30081964 202.16177368164062 142.83995056152344 220.90164184570312 161.93959045410156
