truck 0.9896947 115.02159118652344 59.120323181152344 134.02902221679688 78.0125961303711
truck 0.9852735 183.97645568847656 101.01087951660156 199.9491729736328 117.00413513183594
airplane 0.9839785 14.063387870788574 204.97230529785156 46.01628494262695 237.09764099121094
truck 0.9832276 23.06113052368164 51.05160903930664 54.932674407958984 83.04947662353516
deer 0.98153794 62.01753616333008 143.06655883789062 99.99493408203125 181.07772827148438
automobile 0.971702 163.23858642578125 62.02648162841797 188.90499877929688 85.34537506103516
deer 0.97083664 64.95901489257812 18.994199752807617 84.01358032226562 38.04070281982422
cat 0.96632814 208.93807983398438 175.15478515625 240.99526977539062 207.08660888671875
automobile 0.953732 139.01686096191406 5.068109512329102 165.06166076660156 31.010740280151367
airplane 0.9434932 96.060546875 202.08494567871094 122.11506652832031 228.0307159423828
dog 0.94003296 168.02334594726562 208.0586700439453 200.04470825195312 239.96095275878906
deer 0.8953713 0.02135467529296875 24.02464485168457 22.054285049438477 46.02367401123047
bird 0.87709105 121.04764556884766 104.00556182861328 139.96470642089844 123.00325775146484
bird 0.85611576 190.0614013671875 145.99545288085938 209.05392456054688 164.98861694335938
frog 0.82977533 62.01770782470703 96.52915954589844 83.82817840576172 119.85321044921875
dog 0.7634187 212.99456787109375 214.04061889648438 251.0286865234375 251.97412109375
bird 0.7317544 198.12225341796875 58.0751838684082 226.94876098632812 86.97899627685547
truck 0.6809447 29.06104278564453 182.0665740966797 47.971405029296875 201.04490661621094
cat 0.24787861 213.02325439453125 214.061767578125 251.06448364257812 251.93264770507812
dog 0.23771164 198.2393035888672 58.091896057128906 226.97056579589844 86.89905548095703
