truck 0.98583454 88.03461456298828 120.96572875976562 106.99315643310547 139.97061157226562
bird 0.98252773 10.450960159301758 214.033447265625 47.92976379394531 251.95523071289062
automobile 0.9823483 37.009124755859375 91.94634246826172 63.065582275390625 117.94525909423828
airplane 0.9818535 195.097900390625 53.01006317138672 210.96478271484375 68.98424530029297
truck 0.9817603 101.03514099121094 192.0406951904297 129.96759033203125 220.9768829345703
ship 0.9799742 144.9417724609375 135.00531005859375 176.9677734375 167.06851196289062
ship 0.97987515 137.07821655273438 206.04013061523438 175.01504516601562 244.04953002929688
frog 0.9788705 63.05461120605469 183.04493713378906 94.94189453125 214.91297912597656
automobile 0.976487 161.0084228515625 50.06918716430664 193.11068725585938 82.00764465332031
bird 0.97365797 30.999622344970703 187.9823455810547 52.96260452270508 210.0818328857422
frog 0.9706824 127.10515594482422 84.0526351928711 162.0904541015625 118.9248275756836
automobile 0.97044194 41.05426788330078 36.005836486816406 75.9930191040039 71.06365203857422
dog 0.9674008 0.0287933349609375 118.00914764404297 32.001258850097656 149.96051025390625
airplane 0.9624232 191.11993408203125 201.10501098632812 217.08316040039062 227.0679931640625
frog 0.96031904 3.1452932357788086 167.066162109375 28.939632415771484 192.97265625
frog 0.95953155 86.03010559082031 41.06829071044922 121.05111694335938 76.03363037109375
bird 0.9420283 215.16146850585938 28.043533325195312 247.0208740234375 60.04612731933594
automobile 0.77742684 102.09001159667969 146.06517028808594 137.0601806640625 181.00660705566406
dog 0.6806495 193.07864379882812 156.03421020507812 228.03134155273438 191.03717041015625
ship 0.33908176 102.12723541259766 146.11685180664062 137.09262084960938 180.9954833984375
dog 0.29049104 177.04331970214844 99.03890228271484 206.04762268066406 128.0157470703125
deer 0.22205493 193.08070373535156 156.1057586669922 227.9883575439453 191.0864715576172
