truck 0.98968875 212.0423583984375 11.072486877441406 233.97393798828125 33.0096321105957
automobile 0.9891101 215.0230255126953 87.13140106201172 236.86582946777344 108.97589874267578
airplane 0.9845407 139.00653076171875 127.02500915527344 170.93157958984375 159.02088928222656
truck 0.9829515 99.10587310791016 76.04674530029297 124.8929672241211 101.74324798583984
deer 0.9802445 163.99803161621094 181.009765625 202.0981903076172 218.97735595703125
ship 0.9795235 99.10186767578125 153.07229614257812 124.87677001953125 178.9661865234375
bird 0.97912896 0.9593582153320312 99.95377349853516 39.03628158569336 137.99026489257812
cat 0.9745555 131.09262084960938 0.8500957489013672 163.17300415039062 32.96726989746094
bird 0.9618728 207.07192993164062 204.9885711669922 245.0338134765625 243.02772521972656
dog 0.9595586 41.099998474121094 183.9749298095703 76.06939697265625 219.0316619873047
dog 0.9406153 41.076576232910156 153.03260803222656 67.08900451660156 179.05393981933594
truck 0.9321619 53.10331726074219 95.00636291503906 82.04183959960938 123.9951171875
cat 0.9144918 134.1283416748047 61.04508972167969 166.01612854003906 92.99319458007812
bird 0.8970978 79.9928207397461 181.9805145263672 98.99922943115234 201.0011444091797
dog 0.7540199 168.07362365722656 8.105406761169434 189.95640563964844 29.990535736083984
cat 0.61660784 4.2397541999816895 42.047637939453125 19.885953903198242 58.189552307128906
cat 0.44795844 192.04920959472656 136.98289489746094 224.1291961669922 169.11717224121094
automobile 0.36821997 168.0156707763672 8.097831726074219 189.93516540527344 30.014846801757812
bird 0.2817635 192.0454559326172 136.82339477539062 224.23280334472656 169.1533203125
deer 0.20066428 192.0756072998047 136.95089721679688 224.13230895996094 169.06875610351562
bird 0.20007509 4.2275190353393555 42.11668395996094 19.828731536865234 58.044776916503906
