airplane 0.98447037 121.15670776367188 25.12630271911621 150.05593872070312 54.080833435058594
cat 0.98137057 9.062871932983398 80.79415893554688 46.974884033203125 119.01992797851562
ship 0.98103094 97.14957427978516 7.135668754577637 116.0118179321289 25.88632583618164
frog 0.9803704 171.03546142578125 124.91529083251953 203.09136962890625 156.9552764892578
truck 0.97449327 126.09930419921875 82.09455871582031 163.99099731445312 119.97142028808594
cat 0.9715871 127.79899597167969 153.93838500976562 154.0055694580078 180.08364868164062
ship 0.9692067 173.05809020996094 25.019020080566406 192.0050811767578 43.959205627441406
truck 0.9691918 80.0799331665039 84.99462890625 111.96846771240234 116.96823120117188
airplane 0.9687739 25.10932159423828 47.014678955078125 57.027069091796875 78.97267150878906
automobile 0.9563483 166.0616912841797 209.9642791748047 192.0923614501953 235.92918395996094
deer 0.9189371 11.099729537963867 141.02540588378906 30.025468826293945 159.83384704589844
airplane 0.74411654 129.9989013671875 190.0640106201172 152.0518798828125 212.0460662841797
automobile 0.7391742 204.0757598876953 21.037994384765625 223.0370330810547 39.97146224975586
deer 0.72596663 34.054195404052734 175.05935668945312 52.97574996948242 194.00372314453125
bird 0.7103283 207.0343017578125 191.14675903320312 236.03610229492188 219.92861938476562
frog 0.65284514 76.07158660888672 199.03591918945312 102.02584075927734 225.17300415039062
automobile 0.612414 206.08351135253906 74.08279418945312 243.97682189941406 111.99227905273438
ship 0.521524 206.10340881347656 74.16416931152344 243.96632385253906 111.92535400390625
frog 0.49477237 34.054195404052734 175.05935668945312 52.97574996948242 194.00372314453125
truck 0.43547946 204.08375549316406 21.020082473754883 223.0092315673828 39.983116149902344
dog 0.38544255 76.07158660888672 199.03591918945312 102.02584075927734 225.17300415039062
deer 0.23739082 206.98757934570312 191.11741638183594 236.07098388671875 219.9384307861328
