airplane 0.9871422 76.10865020751953 205.0789794921875 105.2033462524414 233.9945068359375
truck 0.98264706 204.0294647216797 130.13299560546875 239.05772399902344 164.92587280273438
frog 0.9785434 158.0421142578125 123.10955810546875 195.94082641601562 161.01565551757812
dog 0.97740924 10.023237228393555 82.12268829345703 28.985261917114258 100.92833709716797
truck 0.9758719 43.068870544433594 64.98468017578125 68.92369842529297 91.00971984863281
dog 0.9756527 109.99716186523438 187.01463317871094 147.9571533203125 224.9888153076172
frog 0.97526085 171.04249572753906 30.034160614013672 208.97023010253906 67.9547119140625
frog 0.97424984 152.02500915527344 168.0753936767578 187.1072235107422 203.02589416503906
ship 0.97373164 203.00054931640625 185.99514770507812 241.04986572265625 223.90240478515625
ship 0.9720381 7.072366714477539 183.9649658203125 45.067054748535156 222.0015869140625
frog 0.9695877 110.03333282470703 160.0935821533203 125.97022247314453 175.9236297607422
deer 0.9694619 32.952510833740234 110.0408706665039 71.00248718261719 147.99896240234375
airplane 0.9598465 12.064409255981445 13.923641204833984 49.972869873046875 52.029903411865234
ship 0.91672146 109.02128601074219 52.06854248046875 135.02578735351562 78.040283203125
deer 0.8789432 75.070556640625 10.021075248718262 94.00904846191406 29.03024673461914
bird 0.8173226 143.03607177734375 5.948944091796875 169.1002197265625 31.921058654785156
truck 0.6828792 75.8840560913086 154.4037628173828 107.70539093017578 185.81520080566406
cat 0.6641079 211.2581787109375 23.989498138427734 239.97854614257812 53.055904388427734
bird 0.5521783 187.06752014160156 79.10592651367188 212.93345642089844 105.13572692871094
dog 0.3689875 142.99774169921875 5.942695617675781 169.10385131835938 31.905750274658203
dog 0.3679974 211.19261169433594 23.990062713623047 239.93870544433594 53.09450912475586
dog 0.2616127 187.06752014160156 79.10592651367188 212.93345642089844 105.13572692871094
airplane 0.25359672 187.06752014160156 79.10592651367188 212.93345642089844 105.13572692871094
