frog 0.98714745 196.04779052734375 72.00882720947266 218.03350830078125 93.96733856201172
bird 0.98417187 112.04676055908203 98.04839324951172 141.0019989013672 127.0473861694336
bird 0.98053664 159.04678344726562 144.0512237548828 194.01739501953125 179.2218780517578
automobile 0.9792772 13.04708480834961 20.075265884399414 51.01094436645508 58.00105285644531
bird 0.9766091 115.07374572753906 191.0231475830078 143.95533752441406 220.01927185058594
automobile 0.97512543 103.06935119628906 133.1110076904297 141.09532165527344 170.96250915527344
cat 0.9730222 67.99039459228516 121.03114318847656 99.73380279541016 152.8497772216797
cat 0.97170734 151.9900665283203 73.07162475585938 178.0778350830078 98.89369201660156
airplane 0.96540874 15.004440307617188 162.0146484375 50.01451873779297 196.9354248046875
bird 0.9638581 199.04673767089844 105.12410736083984 220.9457550048828 127.0077133178711
cat 0.9626261 211.927490234375 139.02406311035156 240.97915649414062 168.05967712402344
dog 0.962549 136.05368041992188 6.060176849365234 171.09957885742188 41.05756759643555
frog 0.96244454 163.9980010986328 214.03587341308594 196.01670837402344 245.9796600341797
cat 0.88975054 66.05867004394531 29.093231201171875 100.88444519042969 64.01197814941406
cat 0.8856456 55.968101501464844 159.2272186279297 71.96421813964844 175.11903381347656
truck 0.8472583 161.9883270263672 100.32347106933594 180.95542907714844 119.00830078125
automobile 0.6149342 106.0299301147461 35.054874420166016 124.9959487915039 54.0246696472168
automobile 0.3912189 162.12112426757812 100.22090148925781 181.0184326171875 118.82337951660156
