deer 0.98274755 125.05218505859375 199.0013885498047 160.03268432617188 233.9798126220703
ship 0.9786626 208.96615600585938 188.0862579345703 246.94015502929688 226.0045623779297
frog 0.97799873 114.0647201538086 168.00778198242188 143.11880493164062 197.09494018554688
deer 0.97507155 76.12122344970703 199.99227905273438 107.96996307373047 232.11065673828125
ship 0.974874 64.08136749267578 131.94418334960938 102.01728057861328 170.01071166992188
automobile 0.97337496 159.02081298828125 43.054649353027344 194.01315307617188 78.0074691772461
deer 0.96827173 138.07066345214844 91.19625854492188 173.0407257080078 125.95274353027344
frog 0.96219146 59.026912689208984 176.98556518554688 77.9443359375 195.96640014648438
truck 0.958183 156.046875 126.90740966796875 188.01388549804688 159.06967163085938
airplane 0.9532583 1.0266027450561523 52.098140716552734 22.982372283935547 73.99840545654297
cat 0.94602454 156.28054809570312 8.12112045288086 188.04287719726562 39.892940521240234
truck 0.891781 52.14383316040039 97.99726867675781 71.03710174560547 117.00973510742188
automobile 0.8851239 83.97084045410156 17.032711029052734 99.96926879882812 33.0189094543457
dog 0.88228726 81.0670166015625 47.060508728027344 97.00730895996094 63.02752685546875
cat 0.8772346 27.15595245361328 159.03219604492188 53.034324645996094 185.08056640625
dog 0.8476678 105.075439453125 23.969465255737305 143.16835021972656 61.906951904296875
bird 0.8295747 13.065113067626953 7.085881233215332 34.9936637878418 29.037464141845703
bird 0.6970737 6.077471733093262 203.0970458984375 25.03899383544922 221.96005249023438
dog 0.4818418 6.056153297424316 203.15902709960938 25.06157684326172 221.97152709960938
frog 0.31759745 13.084158897399902 7.046917915344238 34.92733383178711 28.97159194946289
frog 0.2693056 105.04733276367188 24.037254333496094 142.98419189453125 61.89391326904297
deer 0.20416972 27.167978286743164 158.95118713378906 53.015724182128906 185.09144592285156
