truck 0.9894808 152.1531219482422 75.05225372314453 171.07078552246094 94.04206085205078
ship 0.98729503 62.09898376464844 8.035493850708008 81.0045166015625 27.075952529907227
airplane 0.98589486 57.00004577636719 131.1312713623047 91.96961975097656 166.0595245361328
dog 0.98372865 124.04720306396484 11.05136775970459 145.9983673095703 33.02788162231445
deer 0.98177814 95.04246520996094 118.08190155029297 123.9871826171875 146.8671417236328
airplane 0.9792643 16.062255859375 147.0188751220703 47.988746643066406 179.03196716308594
ship 0.97556984 115.0474853515625 63.08869934082031 150.07220458984375 98.07305908203125
bird 0.9752122 18.060630798339844 77.00813293457031 52.99957275390625 111.97932434082031
ship 0.9706666 100.06116485595703 13.033476829528809 116.0241470336914 29.027748107910156
ship 0.9704155 137.0606231689453 119.96869659423828 162.96070861816406 145.93768310546875
cat 0.9678353 123.07553100585938 159.04629516601562 161.06582641601562 197.02450561523438
deer 0.95838964 172.03477478027344 110.07383728027344 198.0431365966797 135.8707275390625
frog 0.89860725 213.07008361816406 25.046131134033203 235.0143280029297 47.07638931274414
ship 0.63862634 156.0081329345703 15.012327194213867 188.0317840576172 47.08898162841797
dog 0.62975967 99.03604888916016 213.12680053710938 127.98766326904297 242.01593017578125
automobile 0.61208344 57.91276168823242 75.91349029541016 84.07009887695312 101.98809051513672
airplane 0.45810875 155.9939422607422 15.04578971862793 187.9900360107422 47.00823211669922
truck 0.44606286 57.92329025268555 75.9826431274414 84.12921905517578 101.94109344482422
deer 0.43037367 99.0528335571289 213.10630798339844 127.87726593017578 241.9542694091797
bird 0.22127211 156.0880126953125 15.082785606384277 188.08279418945312 47.036041259765625
