truck 0.98643464 120.10111236572266 34.06448745727539 151.95004272460938 66.02062225341797
airplane 0.9860939 25.02337646484375 163.06948852539062 43.96949768066406 182.01812744140625
airplane 0.98590976 152.0565185546875 98.05963134765625 183.9442138671875 130.0833282470703
automobile 0.98267025 215.06712341308594 21.002849578857422 244.0885467529297 50.01743698120117
bird 0.98204637 100.03598022460938 144.98379516601562 131.96160888671875 177.06057739257812
airplane 0.98144245 42.05531311035156 72.09044647216797 71.01292419433594 100.9863052368164
deer 0.97924757 77.04792785644531 8.044380187988281 109.00877380371094 39.98540496826172
automobile 0.9768683 6.004574775695801 200.07882690429688 32.005184173583984 225.9681396484375
airplane 0.97577274 53.08934020996094 157.0602264404297 78.99107360839844 182.9170684814453
frog 0.9715723 211.0875244140625 209.98956298828125 246.09194946289062 245.06256103515625
ship 0.96961033 155.09170532226562 16.99184226989746 190.01513671875 52.14735412597656
airplane 0.96485364 113.05335998535156 178.85153198242188 142.0863800048828 208.04742431640625
airplane 0.96006155 102.95851135253906 100.09884643554688 129.00338745117188 125.97021484375
frog 0.9567089 74.26885223388672 108.04136657714844 96.0154800415039 129.4342803955078
cat 0.916307 147.92848205566406 144.8632049560547 179.9247283935547 176.9962921142578
bird 0.88777405 183.15415954589844 157.08441162109375 218.01329040527344 191.93148803710938
bird 0.88612545 11.056690216064453 118.99127197265625 49.00368881225586 156.89364624023438
truck 0.80849946 61.10650634765625 211.93927001953125 87.03083801269531 238.01727294921875
ship 0.80410993 80.98638916015625 178.95513916015625 109.95167541503906 207.98220825195312
automobile 0.23421603 80.99339294433594 178.9539794921875 109.92588806152344 207.99423217773438
airplane 0.22272283 80.95285034179688 178.97634887695312 109.90174865722656 208.05374145507812
automobile 0.21045631 61.086814880371094 211.9630126953125 87.03632354736328 237.9932861328125
