truck 0.98494196 75.03491973876953 193.0380096435547 106.98064422607422 224.9977569580078
airplane 0.98444915 89.13278198242188 88.01554107666016 120.99955749511719 119.97821807861328
dog 0.984079 143.04188537597656 35.09209060668945 164.9501495361328 57.01412582397461
deer 0.9823057 166.03179931640625 16.066389083862305 184.99887084960938 35.02488708496094
frog 0.9811914 110.11738586425781 203.05099487304688 142.0084686279297 234.9345703125
bird 0.9811454 131.99244689941406 103.00086212158203 164.0011444091797 135.05767822265625
truck 0.98111385 86.97956085205078 130.18739318847656 118.93956756591797 162.0338592529297
airplane 0.9805072 19.985307693481445 140.93751525878906 58.07977294921875 179.00926208496094
frog 0.972304 49.023170471191406 102.0815200805664 74.94639587402344 128.00506591796875
automobile 0.97205675 34.170982360839844 202.94741821289062 65.9206771850586 234.960205078125
deer 0.96420634 6.015098571777344 198.87632751464844 32.250099182128906 225.03514099121094
bird 0.95189095 76.08277893066406 42.09380340576172 102.12080383300781 67.94249725341797
deer 0.94947076 174.9973907470703 84.11370849609375 194.0094451904297 103.00457763671875
bird 0.9371693 109.05216979980469 37.155399322509766 135.05264282226562 63.10922622680664
frog 0.9366817 56.05628967285156 45.98521423339844 72.0506591796875 61.94758605957031
cat 0.8610085 131.12741088867188 146.07601928710938 168.9993896484375 183.85400390625
automobile 0.7325157 136.0439910888672 69.1538314819336 164.79661560058594 98.17887115478516
dog 0.5927846 213.04074096679688 62.06890869140625 235.03128051757812 84.0069580078125
truck 0.44082537 136.03749084472656 69.14214324951172 164.8194122314453 98.15972137451172
cat 0.22587466 213.12142944335938 62.03584289550781 235.06283569335938 84.02473449707031
frog 0.20924109 131.0178985595703 146.31138610839844 168.88401794433594 183.8418426513672
