airplane 0.9884398 206.05056762695312 39.04790115356445 228.04910278320312 60.90340042114258
ship 0.98779327 58.0687370300293 93.05288696289062 79.93567657470703 114.97274780273438
truck 0.987486 127.09764099121094 57.0290412902832 149.0391387939453 79.1236572265625
deer 0.9839993 74.98568725585938 156.0625 113.03530883789062 194.04635620117188
airplane 0.9832997 85.09271240234375 103.95701599121094 123.03411865234375 141.94688415527344
ship 0.98093456 8.976678848266602 155.083251953125 28.018983840942383 174.0499267578125
airplane 0.976112 170.99960327148438 17.099990844726562 202.94842529296875 48.83854675292969
truck 0.9759066 4.084840774536133 14.964484214782715 30.00166893005371 41.006736755371094
frog 0.9728677 32.14934539794922 151.1934051513672 61.04003143310547 179.9539337158203
frog 0.96820813 61.063621520996094 3.082146644592285 92.96131134033203 35.03752517700195
dog 0.9456097 1.0632991790771484 47.986663818359375 35.94317626953125 83.00982666015625
automobile 0.916185 75.25273132324219 215.08465576171875 112.90042114257812 253.10806274414062
truck 0.8691143 198.00631713867188 65.94169616699219 235.9559326171875 104.11384582519531
bird 0.84706867 25.108753204345703 198.1090545654297 56.93263626098633 230.00917053222656
cat 0.8464757 41.0245361328125 76.9383773803711 56.992271423339844 92.9512710571289
cat 0.8033001 24.923824310302734 99.98088073730469 41.09932327270508 116.04159545898438
cat 0.7432449 149.09815979003906 26.07877540588379 167.98866271972656 44.99951934814453
cat 0.68961406 101.16012573242188 21.039806365966797 119.95065307617188 39.96066665649414
airplane 0.58048755 149.10311889648438 26.07994842529297 168.01107788085938 45.01277160644531
dog 0.46085244 101.1233139038086 21.003442764282227 119.96558380126953 39.943809509277344
automobile 0.3828261 24.923728942871094 99.99957275390625 41.089195251464844 116.035400390625
frog 0.2882938 25.01323699951172 198.02337646484375 56.89539337158203 230.0233154296875
