automobile 0.986715 43.07474899291992 206.98306274414062 64.97227478027344 228.97897338867188
truck 0.9847178 159.1084747314453 104.0039291381836 191.0585174560547 135.98867797851562
dog 0.97724396 85.0083999633789 198.0265655517578 113.9698257446289 226.99742126464844
truck 0.9768081 53.058624267578125 51.04374694824219 91.03361511230469 89.04704284667969
automobile 0.97623235 95.00642395019531 174.03268432617188 113.95506286621094 193.13580322265625
automobile 0.97593117 79.05728149414062 4.010214805603027 108.060302734375 32.93118667602539
deer 0.97565025 162.04774475097656 178.0654754638672 191.0034637451172 207.04469299316406
automobile 0.9723798 97.0718994140625 38.04855728149414 119.01742553710938 59.96670150756836
dog 0.967471 206.16409301757812 98.0382080078125 227.99472045898438 119.94630432128906
dog 0.96546555 185.0745391845703 210.98390197753906 220.02024841308594 245.96717834472656
deer 0.9480926 121.08252716064453 182.60369873046875 150.04293823242188 211.03662109375
automobile 0.9422791 179.07144165039062 66.78778839111328 195.0323486328125 83.06563568115234
cat 0.81163013 132.02883911132812 1.077596664428711 151.03912353515625 20.057641983032227
truck 0.7564745 8.976475715637207 61.03190994262695 25.062305450439453 77.02848815917969
cat 0.6503074 146.10177612304688 143.07003784179688 172.03823852539062 169.03170776367188
ship 0.6194417 30.04985237121582 138.38998413085938 51.97077178955078 159.9837646484375
bird 0.4515842 146.09945678710938 143.0875244140625 172.0391845703125 168.984130859375
truck 0.38198745 211.11668395996094 49.03791809082031 236.95457458496094 74.80929565429688
cat 0.33503172 29.916526794433594 138.50469970703125 52.03571319580078 159.91537475585938
airplane 0.32040638 29.937915802001953 138.51869201660156 52.04423141479492 159.89549255371094
airplane 0.25138152 8.972453117370605 61.04056930541992 25.034503936767578 77.02748107910156
dog 0.22539815 132.10450744628906 1.0844087600708008 150.96888732910156 20.089366912841797
automobile 0.20679411 211.1512451171875 48.991912841796875 236.96475219726562 74.79905700683594
