airplane 0.9870738 89.06095886230469 159.109619140625 111.04823303222656 181.00408935546875
frog 0.9854225 159.92758178710938 166.05801391601562 189.11431884765625 195.0289306640625
automobile 0.9848485 48.019630432128906 66.11922454833984 79.9966812133789 98.07988739013672
automobile 0.98399633 176.1522216796875 99.08677673339844 197.99673461914062 121.07278442382812
automobile 0.98106325 42.08340072631836 183.01295471191406 74.00273132324219 214.98463439941406
truck 0.97842336 190.98983764648438 153.99581909179688 228.9512939453125 192.132568359375
truck 0.9769811 27.06262969970703 142.07437133789062 49.01026153564453 164.0574951171875
deer 0.97646415 10.08019733428955 53.03953552246094 35.94849395751953 79.03913879394531
truck 0.968151 133.0906982421875 206.35508728027344 170.98965454101562 244.0559844970703
automobile 0.9668481 8.037826538085938 97.10395050048828 42.89104080200195 131.96249389648438
truck 0.9663473 200.02737426757812 1.9749488830566406 234.91323852539062 36.992733001708984
ship 0.96446943 129.07009887695312 179.05746459960938 155.08685302734375 205.018798828125
frog 0.9264761 79.03610229492188 200.0030059814453 111.06648254394531 232.06443786621094
truck 0.9156065 178.0767822265625 123.10577392578125 203.9881591796875 149.06787109375
frog 0.89896405 165.0632781982422 63.02541732788086 196.9252166748047 95.04060363769531
bird 0.88638353 51.08392333984375 35.98025894165039 72.9822998046875 57.978336334228516
frog 0.88309896 99.0511703491211 5.013072967529297 136.97911071777344 43.00508117675781
bird 0.84360397 79.05682373046875 120.03909301757812 117.1324462890625 157.80316162109375
automobile 0.7905644 121.03091430664062 89.01176452636719 149.98739624023438 118.05513000488281
frog 0.76121014 209.03363037109375 44.09450149536133 228.10955810546875 63.04301834106445
frog 0.36105365 79.21923065185547 120.09912109375 117.17691802978516 157.64306640625
cat 0.25772187 209.00323486328125 43.98971939086914 228.1358642578125 63.20711898803711
truck 0.24001199 165.02389526367188 63.094154357910156 196.97119140625 95.06827545166016
