airplane 0.9908034 42.03962707519531 135.04933166503906 60.98297882080078 154.06248474121094
automobile 0.9874414 130.0624237060547 94.10746765136719 149.04685974121094 113.04322814941406
frog 0.98451245 64.97825622558594 114.9778823852539 97.03810119628906 146.92552185058594
ship 0.98114395 184.03953552246094 192.90826416015625 216.0127410888672 225.03732299804688
deer 0.98026425 55.037994384765625 47.21775817871094 87.05029296875 78.97225189208984
ship 0.97891104 167.14060974121094 80.95165252685547 199.00135803222656 112.97113800048828
frog 0.9768271 200.06471252441406 63.92744445800781 231.9746551513672 96.01643371582031
ship 0.9706312 77.08343505859375 160.97808837890625 111.93714904785156 196.01171875
ship 0.9680556 8.059781074523926 13.041866302490234 39.9937858581543 44.97938919067383
deer 0.9511756 24.086750030517578 211.10403442382812 46.04551315307617 233.00204467773438
dog 0.9416028 128.08834838867188 49.06409454345703 166.01705932617188 86.92797088623047
ship 0.937888 110.07331848144531 207.05258178710938 138.94070434570312 235.87423706054688
airplane 0.9326375 187.13357543945312 25.099254608154297 221.9580078125 60.12459945678711
automobile 0.91914284 132.73326110839844 143.25778198242188 164.02012634277344 178.144775390625
airplane 0.9097823 13.105417251586914 79.13543701171875 50.90735626220703 117.02552795410156
bird 0.8869264 58.021705627441406 11.02649211883545 84.02567291259766 36.92644500732422
deer 0.8095324 141.12078857421875 121.07475280761719 159.99359130859375 140.14076232910156
frog 0.7578435 177.01502990722656 142.1101531982422 202.92613220214844 167.8799285888672
dog 0.75334895 27.98548698425293 179.07855224609375 47.11555480957031 198.113525390625
airplane 0.47390047 141.15103149414062 121.15805053710938 159.97488403320312 140.24172973632812
automobile 0.25596604 177.01502990722656 142.1101531982422 202.92613220214844 167.8799285888672
ship 0.24020001 141.16310119628906 121.06355285644531 160.0536651611328 140.1228485107422
