bird 0.99106234 105.06124114990234 12.033803939819336 127.03829193115234 34.01270294189453
truck 0.98892546 58.038734436035156 118.10628509521484 80.02066802978516 140.02383422851562
automobile 0.98420095 179.02081298828125 12.986251831054688 214.03472900390625 48.163856506347656
bird 0.98279476 82.05506896972656 163.04051208496094 117.02992248535156 197.97520446777344
airplane 0.97992253 73.01388549804688 206.9525146484375 99.00833129882812 232.93930053710938
truck 0.9743271 187.16395568847656 201.98890686035156 219.02793884277344 233.9496307373047
frog 0.97283566 6.122037887573242 208.02120971679688 40.98149108886719 243.0054931640625
frog 0.97249866 142.13916015625 209.0165557861328 179.90554809570312 247.0209503173828
bird 0.9722921 39.980926513671875 19.031824111938477 74.91658020019531 54.031150817871094
automobile 0.9697417 104.96807861328125 111.94721984863281 134.01698303222656 141.09376525878906
bird 0.9671781 44.094032287597656 172.070556640625 73.06090545654297 201.17291259765625
frog 0.96510905 202.0911102294922 72.0537109375 227.9793243408203 98.03410339355469
truck 0.95455384 27.997467041015625 126.02151489257812 47.06755065917969 144.97708129882812
dog 0.95188046 136.01101684570312 73.14508819580078 170.947998046875 108.04235076904297
bird 0.93560123 187.0731201171875 52.101951599121094 206.00106811523438 71.03321075439453
deer 0.67057526 142.08033752441406 1.1051883697509766 171.03941345214844 30.012840270996094
dog 0.45256072 8.14095401763916 21.029094696044922 33.96430969238281 47.01572799682617
dog 0.41582856 142.05038452148438 1.0940790176391602 171.07254028320312 29.973590850830078
cat 0.40399528 160.9931182861328 140.0337371826172 195.9397430419922 175.14430236816406
dog 0.32912973 161.02301025390625 139.97982788085938 195.92764282226562 175.09225463867188
