truck 0.984669 72.99131774902344 94.0390396118164 110.98738098144531 131.9576416015625
ship 0.98398316 117.10366821289062 71.01828002929688 136.0185089111328 90.03668212890625
frog 0.9815372 11.026301383972168 60.04887390136719 39.99113464355469 88.96621704101562
cat 0.981301 59.070377349853516 132.95709228515625 91.01590728759766 164.9122314453125
ship 0.98078144 3.109081268310547 168.97467041015625 34.98102569580078 201.14810180664062
automobile 0.9779968 146.05279541015625 80.11656188964844 181.04537963867188 115.05177307128906
airplane 0.9702406 206.0705108642578 138.0078582763672 238.04689025878906 169.9734344482422
dog 0.96623516 45.97932052612305 188.0548095703125 71.95446014404297 214.005126953125
airplane 0.957883 181.0411834716797 153.03317260742188 199.90431213378906 172.01416015625
dog 0.953732 71.99008178710938 58.97584915161133 104.051513671875 90.94978332519531
airplane 0.94773555 99.00460052490234 179.00015258789062 114.98702239990234 195.02322387695312
dog 0.9472364 194.07009887695312 181.04739379882812 228.96478271484375 215.9390869140625
cat 0.9076092 10.947466850280762 152.01841735839844 27.03571319580078 168.12550354003906
deer 0.88552725 103.00094604492188 145.982666015625 119.08854675292969 161.99798583984375
airplane 0.8686071 150.1695098876953 49.114341735839844 175.96665954589844 74.72286224365234
cat 0.86291975 157.98876953125 5.056194305419922 195.951171875 42.86722183227539
dog 0.8300046 189.03306579589844 91.08061218261719 220.9711151123047 122.84980773925781
cat 0.7873872 179.07977294921875 47.93061065673828 205.10791015625 73.98005676269531
frog 0.72654885 125.09706115722656 211.11569213867188 147.04200744628906 232.98220825195312
dog 0.4865624 125.09398651123047 211.0093536376953 147.13319396972656 232.93370056152344
deer 0.24477294 179.15748596191406 47.9522705078125 205.0832977294922 73.99671173095703
