airplane 0.99074674 83.07546997070312 78.03019714355469 102.02969360351562 97.01385498046875
automobile 0.9886286 204.99801635742188 38.03367614746094 224.00823974609375 57.063697814941406
truck 0.9869622 42.04301071166992 48.2173957824707 74.03489685058594 79.98824310302734
automobile 0.9827395 163.92396545410156 57.024139404296875 195.95335388183594 89.01264953613281
truck 0.9809687 70.08585357666016 134.12295532226562 102.05736541748047 166.05133056640625
dog 0.9797298 210.0478515625 87.10417938232422 228.93972778320312 105.9725570678711
truck 0.9725001 162.0923309326172 188.07308959960938 196.98948669433594 223.02590942382812
frog 0.97132623 5.170372009277344 89.0238037109375 43.00726318359375 127.01699829101562
automobile 0.9631008 174.0422821044922 5.11421012878418 199.97019958496094 31.085359573364258
frog 0.9608793 127.0685043334961 84.94296264648438 153.04092407226562 110.99293518066406
ship 0.95927435 141.9558868408203 134.98394775390625 174.0771026611328 166.95626831054688
cat 0.95383954 118.04212951660156 187.0102996826172 153.02220153808594 221.9269256591797
dog 0.8834497 109.99179077148438 111.03152465820312 126.01239013671875 127.05715942382812
deer 0.8295233 140.07827758789062 4.035634994506836 162.049072265625 26.046398162841797
cat 0.7261321 36.08423614501953 175.08181762695312 58.01036071777344 197.03036499023438
cat 0.53469247 183.99073791503906 138.0695037841797 219.0945587158203 172.9960174560547
dog 0.50906736 104.24452209472656 6.976550102233887 123.07708740234375 25.984691619873047
bird 0.38226745 183.97598266601562 138.07159423828125 219.12078857421875 173.02508544921875
bird 0.27516437 104.21784973144531 7.010538101196289 123.05897521972656 25.9466495513916
cat 0.23640546 104.29048156738281 6.947216033935547 123.08168029785156 25.963424682617188
bird 0.20209122 36.05660629272461 175.0576171875 58.02103805541992 196.84454345703125
