bird 0.985039 94.0715103149414 141.05531311035156 129.17750549316406 175.97608947753906
truck 0.981981 184.045654296875 114.10563659667969 216.03900146484375 145.9855194091797
automobile 0.9812536 212.926513671875 181.02725219726562 239.01449584960938 207.16424560546875
airplane 0.97867316 134.03533935546875 213.98532104492188 171.99111938476562 252.03146362304688
automobile 0.9780245 181.1239013671875 183.0835418701172 210.28677368164062 212.0039520263672
ship 0.9673516 33.962432861328125 89.00492858886719 63.09381103515625 117.97492980957031
ship 0.9520174 214.0619354248047 74.05052947998047 249.01829528808594 109.06810760498047
airplane 0.9513736 59.0569953918457 134.0640869140625 88.0433578491211 162.95089721679688
truck 0.9505438 21.068065643310547 152.95916748046875 39.976985931396484 172.02169799804688
bird 0.9464402 140.02467346191406 116.07320404052734 165.9860076904297 142.05174255371094
frog 0.94357824 166.03842163085938 83.08648681640625 187.94729614257812 105.10275268554688
truck 0.9426694 133.1790008544922 165.06008911132812 170.9500274658203 203.01803588867188
bird 0.9348532 44.96409225463867 203.0590057373047 79.96572875976562 238.0836639404297
frog 0.9314495 128.0634765625 3.071218490600586 166.027587890625 41.07752227783203
truck 0.91836774 51.10810852050781 0.49494361877441406 85.91529846191406 35.94657897949219
bird 0.67874265 50.05696105957031 174.01649475097656 65.92890167236328 189.9973907470703
cat 0.545457 70.0283203125 50.078155517578125 88.97828674316406 68.96414184570312
airplane 0.30605027 21.152523040771484 153.01690673828125 40.085777282714844 171.99871826171875
dog 0.27496737 113.065673828125 103.01853942871094 128.96749877929688 119.04823303222656
bird 0.27132267 70.05879211425781 50.02226257324219 88.92681884765625 68.93614959716797
airplane 0.23774341 50.00998306274414 173.99676513671875 65.920166015625 190.01931762695312
