truck 0.98739755 70.10257720947266 24.043012619018555 99.02823638916016 53.061378479003906
automobile 0.9814982 25.21538734436035 43.0849609375 53.9346923828125 71.95024871826172
deer 0.9775707 187.03497314453125 187.03231811523438 219.082763671875 218.97915649414062
ship 0.9774141 136.11813354492188 48.09831237792969 164.9874267578125 77.08544158935547
deer 0.97682065 46.11033630371094 163.1171417236328 75.03121948242188 192.0651092529297
airplane 0.97462165 202.03443908691406 4.0371246337890625 227.9720001220703 30.060592651367188
ship 0.97398686 191.8287353515625 91.07649230957031 226.98629760742188 126.0062255859375
deer 0.97357017 151.9707489013672 88.97240447998047 190.27442932128906 127.01972198486328
truck 0.9712764 179.09246826171875 34.14354705810547 217.0062255859375 72.07755279541016
dog 0.96369195 211.13612365722656 135.09620666503906 239.6409149169922 164.03233337402344
airplane 0.96353006 75.07880401611328 62.1483039855957 113.00882720947266 99.98593139648438
cat 0.93616253 180.02536010742188 148.1239471435547 202.10699462890625 170.04750061035156
truck 0.9299455 100.97459411621094 151.98480224609375 126.99555969238281 177.94256591796875
deer 0.9216215 121.00875091552734 127.9861068725586 137.02725219726562 143.9739532470703
dog 0.8886203 167.06700134277344 8.0493745803833 188.9718780517578 29.996109008789062
truck 0.54391956 76.05796813964844 130.07351684570312 98.02294921875 151.99014282226562
frog 0.3922119 155.30572509765625 172.34857177734375 177.58282470703125 194.99395751953125
deer 0.3852858 155.49549865722656 172.62399291992188 177.63270568847656 194.98587036132812
