truck 0.98674715 79.07051086425781 69.0782241821289 101.04588317871094 91.0192642211914
cat 0.9855137 98.9581298828125 167.0310516357422 118.05545043945312 186.0274200439453
cat 0.98353595 15.099934577941895 48.11568832397461 37.00047302246094 70.03584289550781
frog 0.9809291 172.06143188476562 152.02198791503906 204.00137329101562 183.8816680908203
airplane 0.978825 205.04623413085938 195.09494018554688 243.02655029296875 233.04443359375
deer 0.97305036 144.0184326171875 41.9114875793457 173.021240234375 70.97252655029297
automobile 0.97043467 1.9789247512817383 131.0303497314453 28.256637573242188 156.9673614501953
ship 0.9703833 137.98724365234375 177.9059600830078 163.99630737304688 204.0595245361328
dog 0.9700263 184.0509033203125 11.0657958984375 213.0474853515625 39.95440673828125
truck 0.9667963 76.06620025634766 14.0000581741333 108.00943756103516 45.968467712402344
bird 0.9618062 0.03836822509765625 170.01344299316406 32.01325607299805 201.91810607910156
bird 0.96176267 136.08950805664062 146.09657287597656 164.99612426757812 175.32810974121094
frog 0.96003544 184.05618286132812 106.02920532226562 221.94189453125 143.76788330078125
ship 0.9545367 49.0534553527832 41.03053283691406 71.08455657958984 63.04237365722656
frog 0.87951803 17.09231948852539 77.06419372558594 39.075313568115234 98.96353149414062
bird 0.83521247 31.998958587646484 126.03507232666016 51.02898025512695 144.98680114746094
automobile 0.7643223 76.07893371582031 191.00006103515625 101.99690246582031 216.98098754882812
ship 0.29076 76.05514526367188 191.00892639160156 102.01052856445312 217.00657653808594
airplane 0.24393186 17.027565002441406 76.83975219726562 39.02515411376953 99.01460266113281
cat 0.24234208 17.010799407958984 76.85831451416016 39.02397537231445 99.0492935180664
airplane 0.22790027 32.00395965576172 126.09276580810547 51.034690856933594 144.92745971679688
deer 0.20284367 154.98240661621094 205.12997436523438 190.0001983642578 239.80618286132812
