truck 0.9858258 20.111129760742188 53.992271423339844 39.07093811035156 73.01480102539062
truck 0.9834856 176.97401428222656 69.98237609863281 193.00254821777344 86.04301452636719
cat 0.980984 187.99612426757812 176.05828857421875 207.08538818359375 195.05966186523438
truck 0.9796401 96.04623413085938 179.05787658691406 127.98373413085938 210.9889373779297
airplane 0.97903323 190.00343322753906 30.982646942138672 205.9462127685547 46.99984359741211
airplane 0.97755426 137.0315399169922 161.11143493652344 169.06971740722656 193.0769805908203
airplane 0.967394 160.11007690429688 13.106460571289062 182.03463745117188 35.030887603759766
dog 0.95868987 79.91695404052734 120.08523559570312 117.93907928466797 157.74795532226562
dog 0.9490668 29.91446304321289 20.00787353515625 61.91749954223633 51.94861602783203
automobile 0.93151224 87.07129669189453 78.01304626464844 109.03148651123047 100.053955078125
bird 0.919726 116.01931762695312 29.097530364990234 142.06103515625 54.87703323364258
frog 0.8608159 187.0447235107422 88.02635955810547 213.0149383544922 113.9177017211914
dog 0.7528304 126.96772003173828 121.96543884277344 143.08621215820312 137.9391326904297
cat 0.7119906 15.066258430480957 172.0557861328125 36.984920501708984 193.99496459960938
cat 0.70918447 29.068124771118164 89.05044555664062 64.02613067626953 124.09327697753906
cat 0.703967 187.0471649169922 201.91348266601562 218.85008239746094 233.96749877929688
cat 0.69917697 75.02613830566406 2.988945960998535 103.97019958496094 32.01142883300781
cat 0.6916227 29.094196319580078 131.04397583007812 51.04117965698242 153.039306640625
airplane 0.42660746 75.02613830566406 2.988945960998535 103.97019958496094 32.01142883300781
deer 0.32222706 29.135272979736328 131.07861328125 51.040348052978516 153.01034545898438
frog 0.3008253 29.040292739868164 89.03923797607422 64.0316390991211 124.02204132080078
dog 0.27740115 15.028820037841797 172.05349731445312 37.008079528808594 193.99563598632812
cat 0.25969362 126.9830551147461 121.9336929321289 143.08840942382812 137.92694091796875
bird 0.21195745 29.10727882385254 131.04763793945312 51.07386016845703 153.03707885742188
