ship 0.99069434 37.165340423583984 10.06620979309082 59.043460845947266 31.92228126525879
deer 0.9878354 146.1536407470703 105.1022720336914 168.02357482910156 127.08068084716797
truck 0.9847765 24.032424926757812 45.04913330078125 55.95618438720703 76.9910888671875
bird 0.9846184 142.04237365722656 190.14019775390625 176.9469757080078 225.01541137695312
cat 0.98157954 192.1088104248047 24.01254653930664 211.07102966308594 42.996944427490234
frog 0.97856146 193.99215698242188 123.04387664794922 228.97653198242188 157.94911193847656
airplane 0.97692096 125.915283203125 8.10478401184082 160.92984008789062 43.13108825683594
truck 0.9746976 14.019465446472168 124.05458068847656 36.008567810058594 146.03529357910156
deer 0.9745979 184.01605224609375 50.02020263671875 215.93606567382812 82.00938415527344
truck 0.970835 118.1002197265625 113.00819396972656 144.16830444335938 138.96287536621094
truck 0.97024536 5.091815948486328 164.0660858154297 40.03050231933594 198.9990692138672
dog 0.9689137 211.13784790039062 162.99771118164062 249.01214599609375 200.99148559570312
deer 0.93471086 75.36894226074219 165.79249572753906 107.171142578125 195.07057189941406
airplane 0.92562807 80.1323013305664 198.15977478027344 115.05353546142578 232.9149627685547
bird 0.9002625 126.04335021972656 46.898399353027344 157.9517059326172 79.03248596191406
automobile 0.75002277 46.32621765136719 88.72419738769531 78.16842651367188 116.32901000976562
bird 0.7282393 15.069726943969727 83.07666015625 34.015098571777344 101.97019958496094
dog 0.71839917 94.0833740234375 54.88402557373047 116.08441162109375 77.07952117919922
bird 0.6979737 83.94351959228516 23.085384368896484 112.98445892333984 52.04367446899414
frog 0.32903266 83.93925476074219 23.132091522216797 113.02609252929688 52.03644943237305
cat 0.22215441 15.05685806274414 83.01329040527344 34.02958679199219 102.00471496582031
cat 0.21882305 94.11343383789062 55.06110382080078 116.20283508300781 77.0433120727539
frog 0.2012954 15.055822372436523 83.06392669677734 34.00480651855469 101.99279022216797
