automobile 0.9815854 152.0520477294922 212.00762939453125 183.9086456298828 244.03414916992188
cat 0.98123497 34.09065246582031 22.977354049682617 71.90438079833984 61.08201599121094
automobile 0.97617894 142.09022521972656 75.19378662109375 176.8964080810547 110.05966186523438
ship 0.9715905 112.05327606201172 65.06218719482422 134.07815551757812 87.04602813720703
truck 0.96897787 197.03164672851562 192.91714477539062 234.91506958007812 231.07876586914062
dog 0.9671714 123.03594970703125 207.0363311767578 144.99539184570312 229.0377655029297
ship 0.96571535 13.021604537963867 101.08565521240234 42.04290008544922 130.07322692871094
deer 0.9648082 179.01754760742188 25.94609832763672 211.06790161132812 57.89311218261719
frog 0.9613433 172.0424041748047 165.99195861816406 191.0315399169922 185.0198211669922
deer 0.9586361 153.01998901367188 127.0546875 191.04104614257812 165.0037841796875
frog 0.9549925 52.04987335205078 141.0475616455078 78.08324432373047 166.98878479003906
airplane 0.9419835 39.05309295654297 200.94204711914062 65.0779037475586 227.10629272460938
frog 0.93613434 214.08071899414062 167.09043884277344 236.01034545898438 189.07691955566406
bird 0.93575 86.1353988647461 191.0389862060547 121.0857925415039 225.9939727783203
ship 0.920227 7.029608726501465 8.057446479797363 25.995052337646484 27.02277374267578
truck 0.77105594 90.03919982910156 108.01026153564453 118.91123962402344 136.9694366455078
frog 0.6509256 186.97361755371094 91.97175598144531 203.01145935058594 107.99530029296875
airplane 0.60159117 125.98922729492188 168.08843994140625 157.951171875 200.05862426757812
bird 0.54935646 51.10821533203125 64.9959716796875 67.05374145507812 80.97618103027344
ship 0.5076654 125.99927520751953 168.08787536621094 157.98817443847656 200.0401153564453
deer 0.4003901 88.01966094970703 0.3355875015258789 116.9500503540039 30.10149383544922
cat 0.35529327 90.05574798583984 108.00421142578125 118.90361785888672 136.97021484375
cat 0.32382596 51.1253662109375 65.0326156616211 67.07360076904297 80.99689483642578
truck 0.29638284 51.043155670166016 65.03646850585938 67.07283020019531 81.01092529296875
truck 0.26864445 186.95018005371094 91.98242950439453 203.04331970214844 107.9886245727539
automobile 0.25176084 186.9788055419922 91.94383239746094 203.05262756347656 107.98536682128906
bird 0.21631768 186.9788055419922 91.94383239746094 203.05262756347656 107.98536682128906
