bird 0.98495936 3.0424699783325195 48.02728271484375 32.00223159790039 77.00334167480469
automobile 0.9802733 187.13734436035156 3.1336498260498047 209.0237274169922 25.051809310913086
automobile 0.97982347 71.15910339355469 5.02757453918457 100.05015563964844 34.070343017578125
bird 0.97866786 76.02334594726562 120.93877410888672 111.08152770996094 155.9857940673828
ship 0.976227 165.96875 208.0447998046875 192.018310546875 233.97601318359375
ship 0.97600603 207.07327270507812 124.00650787353516 232.9854736328125 150.06283569335938
cat 0.9758475 113.9737548828125 204.03562927246094 149.0147705078125 239.0885772705078
truck 0.97254276 92.00595092773438 35.948360443115234 111.10877990722656 55.07730484008789
ship 0.9702122 45.99228286743164 60.95225524902344 72.00980377197266 86.921142578125
dog 0.9627811 173.18145751953125 56.046470642089844 205.03668212890625 87.87117767333984
cat 0.95491314 95.072998046875 75.09942626953125 121.03361511230469 100.936279296875
deer 0.9546075 31.078102111816406 97.22052764892578 57.046531677246094 123.10498809814453
automobile 0.94372106 129.0240478515625 112.15350341796875 147.97994995117188 130.97048950195312
bird 0.9401434 148.9976806640625 130.09642028808594 175.07659912109375 156.02565002441406
airplane 0.89889944 207.01702880859375 184.00218200683594 241.92257690429688 219.0848846435547
airplane 0.7311955 208.2174530029297 27.968801498413086 239.93580627441406 60.10487365722656
deer 0.62427473 53.99913024902344 156.01004028320312 70.01808166503906 172.008056640625
frog 0.54543537 16.979625701904297 132.08148193359375 38.99934768676758 154.04568481445312
ship 0.5416632 208.06947326660156 28.00088882446289 239.88343811035156 60.148799896240234
bird 0.49139646 70.08834838867188 209.96890258789062 108.08680725097656 247.89724731445312
bird 0.47642168 16.979625701904297 132.08148193359375 38.99934768676758 154.04568481445312
cat 0.39438784 70.14098358154297 209.94586181640625 108.17621612548828 248.00204467773438
dog 0.32780027 70.14098358154297 209.94586181640625 108.17621612548828 248.00204467773438
