ship 0.9868443 88.98723602294922 149.04873657226562 107.96492767333984 168.00762939453125
airplane 0.9848273 152.03121948242188 186.03402709960938 183.99285888671875 218.04959106445312
automobile 0.983515 10.017936706542969 183.9747314453125 45.010223388671875 219.0743408203125
airplane 0.9830662 19.150039672851562 113.02557373046875 53.874908447265625 148.13592529296875
truck 0.98175645 178.11114501953125 160.05767822265625 200.02850341796875 181.87567138671875
automobile 0.97939897 7.117353439331055 10.038661003112793 35.982383728027344 39.07387161254883
automobile 0.97930276 48.974857330322266 11.102651596069336 84.07014465332031 45.912010192871094
automobile 0.9776523 26.042190551757812 73.02925872802734 60.93562316894531 108.16519927978516
dog 0.9756055 122.0011215209961 127.95590209960938 159.980224609375 166.03985595703125
automobile 0.9755129 71.04006958007812 53.99147033691406 103.04678344726562 86.0157470703125
ship 0.9746085 141.05267333984375 91.12409973144531 167.04983520507812 117.00810241699219
bird 0.9698681 197.08139038085938 196.06272888183594 215.98287963867188 215.0784454345703
ship 0.96983564 148.06246948242188 33.999305725097656 167.03057861328125 53.00409698486328
automobile 0.9563799 8.047063827514648 151.0027618408203 26.984521865844727 169.95252990722656
bird 0.9552195 190.01678466796875 34.00330352783203 225.12078857421875 69.06864929199219
automobile 0.9217839 53.995670318603516 180.08815002441406 75.98870849609375 202.0059356689453
frog 0.9204624 55.418182373046875 131.50857543945312 86.92381286621094 161.00836181640625
ship 0.8833534 199.10946655273438 91.08997344970703 233.99310302734375 126.01152801513672
automobile 0.662878 95.1067123413086 107.07839965820312 113.9267807006836 126.02708435058594
bird 0.6399169 95.09561920166016 107.10830688476562 113.9477767944336 126.03335571289062
dog 0.4907173 98.03462982177734 9.045000076293945 130.06907653808594 41.003562927246094
cat 0.47822994 98.03462982177734 9.045000076293945 130.06907653808594 41.003562927246094
