bird 0.9853785 138.0334014892578 131.1001434326172 167.0635528564453 160.15162658691406
automobile 0.98172176 121.02863311767578 29.04886245727539 156.00445556640625 64.08285522460938
airplane 0.9792526 114.08177185058594 161.2624053955078 149.0658416748047 196.01234436035156
truck 0.97651446 61.022193908691406 149.1588134765625 98.9127426147461 187.07296752929688
bird 0.9762831 183.00820922851562 40.04651641845703 220.999755859375 78.02010345458984
bird 0.96771264 168.06622314453125 145.0101776123047 200.13870239257812 176.99790954589844
dog 0.96518415 42.05429458618164 42.06874084472656 70.96112060546875 71.03279876708984
deer 0.9585737 95.03089141845703 80.99674987792969 123.95731353759766 110.04698181152344
automobile 0.95085037 54.95216369628906 188.1017608642578 80.968994140625 213.90296936035156
airplane 0.93737334 153.04037475585938 204.0511474609375 179.08578491210938 230.02978515625
deer 0.933674 99.07234191894531 55.08319854736328 115.06069946289062 71.007568359375
deer 0.9286418 24.949974060058594 156.02389526367188 51.207191467285156 182.03363037109375
ship 0.7903083 7.0498127937316895 157.96649169921875 22.977657318115234 173.9609375
dog 0.7730131 11.071916580200195 40.98780059814453 30.026643753051758 59.95263671875
frog 0.72078073 0.9772768020629883 98.07020568847656 29.942867279052734 127.05130004882812
ship 0.69485587 205.0330352783203 201.07676696777344 227.04039001464844 223.11045837402344
dog 0.5496373 12.08662223815918 65.9549560546875 31.083219528198242 85.04740905761719
deer 0.5029312 82.92219543457031 4.052337646484375 112.00384521484375 33.097503662109375
cat 0.4567188 82.96180725097656 4.085877418518066 112.0526123046875 33.038818359375
airplane 0.42662707 205.09388732910156 201.11669921875 227.0120391845703 223.09109497070312
cat 0.41926873 12.022748947143555 66.0374984741211 31.042665481567383 85.0371322631836
airplane 0.29840222 7.057389736175537 157.9583282470703 23.005277633666992 173.9759979248047
bird 0.27786076 82.96180725097656 4.085877418518066 112.0526123046875 33.038818359375
