automobile 0.9888172 202.11790466308594 24.056184768676758 223.9868621826172 46.111061096191406
bird 0.9875263 111.97281646728516 130.974609375 141.0445098876953 159.99234008789062
airplane 0.9862958 48.02812957763672 5.942808151245117 76.99137878417969 35.091705322265625
truck 0.98375034 18.08631134033203 216.12376403808594 47.082252502441406 245.01002502441406
frog 0.9783492 162.0064239501953 102.09188842773438 181.0394744873047 120.97819519042969
truck 0.97822917 39.875160217285156 38.99020767211914 71.95086669921875 71.09701538085938
truck 0.9738306 205.10675048828125 51.04669952392578 227.04031372070312 73.06033325195312
bird 0.9701263 62.03868865966797 131.07907104492188 99.96463775634766 168.98712158203125
automobile 0.96931183 127.09207153320312 10.00895881652832 162.03347778320312 45.06591796875
airplane 0.9679096 47.1219596862793 89.0771484375 81.95512390136719 124.0125732421875
frog 0.96102047 11.100987434387207 32.071197509765625 37.13179397583008 58.096214294433594
bird 0.9525553 23.12161636352539 151.10968017578125 48.932254791259766 177.02969360351562
airplane 0.95062256 190.92044067382812 205.00546264648438 216.9459228515625 231.05810546875
ship 0.9291397 91.08175659179688 31.040679931640625 117.046875 57.10575866699219
dog 0.88191587 118.93904876708984 68.39237213134766 157.07928466796875 105.9268569946289
frog 0.8575982 126.04753875732422 190.10330200195312 161.08074951171875 225.11483764648438
dog 0.8204329 165.9528045654297 70.07945251464844 191.9083709716797 95.88250732421875
ship 0.80738175 93.02250671386719 214.9761505126953 124.98146057128906 246.77479553222656
airplane 0.36119145 93.12188720703125 214.98519897460938 124.9742431640625 246.830322265625
