ship 0.987471 28.036373138427734 70.04167938232422 50.01432418823242 92.13805389404297
airplane 0.9800947 202.07925415039062 195.11001586914062 233.96517944335938 227.00735473632812
deer 0.9799092 153.0048828125 57.990787506103516 185.091796875 90.0438232421875
ship 0.9791466 158.09446716308594 213.048095703125 187.03431701660156 241.96255493164062
dog 0.97898066 206.12930297851562 69.11457824707031 234.944580078125 97.96562194824219
deer 0.97718984 1.0509204864501953 137.9831085205078 30.002492904663086 167.04747009277344
airplane 0.97436225 102.18570709228516 165.0742645263672 123.9793930053711 187.03089904785156
deer 0.9737841 19.07509994506836 193.05218505859375 38.04386520385742 211.99844360351562
ship 0.9714743 64.07816314697266 115.01882934570312 102.03290557861328 152.962890625
truck 0.9687004 90.9704818725586 14.938467979431152 117.01239776611328 41.0424919128418
dog 0.9665905 116.03121185302734 99.07918548583984 145.0363311767578 128.0559539794922
truck 0.9656759 166.1214141845703 175.04640197753906 191.91404724121094 201.01499938964844
dog 0.96238357 55.04662322998047 164.9543914794922 71.00374603271484 180.9473114013672
bird 0.96056426 138.0181427001953 131.12066650390625 173.03858947753906 166.0467529296875
automobile 0.9567002 123.03246307373047 63.98631286621094 149.11288452148438 89.94010925292969
bird 0.94896936 194.06126403808594 128.04092407226562 231.99327087402344 165.98541259765625
airplane 0.8454313 210.06092834472656 3.0275001525878906 245.0421600341797 38.025962829589844
truck 0.73838365 15.034893035888672 100.0440902709961 47.0565071105957 131.92031860351562
automobile 0.2563333 15.0345458984375 99.89171600341797 47.01368713378906 131.8919219970703
