airplane 0.98810583 154.08746337890625 122.04166412353516 176.01031494140625 143.9307098388672
ship 0.98782694 164.02415466308594 13.076855659484863 183.06101989746094 31.95732879638672
deer 0.9810767 98.01701354980469 210.9178466796875 130.04869079589844 243.03646850585938
truck 0.98025906 90.06565856933594 88.01866149902344 127.98709106445312 125.92324829101562
deer 0.9778378 210.09353637695312 151.97073364257812 242.04550170898438 183.97653198242188
frog 0.9769872 168.0657501220703 54.071876525878906 199.9799346923828 85.87433624267578
truck 0.976524 53.9844970703125 213.0176544189453 88.95718383789062 248.05760192871094
ship 0.97580004 31.121784210205078 30.003145217895508 59.99277114868164 59.014183044433594
automobile 0.97387135 80.12715911865234 174.07017517089844 115.02904510498047 209.1732940673828
dog 0.97347796 7.043892860412598 12.156764030456543 29.196102142333984 34.01286315917969
dog 0.9730226 51.99943161010742 133.04417419433594 90.08917236328125 170.91725158691406
deer 0.9670954 190.0481719970703 121.8981704711914 218.86378479003906 150.97714233398438
ship 0.96416485 135.11074829101562 44.066925048828125 161.04254150390625 70.01593017578125
deer 0.96040666 168.92401123046875 194.07313537597656 207.241455078125 231.9595184326172
cat 0.8601688 23.009445190429688 88.08560943603516 52.016387939453125 117.10364532470703
ship 0.73399895 202.96731567382812 22.117584228515625 232.012939453125 50.958946228027344
cat 0.5727608 83.09217834472656 25.020198822021484 101.99859619140625 44.031986236572266
truck 0.5636192 27.075111389160156 120.97967529296875 45.994361877441406 140.05136108398438
airplane 0.52616507 37.044960021972656 7.031156063079834 53.008689880371094 22.981142044067383
cat 0.46105376 37.044960021972656 7.031156063079834 53.008689880371094 22.981142044067383
cat 0.31002235 202.99142456054688 22.07128143310547 232.00820922851562 51.024314880371094
frog 0.30939978 27.09394073486328 120.94188690185547 46.02751922607422 140.10519409179688
ship 0.26672092 83.05754089355469 25.035892486572266 101.93414306640625 44.255313873291016
dog 0.25074068 83.10008239746094 24.966079711914062 101.96734619140625 44.009239196777344
