ship 0.98797274 153.9652557373047 95.0214614868164 170.00877380371094 111.02606964111328
airplane 0.9835137 37.06403732299805 3.1954307556152344 59.02936935424805 25.061569213867188
airplane 0.9793854 46.046329498291016 127.06620788574219 80.9190673828125 162.1588592529297
airplane 0.97723556 14.954875946044922 187.8981475830078 40.907230377197266 213.99095153808594
cat 0.9763046 211.04881286621094 193.94476318359375 237.0335235595703 220.01513671875
airplane 0.97544146 170.04656982421875 73.17720794677734 189.01351928710938 91.8262710571289
truck 0.973799 198.12442016601562 91.00261688232422 230.0836181640625 122.9422378540039
dog 0.9703201 138.02810668945312 10.086499214172363 169.92584228515625 42.04598617553711
airplane 0.968438 46.05474853515625 35.12255096435547 84.04026794433594 73.03498840332031
automobile 0.9589772 186.99169921875 155.0806884765625 203.11038208007812 171.16104125976562
deer 0.9391565 156.0829315185547 121.13870239257812 181.96592712402344 146.99807739257812
bird 0.9373568 209.07174682617188 48.06903839111328 228.02618408203125 67.01922607421875
airplane 0.8451784 3.9865074157714844 155.1015167236328 33.083274841308594 183.95143127441406
cat 0.7623557 92.07846069335938 31.01305389404297 111.04527282714844 50.052581787109375
cat 0.675309 11.001176834106445 51.955406188964844 36.86005401611328 77.98554229736328
deer 0.362288 42.085350036621094 171.93359375 80.02713775634766 210.07754516601562
bird 0.33473545 92.05680847167969 31.039283752441406 111.08186340332031 50.07646942138672
bird 0.22273108 11.058368682861328 52.01065444946289 36.82908248901367 78.04826354980469
frog 0.21462989 91.97798156738281 31.253263473510742 111.04275512695312 50.024681091308594
frog 0.2067625 10.98578929901123 52.000938415527344 36.82500457763672 77.96883392333984
