airplane 0.98535 6.084260940551758 168.04991149902344 27.978273391723633 189.97230529785156
bird 0.9813925 7.029888153076172 83.0344009399414 41.899417877197266 118.01297760009766
deer 0.98001456 199.0258331298828 36.06815719604492 233.9534454345703 71.16909790039062
airplane 0.9734135 91.1145248413086 150.0610809326172 113.06450653076172 172.0460968017578
dog 0.9733074 90.09806823730469 32.99652862548828 111.79002380371094 55.07544708251953
dog 0.97306246 19.020061492919922 38.0291862487793 41.092926025390625 60.05070114135742
truck 0.97102 205.14002990722656 121.08201599121094 231.0714569091797 146.95603942871094
ship 0.9684249 47.081478118896484 178.02906799316406 81.96273803710938 213.0945587158203
cat 0.96402425 38.007667541503906 137.96484375 56.98979187011719 157.05331420898438
frog 0.95820606 63.07353973388672 51.09798812866211 85.05284881591797 73.02825927734375
frog 0.93956983 122.96952056884766 159.03746032714844 138.97296142578125 174.99839782714844
automobile 0.935567 37.12752914428711 20.02397918701172 52.98732376098633 35.93791580200195
bird 0.93481135 92.03789520263672 198.0440216064453 127.0199203491211 233.02064514160156
frog 0.89490056 5.137197494506836 8.789313316345215 21.21202278137207 25.009891510009766
cat 0.7741412 45.14227294921875 87.00885009765625 70.90218353271484 112.97271728515625
deer 0.75513315 140.1436004638672 188.98680114746094 165.9084014892578 214.91758728027344
cat 0.7067589 147.9285430908203 85.05467224121094 186.02574157714844 122.93759155273438
bird 0.6825635 144.0643310546875 26.016639709472656 169.97866821289062 52.08904266357422
dog 0.5377818 148.1598358154297 85.05032348632812 185.9368438720703 122.67166137695312
cat 0.35522813 144.07728576660156 26.01922607421875 169.95863342285156 52.083656311035156
