airplane 0.99045205 137.98394775390625 43.97764205932617 157.07455444335938 63.011478424072266
cat 0.98754674 37.12343215942383 41.05487060546875 55.97146987915039 59.980133056640625
automobile 0.9820904 3.215456008911133 203.9261016845703 28.966035842895508 229.9369659423828
ship 0.9809394 183.04644775390625 62.016971588134766 215.0064697265625 93.99526977539062
dog 0.9783576 25.038406372070312 155.2758331298828 53.91790771484375 183.9025421142578
airplane 0.97552633 44.049278259277344 197.0508575439453 79.0077896118164 231.9834747314453
airplane 0.97161007 98.03805541992188 67.98764038085938 136.0285186767578 105.96383666992188
ship 0.97154814 135.94747924804688 167.03578186035156 152.00469970703125 183.00852966308594
cat 0.9699435 139.07122802734375 108.94277954101562 176.898681640625 147.04896545410156
deer 0.9679307 76.04946899414062 155.1438446044922 105.03009033203125 183.93821716308594
dog 0.9603682 65.01622772216797 59.051002502441406 83.98944854736328 78.00045013427734
ship 0.91872615 207.02052307128906 159.11024475097656 226.0404510498047 178.0612030029297
cat 0.8834375 16.05988121032715 100.10917663574219 51.142242431640625 134.99819946289062
frog 0.8476366 108.10800170898438 42.068199157714844 129.99447631835938 63.987510681152344
automobile 0.7835193 208.05516052246094 108.00843811035156 226.97825622558594 127.00682067871094
deer 0.6675713 70.03224182128906 30.068044662475586 85.96356201171875 45.95439910888672
cat 0.61279505 34.02241134643555 12.047347068786621 55.971012115478516 34.0944709777832
airplane 0.42472827 208.09336853027344 107.98812103271484 227.02503967285156 126.99430084228516
dog 0.21555081 34.02241134643555 12.047347068786621 55.971012115478516 34.0944709777832
