automobile 0.98753417 135.99868774414062 166.97262573242188 152.02618408203125 182.975341796875
automobile 0.9851682 37.054832458496094 26.082733154296875 69.03682708740234 58.062103271484375
frog 0.9834946 65.05923461914062 75.98283386230469 87.03884887695312 97.90626525878906
airplane 0.98139536 185.0541229248047 54.094200134277344 219.93556213378906 89.07242584228516
airplane 0.98061097 90.05722045898438 11.107444763183594 122.02931213378906 42.923667907714844
deer 0.9801882 167.0461883544922 172.00221252441406 202.01014709472656 207.0384063720703
deer 0.9787463 128.08767700195312 199.94020080566406 162.95913696289062 235.04383850097656
automobile 0.9780984 30.14547348022461 161.09439086914062 59.05070877075195 189.97848510742188
ship 0.9745524 101.06112670898438 116.0244140625 138.95932006835938 153.98294067382812
cat 0.9648825 76.06103515625 167.98622131347656 111.10838317871094 203.1885528564453
dog 0.95884585 75.15611267089844 204.78485107421875 110.06480407714844 240.07009887695312
bird 0.9582079 101.04093170166016 58.04440689086914 127.01160430908203 83.99020385742188
cat 0.95787156 49.98912048339844 100.8989028930664 75.9335708618164 127.07036590576172
deer 0.9443471 154.00729370117188 0.9296960830688477 182.99270629882812 29.987319946289062
frog 0.93832445 50.18017578125 131.29502868652344 75.9569320678711 155.9677276611328
cat 0.8878386 193.9991912841797 8.042013168334961 231.9551544189453 46.057769775390625
frog 0.58793294 175.04600524902344 210.96337890625 213.0914764404297 249.0106201171875
bird 0.5406509 175.0222625732422 210.89842224121094 213.34388732910156 249.0502166748047
cat 0.26930264 42.00345993041992 213.25665283203125 68.50308227539062 244.2418212890625
