automobile 0.9853374 96.98680877685547 17.992149353027344 119.02625274658203 40.00554656982422
airplane 0.98385596 175.07791137695312 101.04920196533203 197.01278686523438 123.00399017333984
deer 0.98281085 137.10047912597656 11.031241416931152 159.02085876464844 33.03270721435547
automobile 0.9826282 112.05007934570312 198.98287963867188 149.95004272460938 237.0189208984375
frog 0.9799899 45.177032470703125 68.94927215576172 80.01069641113281 103.82527923583984
ship 0.97956085 74.07935333251953 158.99188232421875 103.04613494873047 187.99420166015625
ship 0.9793067 37.03130340576172 210.8503875732422 71.99327850341797 246.02320861816406
dog 0.97921574 171.09274291992188 125.21710205078125 199.96206665039062 153.98788452148438
deer 0.9758535 111.9786376953125 148.03004455566406 150.04531860351562 185.97901916503906
ship 0.97385466 55.07223129272461 34.00684356689453 71.02066040039062 49.990966796875
ship 0.96186686 22.978797912597656 116.99977111816406 48.94805908203125 143.00059509277344
cat 0.96054 194.08358764648438 166.0142364501953 223.10791015625 195.0075225830078
truck 0.95794064 168.13111877441406 62.10567092895508 190.04640197753906 83.98779296875
airplane 0.95652294 38.06443405151367 175.1320343017578 73.0404052734375 209.9789276123047
truck 0.95568544 1.1591320037841797 182.05787658691406 33.123207092285156 214.02525329589844
airplane 0.9484528 112.097900390625 55.085426330566406 149.97821044921875 93.0490951538086
frog 0.8938283 8.072736740112305 30.12361717224121 45.90470886230469 67.9914779663086
frog 0.851986 114.99371337890625 101.0054702758789 133.9789581298828 120.00251007080078
automobile 0.834486 160.97836303710938 194.04708862304688 180.0030517578125 213.05975341796875
dog 0.7918093 187.00125122070312 35.109336853027344 209.0574951171875 56.972755432128906
truck 0.26426613 161.0416259765625 194.0730438232422 180.0450439453125 213.01365661621094
