bird 0.9919821 59.992279052734375 8.05937671661377 78.97322082519531 27.04831314086914
cat 0.9835026 143.99085998535156 73.99983215332031 181.9508514404297 111.97837829589844
cat 0.98335814 99.94917297363281 73.95868682861328 132.00531005859375 106.01079559326172
airplane 0.9816227 123.04493713378906 144.03341674804688 158.0480194091797 178.90838623046875
automobile 0.9790007 210.02157592773438 92.06423950195312 226.04293823242188 107.85063171386719
frog 0.9789102 33.07946014404297 73.30734252929688 65.14591217041016 105.02259826660156
dog 0.97798455 80.94754028320312 37.10021209716797 110.07606506347656 66.01700592041016
deer 0.97786283 148.094970703125 4.052826881408691 167.04083251953125 23.002246856689453
airplane 0.9766474 35.094661712646484 215.11114501953125 70.10099792480469 250.03622436523438
frog 0.97562283 175.0191192626953 182.02984619140625 210.00035095214844 216.97341918945312
cat 0.97480834 177.99859619140625 51.88487243652344 194.01107788085938 68.0342788696289
airplane 0.96843827 172.12313842773438 116.04949188232422 210.03912353515625 154.03173828125
automobile 0.9627177 214.17555236816406 138.0611114501953 249.04933166503906 172.9724578857422
airplane 0.95337975 208.02503967285156 69.02577209472656 223.96546936035156 85.03086853027344
cat 0.9532095 174.08628845214844 12.98996353149414 209.03858947753906 48.03091812133789
cat 0.9122311 11.027627944946289 152.97561645507812 49.022727966308594 191.03350830078125
bird 0.8239943 19.10919952392578 122.06538391113281 41.002845764160156 144.0346221923828
cat 0.735043 79.05363464355469 158.1688995361328 101.07289123535156 180.0530242919922
bird 0.65475136 78.06137084960938 134.02932739257812 100.02105712890625 156.00839233398438
deer 0.39640823 78.0332260131836 134.08193969726562 99.9463119506836 156.11456298828125
frog 0.2693876 79.06702423095703 158.2508087158203 101.05054473876953 180.00267028808594
