bird 0.98848087 25.083627700805664 136.99525451660156 47.0283203125 159.08998107910156
dog 0.98669255 91.07135009765625 30.116844177246094 113.01992797851562 52.09251403808594
dog 0.984688 109.068603515625 6.052816390991211 131.0437469482422 28.02839469909668
frog 0.9834558 155.04913330078125 114.02729797363281 177.02511596679688 136.05616760253906
ship 0.98321813 80.03827667236328 142.1249542236328 118.03653717041016 180.2975311279297
automobile 0.9785743 168.18136596679688 157.09954833984375 197.04168701171875 185.97515869140625
automobile 0.9781574 6.063384056091309 13.020323753356934 35.02683639526367 42.00651931762695
automobile 0.976002 15.132837295532227 43.35862350463867 46.987648010253906 74.86468505859375
airplane 0.9736149 89.0946044921875 118.13687133789062 111.24894714355469 140.41421508789062
bird 0.97221255 80.97071838378906 183.03099060058594 116.01936340332031 218.0187530517578
dog 0.96925807 177.04518127441406 197.04176330566406 208.98472595214844 228.90943908691406
bird 0.96904755 19.080062866210938 176.1214599609375 41.02556228637695 197.95458984375
automobile 0.95814157 122.984619140625 108.0132064819336 149.02212524414062 133.97691345214844
ship 0.95488274 82.03050231933594 57.017948150634766 107.91413879394531 82.94407653808594
cat 0.9501679 119.00321197509766 157.1114959716797 156.91357421875 195.04661560058594
dog 0.82814664 41.01921844482422 108.05962371826172 59.973175048828125 127.05481719970703
cat 0.6292367 208.04844665527344 84.02379608154297 234.04554748535156 109.88997650146484
dog 0.6073135 147.07269287109375 24.021869659423828 165.98068237304688 42.96235275268555
dog 0.5267751 36.02902603149414 213.02711486816406 54.97542953491211 232.02333068847656
cat 0.5261296 36.02100372314453 213.01243591308594 54.96739959716797 231.99281311035156
cat 0.41647574 191.0651397705078 48.0881462097168 213.0432586669922 69.95883178710938
bird 0.40398633 147.07269287109375 24.021869659423828 165.98068237304688 42.96235275268555
dog 0.38581604 191.0651397705078 48.0881462097168 213.0432586669922 69.95883178710938
frog 0.23261109 36.02100372314453 213.01243591308594 54.96739959716797 231.99281311035156
cat 0.2278927 41.02101135253906 108.21409606933594 59.90086364746094 127.01896667480469
airplane 0.2120308 119.0576171875 157.14381408691406 156.89181518554688 195.03932189941406
