frog 0.9853251 143.04820251464844 13.043732643127441 171.99290466308594 41.95779800415039
bird 0.98484826 140.0591583251953 112.00476837158203 159.01353454589844 131.03224182128906
automobile 0.983881 98.11373901367188 174.12261962890625 130.08355712890625 205.87606811523438
bird 0.9836072 193.0118865966797 12.062956809997559 225.04393005371094 44.06033706665039
dog 0.981812 28.01103973388672 136.08486938476562 46.99810028076172 154.95913696289062
deer 0.9818061 83.10860443115234 33.99428176879883 115.08142852783203 65.94308471679688
frog 0.9817854 24.06451416015625 8.11609935760498 53.13111114501953 37.024803161621094
frog 0.9782878 51.13174819946289 132.12522888183594 88.97286987304688 169.95790100097656
airplane 0.97269475 85.11310577392578 107.14691925048828 107.03482818603516 128.9718780517578
frog 0.9715481 14.984773635864258 39.9405403137207 41.11933898925781 66.08332061767578
truck 0.9672661 37.03969955444336 83.10031127929688 69.04039001464844 114.97100830078125
ship 0.96475005 212.02207946777344 91.96839904785156 250.1054229736328 130.05133056640625
airplane 0.9412451 103.00840759277344 135.0135040283203 131.97235107421875 163.9457550048828
deer 0.91552997 146.04930114746094 137.0435333251953 175.09449768066406 165.9370574951172
frog 0.89980197 155.1541748046875 60.038761138916016 192.88702392578125 98.09294128417969
cat 0.8242004 185.09588623046875 197.0391845703125 207.0665283203125 219.02606201171875
automobile 0.6709213 188.3115692138672 140.1637420654297 220.9450225830078 173.3407745361328
cat 0.5949998 35.06904983520508 192.06678771972656 64.01067352294922 221.01756286621094
bird 0.5018947 179.0694122314453 115.1049575805664 197.9618682861328 134.00363159179688
frog 0.46005982 188.33816528320312 140.1746063232422 220.9510498046875 173.39170837402344
dog 0.45755684 35.05322265625 192.0400390625 64.07881927490234 221.0355224609375
dog 0.29702908 185.02772521972656 197.09698486328125 207.07261657714844 218.97113037109375
deer 0.25525254 179.06796264648438 115.10453796386719 197.92062377929688 134.01683044433594
cat 0.21752092 179.15675354003906 115.01725006103516 197.8656463623047 134.04232788085938
