bird 0.985899 43.27867889404297 207.69650268554688 64.81012725830078 228.59860229492188
ship 0.9825132 24.13176918029785 155.09588623046875 46.038368225097656 177.11276245117188
truck 0.9807581 3.274991035461426 180.0897216796875 35.030906677246094 212.06640625
ship 0.9807075 170.0290069580078 77.07254791259766 199.12217712402344 105.95696258544922
ship 0.97964156 166.11434936523438 186.02525329589844 201.03750610351562 220.96974182128906
airplane 0.9793279 30.016347885131836 73.02273559570312 67.90947723388672 110.96609497070312
truck 0.97027194 65.97926330566406 202.07772827148438 100.96563720703125 236.96505737304688
ship 0.97007483 208.054443359375 160.9804229736328 243.01336669921875 195.96241760253906
truck 0.96943736 141.94622802734375 32.03561782836914 177.0906982421875 67.04541015625
bird 0.9676738 39.07381820678711 8.067342758178711 70.9533462524414 39.99360656738281
dog 0.9641368 213.16378784179688 106.04459381103516 251.07662963867188 143.97702026367188
automobile 0.9634621 58.199134826660156 126.12618255615234 84.03226470947266 151.9150390625
deer 0.9462297 160.0986328125 145.9877471923828 179.03839111328125 165.01231384277344
airplane 0.9357141 5.025235176086426 12.042716979980469 20.968544006347656 28.04153823852539
deer 0.7926649 116.01258850097656 50.04717254638672 138.0093536376953 71.98770141601562
cat 0.6929317 82.21971130371094 36.184906005859375 107.997802734375 61.93950653076172
dog 0.37683463 116.00675201416016 50.09125900268555 138.00209045410156 71.97716522216797
deer 0.29556102 108.07106018066406 82.99859619140625 139.94149780273438 114.99917602539062
cat 0.25648412 108.13554382324219 83.0393295288086 139.98580932617188 115.00789642333984
