bird 0.9933964 188.0120086669922 99.1683120727539 209.9554901123047 121.08020782470703
frog 0.98743904 182.0889129638672 185.0913543701172 203.9973602294922 207.02430725097656
ship 0.98157936 86.07099151611328 79.00395965576172 112.0066146850586 105.01654815673828
ship 0.98016167 134.0504608154297 63.99694061279297 169.04335021972656 99.0376968383789
airplane 0.97950757 179.06639099121094 44.01118469238281 198.0048370361328 63.107688903808594
frog 0.97841763 9.005170822143555 196.0516357421875 40.91569519042969 227.89111328125
deer 0.97504604 144.0527801513672 15.045271873474121 170.04881286621094 41.04292678833008
dog 0.97473496 102.02976989746094 151.11544799804688 136.9720001220703 186.05831909179688
cat 0.97066164 80.97135162353516 214.9950408935547 118.91963958740234 253.13392639160156
cat 0.96526647 19.12625503540039 128.03761291503906 51.093563079833984 160.01600646972656
deer 0.962986 195.08534240722656 216.0554962158203 223.9940643310547 244.98301696777344
automobile 0.962669 115.02235412597656 108.03720092773438 137.00982666015625 130.04139709472656
ship 0.9575919 40.07087707519531 44.01592254638672 75.0156021118164 79.10980224609375
truck 0.9305747 167.0797882080078 211.04574584960938 186.03135681152344 229.9794921875
bird 0.8641808 73.06439971923828 125.06652069091797 94.99117279052734 147.01185607910156
ship 0.83892727 22.08346939086914 8.044459342956543 43.99459457397461 30.063705444335938
truck 0.7291796 210.94088745117188 39.06922912597656 237.09439086914062 65.00679016113281
dog 0.7010933 215.0648651123047 165.10931396484375 237.06602478027344 187.00759887695312
cat 0.69866556 211.20913696289062 112.14495849609375 232.92044067382812 134.0023956298828
truck 0.6804186 78.97542572021484 41.963645935058594 98.03502655029297 60.986228942871094
airplane 0.6165039 78.97542572021484 41.963645935058594 98.03502655029297 60.986228942871094
frog 0.44565994 214.9425506591797 165.0724334716797 237.03285217285156 187.0677032470703
automobile 0.3697627 210.95867919921875 39.0451545715332 237.03741455078125 65.07986450195312
