ship 0.988077 104.01854705810547 109.0553207397461 126.02716827392578 130.98825073242188
ship 0.9856006 59.1118278503418 115.05525207519531 81.01158905029297 137.04534912109375
frog 0.98400116 11.033781051635742 141.0591278076172 33.02954864501953 163.01622009277344
automobile 0.98143184 199.0131378173828 172.0248565673828 231.04380798339844 204.0255584716797
airplane 0.9765687 71.99314880371094 41.0246467590332 109.98057556152344 79.1318359375
bird 0.9745922 152.05416870117188 15.946161270141602 189.98577880859375 54.044342041015625
automobile 0.97302103 120.9066390991211 207.06072998046875 149.95077514648438 235.96575927734375
frog 0.9729388 140.02830505371094 74.01229858398438 172.04542541503906 106.04306030273438
ship 0.97046286 9.07237434387207 67.11088562011719 44.028953552246094 102.04727172851562
automobile 0.96895456 214.00164794921875 4.13835334777832 252.08831787109375 42.031005859375
deer 0.9592438 131.0911865234375 110.02507781982422 160.0078125 138.9417724609375
automobile 0.95167434 183.37083435058594 85.96874237060547 217.62074279785156 119.88785552978516
truck 0.9382124 19.076343536376953 175.05186462402344 47.931148529052734 204.03260803222656
deer 0.858527 107.04959106445312 165.28733825683594 123.00547790527344 180.0550994873047
bird 0.83575314 38.067779541015625 41.020423889160156 57.04058837890625 60.062774658203125
dog 0.8236318 70.9769058227539 159.01458740234375 97.08797454833984 184.984375
frog 0.7631924 154.0758514404297 163.020263671875 182.9485321044922 192.05078125
deer 0.3620469 110.03245544433594 12.897116661071777 126.05583190917969 29.037914276123047
truck 0.3249528 154.0478973388672 163.0233612060547 182.91685485839844 192.10020446777344
bird 0.21691191 109.9789047241211 12.884711265563965 126.06885528564453 29.045536041259766
