bird 0.9891964 183.05239868164062 48.01372528076172 220.92666625976562 86.0935287475586
truck 0.9887366 83.07634735107422 200.07994079589844 105.03873443603516 222.04954528808594
airplane 0.9829461 58.057613372802734 21.024187088012695 90.00030517578125 53.007286071777344
truck 0.98164386 35.07741165161133 92.0085220336914 72.9451904296875 130.01437377929688
ship 0.9781002 119.09242248535156 193.00363159179688 154.0866241455078 227.95938110351562
cat 0.97163665 128.04489135742188 107.02522277832031 154.07595825195312 132.94607543945312
automobile 0.9668486 83.93347930908203 60.00414276123047 118.97525787353516 95.1477279663086
ship 0.9567526 165.09603881835938 95.052734375 191.02352905273438 121.04963684082031
airplane 0.9512707 19.10187339782715 35.0650634765625 47.88336944580078 64.04728698730469
automobile 0.9132333 196.04739379882812 11.05617904663086 215.04251098632812 29.938488006591797
cat 0.8979261 27.102649688720703 172.0018768310547 52.98649215698242 197.84873962402344
deer 0.8839061 72.005615234375 166.05465698242188 94.04747009277344 188.04132080078125
cat 0.8777622 5.092283248901367 201.176025390625 43.10700225830078 239.20135498046875
truck 0.6713904 6.124262809753418 110.08135223388672 27.937999725341797 131.98643493652344
cat 0.6410421 90.12548065185547 129.11410522460938 116.04705047607422 155.03524780273438
cat 0.48199573 5.055902481079102 164.10940551757812 24.025663375854492 183.09646606445312
automobile 0.43015274 6.050689697265625 110.1513900756836 27.812305450439453 131.810302734375
frog 0.38568792 5.055902481079102 164.10940551757812 24.025663375854492 183.09646606445312
dog 0.33340484 90.12548065185547 129.11410522460938 116.04705047607422 155.03524780273438
bird 0.29964095 5.055902481079102 164.10940551757812 24.025663375854492 183.09646606445312
airplane 0.2926774 196.04786682128906 11.130975723266602 214.9847869873047 30.036725997924805
