airplane 0.98737526 97.05221557617188 112.04718780517578 119.05596923828125 133.98292541503906
bird 0.98643136 128.1529541015625 93.08795928955078 149.98318481445312 114.97611236572266
frog 0.98528636 186.0399627685547 125.12109375 205.09584045410156 143.93472290039062
automobile 0.9814462 178.0029754638672 73.08052825927734 207.0787811279297 101.96541595458984
deer 0.97955215 187.9990692138672 185.0348358154297 226.06663513183594 223.07151794433594
automobile 0.97867846 56.034114837646484 210.99932861328125 85.16398620605469 240.00054931640625
airplane 0.9772873 20.067834854125977 127.06748962402344 55.008323669433594 162.1106719970703
airplane 0.97576004 63.119075775146484 5.967779159545898 98.05902099609375 41.124534606933594
automobile 0.97417873 185.0297088623047 33.997718811035156 204.01292419433594 53.00321960449219
airplane 0.9733942 130.05792236328125 2.0333023071289062 149.04953002929688 20.987783432006836
ship 0.96873796 131.08079528808594 130.0552978515625 150.0021514892578 149.01025390625
frog 0.94561386 6.127107620239258 175.94247436523438 43.94731140136719 213.96209716796875
frog 0.94149494 45.93048858642578 47.13199234008789 72.10194396972656 72.9944076538086
airplane 0.9327354 158.00331115722656 13.024957656860352 177.05299377441406 31.984437942504883
cat 0.8865942 207.95928955078125 62.12109375 246.05398559570312 99.97463989257812
bird 0.8722364 8.998151779174805 48.130043029785156 41.050811767578125 79.91373443603516
automobile 0.825575 74.09195709228516 119.131103515625 95.6479263305664 140.91140747070312
frog 0.7289453 46.103450775146484 92.02613067626953 68.00160217285156 114.0034408569336
cat 0.716328 210.05972290039062 118.02535247802734 228.96072387695312 137.01290893554688
airplane 0.43874902 73.99446105957031 119.26919555664062 95.39817810058594 140.9144287109375
dog 0.40157586 209.92367553710938 117.97808837890625 228.95962524414062 136.9402313232422
dog 0.34704685 46.097442626953125 92.02361297607422 67.98162841796875 114.04364776611328
automobile 0.24364078 209.89035034179688 117.96743774414062 228.90817260742188 136.92494201660156
