bird 0.98932374 29.050146102905273 18.99181365966797 48.00556182861328 38.08250427246094
bird 0.98795974 208.0465545654297 190.03172302246094 237.0187225341797 219.06532287597656
truck 0.9846121 87.01350402832031 55.18316650390625 116.00772094726562 84.06062316894531
deer 0.98438156 89.08982849121094 95.09195709228516 111.01605224609375 117.02849578857422
truck 0.98364806 38.95469665527344 109.92535400390625 71.04103088378906 142.0697021484375
bird 0.98097247 99.95346069335938 187.0087127685547 131.98187255859375 219.04078674316406
bird 0.9791765 27.073684692382812 190.2484893798828 59.0146484375 221.99693298339844
automobile 0.9782102 64.0466537475586 16.043540954589844 101.9303207397461 54.054283142089844
ship 0.9770225 5.0442047119140625 63.001670837402344 42.98051452636719 100.97277069091797
ship 0.97689164 128.06463623046875 29.079395294189453 162.97003173828125 64.03749084472656
automobile 0.97532856 191.07388305664062 137.994873046875 223.01507568359375 169.95947265625
ship 0.9694221 156.96600341796875 141.06935119628906 188.88510131835938 172.9746856689453
automobile 0.96650076 61.03258514404297 190.9735107421875 80.0246810913086 209.99703979492188
cat 0.96536416 205.04708862304688 17.08002281188965 231.090576171875 42.94538879394531
bird 0.95479095 215.02334594726562 76.07576751708984 247.00723266601562 108.00875091552734
ship 0.951805 0.02156543731689453 5.9833574295043945 22.022113800048828 28.010108947753906
cat 0.9488354 167.0843505859375 46.982215881347656 204.63555908203125 85.02669525146484
truck 0.76652205 155.99929809570312 183.0992889404297 187.9097900390625 215.06520080566406
cat 0.68072915 125.12332153320312 138.0476531982422 146.9656982421875 160.03260803222656
ship 0.3902034 155.95477294921875 183.14544677734375 187.99258422851562 215.07498168945312
dog 0.38475084 125.0982666015625 138.09432983398438 147.02786254882812 160.030029296875
automobile 0.228176 155.95477294921875 183.14544677734375 187.99258422851562 215.07498168945312
