frog 0.9870879 123.08549499511719 120.01526641845703 144.97242736816406 142.0638427734375
airplane 0.9851141 205.04736328125 26.007152557373047 223.98284912109375 44.98293685913086
automobile 0.98356557 107.02394104003906 171.94094848632812 136.01205444335938 201.0384521484375
dog 0.98261726 84.05561828613281 84.02421569824219 103.006591796875 103.03541564941406
bird 0.98030865 107.1195297241211 33.054378509521484 144.95033264160156 70.99847412109375
ship 0.9800798 184.07351684570312 69.14579010009766 213.02670288085938 97.91381072998047
automobile 0.9703231 0.0 2.021472930908203 32.007877349853516 34.08019256591797
cat 0.96490896 45.083961486816406 134.0989990234375 82.99185943603516 172.03854370117188
frog 0.9569448 32.06678009033203 99.08851623535156 53.96369934082031 121.00700378417969
ship 0.9557814 0.9834766387939453 189.9952850341797 19.995649337768555 209.03211975097656
deer 0.9556469 215.0293731689453 101.02399444580078 240.99598693847656 127.00067901611328
airplane 0.93541634 3.182816505432129 150.01417541503906 29.014724731445312 175.90663146972656
ship 0.92470276 186.0192413330078 172.2143096923828 224.1753692626953 210.14793395996094
airplane 0.9068269 54.936744689941406 202.21051025390625 92.81143951416016 240.06503295898438
ship 0.85670924 145.0255126953125 212.10430908203125 170.998779296875 238.04165649414062
dog 0.7268945 7.032522201538086 62.03915786743164 25.978837966918945 80.97284698486328
deer 0.54850936 182.05810546875 129.94725036621094 201.03530883789062 149.0084686279297
airplane 0.54839975 181.986572265625 130.13111877441406 200.96566772460938 149.0038604736328
ship 0.28254342 55.09033203125 202.05165100097656 92.90837097167969 240.05149841308594
cat 0.20781064 186.08261108398438 172.0529327392578 224.114013671875 210.05152893066406
