frog 0.988858 149.10169982910156 74.06210327148438 171.0586700439453 95.96719360351562
automobile 0.98441917 190.0689697265625 15.126068115234375 222.0357666015625 46.98921585083008
airplane 0.98314404 46.99983596801758 109.01020050048828 68.98049926757812 131.11654663085938
truck 0.9816258 134.91246032714844 13.971728324890137 167.0738067626953 45.9361572265625
automobile 0.9812792 64.05061340332031 59.036163330078125 102.03497314453125 97.02302551269531
cat 0.9810586 165.0963592529297 116.05780029296875 197.06419372558594 148.03585815429688
truck 0.9790969 94.06117248535156 124.03589630126953 129.00099182128906 159.03750610351562
automobile 0.97750646 8.94137954711914 63.02226257324219 41.03176498413086 95.02085876464844
deer 0.97667456 33.049110412597656 137.96414184570312 62.01343536376953 167.05020141601562
automobile 0.96825325 148.97076416015625 213.0014190673828 165.08013916015625 229.0089874267578
cat 0.96133685 182.06890869140625 151.9635772705078 201.00631713867188 171.0492401123047
ship 0.96127367 7.019901275634766 168.9319305419922 35.92976379394531 198.08299255371094
dog 0.95217484 118.09719848632812 91.04835510253906 144.04287719726562 117.03396606445312
dog 0.8337269 187.07351684570312 215.07489013671875 212.987548828125 241.01437377929688
frog 0.7956952 91.12882995605469 188.05885314941406 110.0185546875 206.99656677246094
automobile 0.7124581 205.04429626464844 71.02872467041016 223.99241638183594 89.92459869384766
cat 0.62806976 209.14822387695312 91.03932189941406 246.97552490234375 129.02989196777344
cat 0.60438764 132.09274291992188 146.0297088623047 163.9300537109375 178.0885467529297
dog 0.5532606 132.10406494140625 146.14010620117188 163.88995361328125 178.0504150390625
dog 0.47031668 209.2402801513672 91.34794616699219 247.0926055908203 128.9972686767578
deer 0.44818026 128.07289123535156 181.9046630859375 156.9811248779297 211.02182006835938
deer 0.39412263 186.00564575195312 186.04400634765625 205.06204223632812 204.98028564453125
truck 0.38970202 205.00360107421875 70.94828033447266 223.9952392578125 90.06317901611328
frog 0.37103772 186.08702087402344 186.05284118652344 205.0637664794922 205.0274200439453
cat 0.3271498 186.05506896972656 186.0586700439453 205.0550994873047 204.9595184326172
truck 0.24870461 91.06571960449219 188.01222229003906 110.0269775390625 207.0073699951172
