bird 0.98650813 105.14595031738281 48.049598693847656 130.95767211914062 74.04362487792969
frog 0.9823594 145.08006286621094 46.18870544433594 167.09886169433594 68.0417251586914
deer 0.98118603 134.99398803710938 115.9718017578125 167.08453369140625 147.9984130859375
automobile 0.9795009 59.07643127441406 121.05538940429688 80.99990844726562 143.130859375
ship 0.9782294 90.00218200683594 104.9636459350586 122.04171752929688 137.0373077392578
bird 0.97760665 207.05258178710938 201.05075073242188 245.03421020507812 239.04275512695312
ship 0.9718158 6.1008710861206055 183.0080108642578 32.06270217895508 209.0216522216797
dog 0.97110903 136.89443969726562 80.04560089111328 169.05084228515625 111.74645233154297
ship 0.97079325 205.05178833007812 162.18072509765625 239.85787963867188 197.2161865234375
ship 0.96656007 192.0791015625 135.09771728515625 218.0115966796875 160.95037841796875
deer 0.9616064 51.9813346862793 8.065319061279297 89.99671936035156 45.926605224609375
cat 0.91188174 9.071533203125 63.02294921875 31.04437255859375 84.98310852050781
truck 0.9004658 63.14800262451172 196.02964782714844 100.96280670166016 234.0648651123047
bird 0.7235903 210.0652618408203 2.0903778076171875 241.7899932861328 34.158451080322266
dog 0.7200948 53.10928726196289 76.07713317871094 72.03123474121094 95.02290344238281
ship 0.69620615 96.05667114257812 162.07875061035156 118.0408935546875 183.9766387939453
frog 0.6183853 107.3585433959961 201.4590301513672 129.15757751464844 223.17662048339844
bird 0.5497132 10.086881637573242 90.98239135742188 28.87314796447754 109.96505737304688
ship 0.38981372 63.237335205078125 196.02658081054688 101.02865600585938 234.038818359375
cat 0.35139018 53.06989669799805 76.09547424316406 72.0430908203125 95.06689453125
airplane 0.35089988 96.05397033691406 162.06878662109375 118.0133056640625 183.978759765625
bird 0.28250632 107.31727600097656 201.53839111328125 129.07713317871094 223.07977294921875
