cat 0.98257405 203.09765625 69.03604888916016 238.03662109375 104.01067352294922
frog 0.9804866 39.03988265991211 18.06798553466797 58.027278900146484 37.02395248413086
ship 0.9738796 160.02093505859375 23.04250144958496 194.92861938476562 58.054039001464844
ship 0.9726131 12.002686500549316 111.10659790039062 40.99726486206055 140.04051208496094
ship 0.9689156 35.107765197753906 200.00753784179688 64.01362609863281 229.16946411132812
dog 0.9688558 116.09410858154297 13.020879745483398 151.04177856445312 48.02410125732422
bird 0.9640875 61.0794563293457 88.09684753417969 83.06488037109375 109.99081420898438
automobile 0.96093017 155.01377868652344 177.98410034179688 187.03782653808594 209.99606323242188
ship 0.95783335 85.9401626586914 30.05695343017578 111.96329498291016 55.906532287597656
automobile 0.93797565 85.19163513183594 149.95594787597656 120.01771545410156 184.93006896972656
cat 0.9134579 31.15517807006836 65.10074615478516 59.96834182739258 93.88048553466797
cat 0.9073862 146.0444793701172 66.05018615722656 177.9512481689453 98.06405639648438
truck 0.8819499 94.9813232421875 69.10074615478516 132.77130126953125 106.85262298583984
deer 0.8760381 210.0425262451172 177.08509826660156 235.9879608154297 202.9770965576172
automobile 0.7823633 166.98948669433594 113.03938293457031 186.05982971191406 132.05531311035156
ship 0.71653974 70.08482360839844 194.00839233398438 89.07223510742188 213.047607421875
ship 0.66168344 195.06822204589844 1.0299510955810547 214.0272674560547 19.927562713623047
bird 0.6193088 17.000389099121094 208.00271606445312 32.9344596862793 223.96890258789062
bird 0.5356522 61.10386657714844 53.09159851074219 82.98307800292969 74.97315979003906
airplane 0.51448476 17.003541946411133 207.9817657470703 32.9727897644043 223.99061584472656
airplane 0.4647342 195.13803100585938 1.020833969116211 213.92440795898438 19.92923355102539
frog 0.40627778 61.09736633300781 53.09850311279297 82.97749328613281 74.96025848388672
airplane 0.37593445 70.08935546875 194.0214385986328 89.09049987792969 213.0155487060547
airplane 0.35550857 166.9886932373047 113.07829284667969 186.03709411621094 132.0548553466797
deer 0.30728033 209.13916015625 122.02252960205078 230.96762084960938 143.95423889160156
automobile 0.28729337 95.160888671875 69.07942962646484 133.01730346679688 106.95000457763672
cat 0.24979198 61.10444641113281 53.13965606689453 82.88418579101562 74.77482604980469
