truck 0.9838853 177.04010009765625 97.02515411376953 212.0120849609375 131.89857482910156
airplane 0.9826052 37.04367446899414 114.06428527832031 59.02830123901367 135.98448181152344
truck 0.9823012 124.10196685791016 214.187744140625 149.9698028564453 239.89498901367188
automobile 0.97852457 158.05783081054688 188.08592224121094 193.03857421875 223.00901794433594
truck 0.97805786 47.14619445800781 160.1550750732422 65.89190673828125 179.0458526611328
ship 0.9780487 125.07752990722656 61.02965545654297 156.9430694580078 93.26300811767578
bird 0.97760725 141.97061157226562 14.037137985229492 180.04400634765625 51.91822052001953
frog 0.9762814 4.026314735412598 96.04006958007812 33.06304168701172 124.98300170898438
ship 0.972322 61.066162109375 19.026355743408203 90.06022644042969 48.02975845336914
truck 0.9708038 105.04287719726562 148.03646850585938 140.18768310546875 182.99713134765625
dog 0.9638649 185.13702392578125 45.139244079589844 216.98828125 76.93521881103516
cat 0.9579136 182.06063842773438 132.92250061035156 203.94436645507812 155.0149383544922
ship 0.9099258 48.067405700683594 52.012718200683594 73.97734069824219 78.03043365478516
deer 0.83651394 214.98301696777344 1.0178546905517578 253.14439392089844 39.03446960449219
truck 0.8101212 90.94966125488281 204.00445556640625 107.04350280761719 219.97027587890625
ship 0.7790816 43.0531005859375 137.1112823486328 59.08061981201172 153.1573028564453
dog 0.65729946 62.02241897583008 128.1561279296875 88.08193969726562 153.97415161132812
ship 0.6010315 62.08169174194336 128.0683135986328 88.03543853759766 153.98411560058594
automobile 0.4389362 90.94966125488281 204.00445556640625 107.04350280761719 219.97027587890625
automobile 0.35263044 43.0531005859375 137.1112823486328 59.08061981201172 153.1573028564453
