automobile 0.9910228 51.07841873168945 126.9556884765625 73.03630065917969 148.99002075195312
automobile 0.98961234 74.12032318115234 153.9728546142578 96.0102767944336 175.9615936279297
truck 0.9847217 8.965373992919922 138.00965881347656 47.050968170166016 175.9502716064453
airplane 0.98396534 150.04608154296875 165.98086547851562 169.00396728515625 185.10986328125
truck 0.9797094 16.016836166381836 26.03398895263672 45.04328155517578 54.960105895996094
dog 0.979511 110.06034088134766 185.96766662597656 129.07150268554688 205.03919982910156
dog 0.97605187 207.02679443359375 212.9967498779297 245.02932739257812 251.0374298095703
frog 0.9733674 155.02574157714844 105.05200958251953 174.04798889160156 123.99907684326172
deer 0.9721182 7.11376953125 56.125 45.153602600097656 93.94316101074219
deer 0.97181654 192.15089416503906 176.13327026367188 218.01109313964844 201.974853515625
deer 0.9701034 90.11425018310547 35.026756286621094 122.1175308227539 66.94911193847656
airplane 0.97000885 153.09719848632812 193.04495239257812 182.04119873046875 221.98861694335938
frog 0.9631592 127.06768798828125 4.132925987243652 153.10092163085938 29.8724365234375
ship 0.9618395 46.03204345703125 75.04749298095703 80.90618896484375 110.05400848388672
truck 0.9580596 60.01898193359375 12.027647018432617 79.10697937011719 31.07359504699707
deer 0.94836706 162.0492706298828 5.940614700317383 199.9737091064453 43.936729431152344
frog 0.9421052 90.03337860107422 94.1190185546875 116.0262222290039 119.90681457519531
bird 0.86531365 170.06729125976562 60.13471984863281 207.83502197265625 98.02873229980469
automobile 0.65598065 67.02742004394531 193.0113067626953 104.98065185546875 231.0315399169922
dog 0.6228445 102.06568908691406 145.03724670410156 121.046142578125 163.9782257080078
cat 0.39485276 67.14569091796875 193.02133178710938 105.0943603515625 231.01400756835938
airplane 0.39117754 170.01345825195312 59.9210205078125 207.81646728515625 97.92242431640625
deer 0.3027848 102.1209716796875 145.0970458984375 121.08111572265625 163.96249389648438
ship 0.23451072 67.04093933105469 193.00135803222656 104.99501037597656 231.06529235839844
ship 0.212356 161.99485778808594 5.785327911376953 199.95213317871094 43.923213958740234
truck 0.20009315 66.87678527832031 192.8579864501953 105.04771423339844 231.0926055908203
