automobile 0.9866234 14.064605712890625 102.00054931640625 36.00322341918945 123.99656677246094
frog 0.9860415 111.0556869506836 26.021747589111328 133.03549194335938 47.89413833618164
ship 0.9828842 33.114990234375 8.073486328125 55.01908874511719 29.985004425048828
deer 0.98043776 60.032997131347656 41.01445770263672 91.97216033935547 73.00345611572266
dog 0.977816 166.08218383789062 158.00827026367188 203.90017700195312 196.06057739257812
frog 0.97360885 15.046464920043945 130.02554321289062 37.004539489746094 151.99172973632812
frog 0.9552945 93.10523223876953 66.6833724975586 114.91124725341797 87.04016876220703
deer 0.9372665 214.08668518066406 142.0677490234375 249.06642150878906 176.9129638671875
cat 0.9039304 211.15728759765625 9.090045928955078 246.007568359375 43.973575592041016
deer 0.8867992 131.01058959960938 204.99652099609375 163.001220703125 237.02178955078125
airplane 0.8506021 180.0365447998047 47.985443115234375 206.15357971191406 74.0019760131836
dog 0.8378975 151.04556274414062 82.04296112060547 188.97274780273438 119.92928314208984
cat 0.8262373 169.07630920410156 202.0009765625 188.0572967529297 220.95761108398438
airplane 0.65002763 54.10036849975586 214.0458526611328 83.0355224609375 242.93360900878906
truck 0.62423086 0.04892444610595703 73.0216064453125 19.00033950805664 92.02389526367188
dog 0.6229294 84.96405029296875 150.00930786132812 101.03581237792969 165.97979736328125
dog 0.605212 75.09904479980469 117.0844955444336 97.01119995117188 138.99722290039062
automobile 0.39676428 0.038112640380859375 73.05513000488281 19.01247215270996 92.0841064453125
frog 0.32597768 84.96405029296875 150.00930786132812 101.03581237792969 165.97979736328125
bird 0.2807741 54.116703033447266 214.06427001953125 83.07554626464844 242.94815063476562
airplane 0.26191646 71.98450469970703 3.0782108306884766 91.09513092041016 22.06754493713379
truck 0.26141006 180.04122924804688 47.980674743652344 206.109130859375 74.03746795654297
cat 0.25953978 150.95887756347656 82.08173370361328 188.94557189941406 119.95035552978516
deer 0.21930346 72.03437805175781 3.107882499694824 91.10302734375 22.04955291748047
bird 0.20717755 130.9786376953125 204.95834350585938 163.00799560546875 237.05917358398438
