ship 0.9874337 190.0541229248047 133.10888671875 212.0540008544922 155.00909423828125
deer 0.98567915 150.10523986816406 30.115009307861328 185.01951599121094 65.05177307128906
automobile 0.9852939 16.029191970825195 182.0249481201172 54.03669738769531 219.9977569580078
deer 0.9847375 70.03350067138672 19.078414916992188 104.96971893310547 54.017066955566406
bird 0.98231506 142.0313262939453 183.01751708984375 174.0642852783203 215.053466796875
bird 0.98183155 66.11553955078125 86.05575561523438 95.071044921875 115.00898742675781
ship 0.98149025 112.0020523071289 27.980525970458984 128.00868225097656 44.05686569213867
airplane 0.97796094 118.05165100097656 69.11836242675781 153.03150939941406 104.03466796875
truck 0.9772759 204.0513916015625 99.08759307861328 236.04788208007812 130.7532196044922
automobile 0.96987116 0.8252992630004883 0.7621145248413086 20.00571060180664 19.987625122070312
truck 0.9448428 100.01826477050781 162.0271759033203 134.7349395751953 197.02772521972656
truck 0.9359965 20.024200439453125 24.0030517578125 39.07286071777344 43.01499938964844
ship 0.9326221 22.051528930664062 128.98838806152344 41.00981521606445 148.0200958251953
cat 0.9163113 126.96238708496094 139.0150604248047 145.96461486816406 158.0186309814453
cat 0.85973495 132.04721069335938 215.98728942871094 161.050537109375 245.00697326660156
cat 0.7140095 195.99830627441406 188.02151489257812 233.9241180419922 226.0872802734375
bird 0.5488937 109.99348449707031 105.97818756103516 125.98637390136719 121.94586944580078
deer 0.49299154 110.01197814941406 105.97432708740234 126.02200317382812 121.96634674072266
deer 0.48705724 196.073974609375 188.09983825683594 233.95095825195312 226.1130828857422
frog 0.42419535 158.96121215820312 121.95088195800781 174.99722290039062 137.96434020996094
automobile 0.34886077 158.96121215820312 121.95088195800781 174.99722290039062 137.96434020996094
truck 0.26310748 158.98269653320312 121.95198822021484 175.06048583984375 137.9844970703125
dog 0.20614862 158.91526794433594 121.98160552978516 174.99375915527344 137.99041748046875
