automobile 0.9874848 196.00405883789062 191.97145080566406 225.0933837890625 220.9440460205078
deer 0.9862137 101.08873748779297 214.03103637695312 139.02552795410156 251.98458862304688
truck 0.9836756 53.057518005371094 93.12781524658203 88.0059585571289 127.94452667236328
bird 0.9776753 184.98204040527344 86.03713989257812 213.98023986816406 115.080810546875
ship 0.9768846 2.11737060546875 94.02166748046875 37.00745391845703 128.99026489257812
dog 0.9749297 198.0419921875 167.9918975830078 217.00180053710938 187.0265350341797
automobile 0.9725985 91.10530853271484 107.08869934082031 117.24358367919922 132.98573303222656
automobile 0.971469 210.04165649414062 126.04165649414062 247.94677734375 163.92495727539062
truck 0.9713371 11.048690795898438 144.11370849609375 45.97935485839844 178.96026611328125
ship 0.9676217 116.99341583251953 174.06666564941406 146.14035034179688 202.98426818847656
truck 0.96452546 164.0159912109375 128.07620239257812 189.91156005859375 154.12924194335938
automobile 0.9645126 50.04814147949219 199.0136260986328 72.02987670898438 220.99339294433594
airplane 0.9496323 76.05369567871094 53.061500549316406 108.07936096191406 85.07064056396484
cat 0.92665195 48.074798583984375 34.089656829833984 73.85260009765625 60.12282943725586
cat 0.90713286 151.08934020996094 30.07036590576172 179.88938903808594 59.01243591308594
deer 0.8954469 148.99533081054688 183.0489501953125 164.95974731445312 198.99908447265625
bird 0.8763286 111.08427429199219 58.06332778930664 132.95497131347656 79.99769592285156
cat 0.54841465 121.99674224853516 110.10575103759766 138.0640106201172 125.96964263916016
airplane 0.41085404 121.99640655517578 110.14070892333984 138.05230712890625 125.96674346923828
