frog 0.9886813 92.06471252441406 134.07919311523438 121.03256225585938 163.05752563476562
bird 0.9862459 103.0431900024414 199.06605529785156 122.07454681396484 217.94602966308594
automobile 0.9849578 161.07057189941406 39.046844482421875 183.02513122558594 60.97288513183594
truck 0.98475814 68.02896118164062 206.964599609375 84.01248168945312 223.05563354492188
bird 0.97566736 115.94503021240234 84.07099151611328 147.94769287109375 116.0353775024414
cat 0.9739826 192.1083221435547 131.1226806640625 223.66978454589844 163.02828979492188
deer 0.97329724 28.064241409301758 196.04798889160156 49.975807189941406 218.01429748535156
airplane 0.9721626 179.1111297607422 211.0397186279297 211.05735778808594 243.04014587402344
frog 0.9688271 150.86740112304688 97.23439025878906 182.95986938476562 128.73794555664062
truck 0.96762383 190.04495239257812 175.09765625 219.01678466796875 203.99169921875
bird 0.96755075 87.00971221923828 4.0813493728637695 118.94991302490234 36.059120178222656
airplane 0.9640752 152.009521484375 166.12240600585938 183.991943359375 197.98443603515625
dog 0.94502366 11.052604675292969 51.04754638671875 48.89659881591797 89.05241394042969
cat 0.9346514 149.23919677734375 67.22383880615234 177.94479370117188 96.08208465576172
ship 0.9292261 75.08599090576172 50.033443450927734 106.96512603759766 82.05712890625
dog 0.7194178 11.127542495727539 159.0732421875 39.96142578125 188.02716064453125
deer 0.70868516 97.98690795898438 98.04530334472656 113.95137023925781 114.07344055175781
cat 0.6282535 127.0069580078125 37.07034683227539 143.08001708984375 53.04972457885742
cat 0.54718834 32.30479431152344 12.306673049926758 54.039947509765625 33.98896789550781
dog 0.44393942 32.35612869262695 12.139843940734863 54.04277420043945 34.003177642822266
dog 0.43284753 97.95126342773438 98.02642059326172 113.91102600097656 114.06902313232422
bird 0.29168248 127.01705932617188 37.080814361572266 143.06439208984375 53.07759475708008
deer 0.2359983 127.0069580078125 37.07034683227539 143.08001708984375 53.04972457885742
