ship 0.9842544 151.06173706054688 91.05978393554688 188.95516967773438 128.96339416503906
airplane 0.9821763 1.915548324584961 177.96426391601562 40.03509521484375 215.98995971679688
truck 0.98095685 118.02679443359375 206.0370635986328 150.0560302734375 238.06175231933594
truck 0.97909474 191.08872985839844 184.87376403808594 219.9395294189453 214.04893493652344
ship 0.9788722 27.98781394958496 62.114036560058594 66.02964782714844 100.04329681396484
dog 0.9747293 48.09553909301758 13.112183570861816 77.05722045898438 42.05379867553711
frog 0.9736544 122.09850311279297 132.96331787109375 143.78733825683594 155.08477783203125
frog 0.9732506 69.0599136352539 168.98345947265625 101.02513885498047 201.07293701171875
frog 0.9708561 177.10653686523438 2.120973587036133 214.99166870117188 39.91161346435547
frog 0.9706775 179.1409149169922 161.9869842529297 201.01829528808594 183.8900604248047
deer 0.96480405 101.13037109375 104.11911010742188 127.083984375 130.05482482910156
bird 0.96152544 79.16854095458984 205.04638671875 105.0361557006836 231.08551025390625
dog 0.95862114 14.073551177978516 134.18414306640625 40.058406829833984 159.86660766601562
bird 0.9500735 215.03797912597656 77.08502197265625 253.01939392089844 115.03074645996094
airplane 0.94327056 125.08047485351562 30.02255630493164 144.07537841796875 49.033329010009766
dog 0.9417397 11.051663398742676 21.213359832763672 40.111473083496094 50.01901626586914
dog 0.8523474 160.99757385253906 63.913658142089844 187.03050231933594 89.75118255615234
dog 0.8159723 112.12083435058594 61.197689056396484 137.88162231445312 87.14144897460938
cat 0.33868504 204.00616455078125 50.12517547607422 223.08108520507812 68.99317169189453
cat 0.20079485 160.9444580078125 63.99700164794922 187.06167602539062 89.82181549072266
