bird 0.98218477 105.01873016357422 99.06538391113281 127.0813980102539 121.0447998046875
bird 0.98135847 119.07552337646484 47.00513458251953 148.0104217529297 75.98377990722656
automobile 0.979983 3.131824493408203 7.988595962524414 22.04469108581543 27.034212112426758
automobile 0.9769661 87.01710510253906 149.9813995361328 119.05099487304688 182.0194549560547
ship 0.9768258 40.99855422973633 132.1263427734375 75.95181274414062 167.084228515625
automobile 0.97615373 185.05624389648438 35.977256774902344 223.08282470703125 73.97191619873047
deer 0.97564745 39.053550720214844 34.027469635009766 73.9854736328125 68.97293090820312
frog 0.9747062 79.11941528320312 41.02223205566406 113.97659301757812 75.99427795410156
frog 0.972605 212.0039520263672 207.0816192626953 246.9884490966797 242.0074005126953
deer 0.9708332 48.04993438720703 104.97887420654297 74.10567474365234 131.06265258789062
ship 0.9693995 214.10191345214844 152.09356689453125 240.0974578857422 178.03244018554688
deer 0.9692431 83.10404205322266 202.0426788330078 101.9647445678711 221.0369415283203
deer 0.96582615 177.1099090576172 108.00283813476562 199.05821228027344 130.06068420410156
airplane 0.9598113 1.0514812469482422 74.09255981445312 27.111677169799805 100.03549194335938
frog 0.9385214 21.051219940185547 139.0118865966797 37.0106315612793 154.99998474121094
deer 0.85796 165.09149169921875 81.01924133300781 184.03106689453125 100.00440979003906
dog 0.84821326 164.98626708984375 160.94888305664062 190.99270629882812 187.06781005859375
airplane 0.7984723 26.059001922607422 183.06321716308594 55.12709426879883 211.9755401611328
cat 0.6703788 133.01919555664062 101.11891174316406 159.06719970703125 127.03945922851562
cat 0.6162419 121.09703826904297 171.99957275390625 155.9546661376953 207.0791015625
dog 0.34270436 133.0175323486328 101.16545104980469 159.10069274902344 126.99867248535156
dog 0.3418932 121.0762939453125 172.07456970214844 155.93045043945312 207.0936737060547
bird 0.24333823 26.059001922607422 183.06321716308594 55.12709426879883 211.9755401611328
