truck 0.991727 211.13633728027344 213.11891174316406 233.01515197753906 235.0435028076172
automobile 0.98641413 39.15617370605469 149.0447235107422 61.021568298339844 171.0176239013672
airplane 0.98618734 129.002197265625 173.1053924560547 148.04336547851562 191.96742248535156
frog 0.98399884 164.0281524658203 141.11532592773438 199.05030822753906 175.97030639648438
truck 0.9786532 49.122650146484375 106.03015899658203 84.01925659179688 141.01531982421875
automobile 0.9724134 51.985626220703125 185.9770050048828 90.04902648925781 224.00120544433594
cat 0.97178483 169.12307739257812 22.012325286865234 195.05288696289062 47.960758209228516
cat 0.96217895 16.068082809448242 41.09210205078125 41.890724182128906 67.03070068359375
ship 0.9392062 43.09007263183594 65.03819274902344 78.06603240966797 99.99871826171875
airplane 0.810797 158.04989624023438 87.05923461914062 174.06939697265625 103.01832580566406
deer 0.7033303 118.07500457763672 107.08001708984375 137.032958984375 125.96382141113281
airplane 0.48260808 87.04524993896484 115.93622589111328 102.9588394165039 131.93817138671875
dog 0.4014458 118.06181335449219 107.06288146972656 137.04754638671875 125.970947265625
bird 0.39586028 87.02356719970703 115.97184753417969 102.9623031616211 131.9550018310547
truck 0.2946261 87.04524993896484 115.93622589111328 102.9588394165039 131.93817138671875
ship 0.20286995 158.04989624023438 87.05923461914062 174.06939697265625 103.01832580566406
