truck 0.9872594 90.04488372802734 136.02476501464844 112.0468521118164 158.04029846191406
bird 0.98450935 131.00770568847656 22.039247512817383 169.0083465576172 59.96649169921875
frog 0.98220414 39.966033935546875 195.05963134765625 56.00602722167969 211.0244140625
ship 0.9813517 144.03616333007812 198.01095581054688 159.91555786132812 213.98483276367188
dog 0.9789089 46.076072692871094 24.08176612854004 84.01110076904297 61.90044403076172
automobile 0.97596383 152.20115661621094 76.02647399902344 177.9812469482422 101.99130249023438
ship 0.9756934 9.031688690185547 116.09899139404297 37.94911193847656 144.96177673339844
bird 0.9749923 61.12631607055664 126.11234283447266 83.06401824951172 148.0266876220703
ship 0.9733008 122.00030517578125 159.10751342773438 150.95867919921875 187.98480224609375
deer 0.9708187 167.02381896972656 211.14865112304688 193.0812225341797 237.0228271484375
ship 0.9618741 0.9076557159423828 8.971933364868164 39.017051696777344 47.041778564453125
airplane 0.94428205 102.99787139892578 31.02850914001465 122.06856536865234 49.979042053222656
frog 0.9004291 38.054840087890625 216.032470703125 75.93220520019531 253.85028076171875
ship 0.89630526 36.00975036621094 71.97637176513672 51.93109893798828 87.85944366455078
airplane 0.80348814 210.0233154296875 64.96968078613281 247.91995239257812 103.01741027832031
automobile 0.764741 79.09669494628906 69.11782836914062 108.10151672363281 97.99676513671875
ship 0.73957694 191.0429229736328 154.01416015625 226.0942840576172 189.005126953125
bird 0.6560297 209.9383087158203 65.17410278320312 248.0424346923828 103.158447265625
frog 0.6406623 185.1242218017578 107.03917694091797 219.99436950683594 141.9775390625
bird 0.49047002 200.9839324951172 46.37751007080078 217.2012481689453 62.11498260498047
dog 0.47460228 200.93319702148438 46.42436981201172 217.23974609375 62.10120391845703
cat 0.46450397 185.16346740722656 107.06417846679688 219.98731994628906 142.01808166503906
truck 0.32736707 79.06657409667969 69.08687591552734 108.08181762695312 97.97452545166016
automobile 0.27181858 191.0941925048828 153.97430419921875 226.07289123535156 189.00253295898438
truck 0.25348824 191.06748962402344 153.97975158691406 226.09825134277344 189.0065155029297
truck 0.24294427 36.01655960083008 71.99847412109375 51.98674392700195 87.89775085449219
