deer 0.9848213 20.025562286376953 134.10769653320312 41.992977142333984 155.98492431640625
deer 0.9814565 93.1126937866211 175.05369567871094 115.0680160522461 196.9844512939453
dog 0.97702503 14.063651084899902 176.97300720214844 43.230934143066406 205.96461486816406
deer 0.97585297 136.92454528808594 202.05612182617188 165.9647674560547 231.08901977539062
ship 0.97398853 158.88990783691406 136.99789428710938 197.07102966308594 175.06851196289062
ship 0.97397757 103.025390625 199.96434020996094 132.10763549804688 228.90455627441406
deer 0.9733905 59.07489776611328 54.03580093383789 96.98357391357422 92.02291870117188
frog 0.9718503 23.024255752563477 210.02444458007812 55.060791015625 241.95111083984375
dog 0.94989586 173.1787872314453 195.0570831298828 199.0959930419922 220.97178649902344
automobile 0.93549913 149.0400848388672 7.063960075378418 167.9467315673828 26.007999420166016
deer 0.92870504 186.0536346435547 34.039791107177734 204.9885711669922 52.968196868896484
ship 0.9285871 215.06253051757812 142.0114288330078 250.0194091796875 176.9812469482422
airplane 0.9280769 31.050548553466797 46.067543029785156 50.087284088134766 65.0557861328125
deer 0.916503 103.07569122314453 15.030336380004883 137.97402954101562 49.91541290283203
frog 0.9128454 135.08062744140625 111.10459899902344 156.98959350585938 133.0466766357422
truck 0.8410059 69.0779037475586 102.01518249511719 104.09037017822266 137.01992797851562
dog 0.8116853 18.088518142700195 8.11392879486084 39.98680877685547 30.040729522705078
airplane 0.79662466 159.08750915527344 34.02469253540039 181.0021209716797 56.01829147338867
dog 0.7472794 46.990379333496094 181.00509643554688 63.27545928955078 196.96185302734375
dog 0.56853855 212.06565856933594 20.02393341064453 237.9490203857422 45.98627471923828
cat 0.48853433 212.06565856933594 20.02393341064453 237.9490203857422 45.98627471923828
cat 0.36663902 47.04002380371094 181.00123596191406 63.22333526611328 196.99732971191406
deer 0.27551633 18.089805603027344 8.1483736038208 39.99357986450195 30.02838897705078
bird 0.2342931 159.06192016601562 34.021934509277344 181.00241088867188 56.01001739501953
