frog 0.984755 162.13414001464844 208.07119750976562 184.0220489501953 230.00128173828125
airplane 0.9847316 82.09151458740234 182.0770721435547 104.01566314697266 204.0544891357422
truck 0.98377585 199.08489990234375 50.98873519897461 227.9681396484375 80.00775909423828
bird 0.9823325 5.056968688964844 147.05343627929688 34.09366989135742 175.88577270507812
frog 0.98153794 202.0173797607422 121.00518798828125 231.0210418701172 150.04544067382812
airplane 0.9744165 133.95864868164062 137.04742431640625 166.01773071289062 168.94039916992188
airplane 0.9715622 182.102783203125 11.118515014648438 207.89419555664062 36.96464538574219
frog 0.97022456 1.130889892578125 92.03572082519531 38.96642303466797 130.05780029296875
bird 0.9687883 21.99308967590332 215.0120391845703 47.93175506591797 240.96351623535156
truck 0.95757705 190.03717041015625 191.03378295898438 208.98611450195312 210.04925537109375
truck 0.95701516 141.0536651611328 178.07142639160156 167.01145935058594 203.91624450683594
automobile 0.94258916 215.04006958007812 100.03173828125 231.07110595703125 116.0640869140625
frog 0.9049429 88.1032943725586 11.069499969482422 125.98172760009766 48.98707962036133
automobile 0.8898536 18.030235290527344 179.12408447265625 43.8742561340332 205.115234375
cat 0.6834193 55.2716178894043 89.93901062011719 71.10279083251953 106.0416259765625
dog 0.6056607 144.061767578125 104.1722183227539 169.98602294921875 129.86605834960938
bird 0.53684247 93.12870025634766 111.04148864746094 122.02605438232422 139.9867401123047
cat 0.43954355 93.22113037109375 111.06340789794922 122.02708435058594 140.041015625
dog 0.2768319 55.24252700805664 89.95465850830078 71.06594848632812 105.99011993408203
frog 0.21582386 93.18760681152344 111.04603576660156 122.01223754882812 140.01577758789062
