automobile 0.9880269 96.116455078125 211.06924438476562 117.99813842773438 233.063720703125
cat 0.98459625 125.97378540039062 211.02415466308594 160.97470092773438 246.0031280517578
frog 0.9805379 178.19589233398438 184.95150756835938 207.0506591796875 214.0657958984375
dog 0.9770618 208.9618377685547 3.177431106567383 240.98158264160156 35.04638671875
airplane 0.9760239 127.11832427978516 170.11842346191406 153.15390014648438 196.00059509277344
dog 0.97599 48.04911804199219 16.02036476135254 76.92948913574219 44.96099090576172
deer 0.9731512 15.987117767333984 212.0372772216797 54.00101089477539 249.9864959716797
dog 0.9699433 149.9984588623047 50.08949661254883 166.0326690673828 66.08518981933594
airplane 0.9696531 29.05997085571289 65.03323364257812 58.078311920166016 94.01124572753906
truck 0.96824443 129.0545196533203 91.04173278808594 158.0116424560547 119.87176513671875
cat 0.9627203 4.01335334777832 163.0554962158203 36.01256561279297 194.9575653076172
dog 0.9626485 207.12081909179688 133.1717987060547 242.00775146484375 168.1110076904297
cat 0.95550025 188.0749969482422 66.00572967529297 223.0982208251953 100.90550994873047
automobile 0.86564136 48.993629455566406 144.0037841796875 86.9299545288086 182.01034545898438
frog 0.85235435 214.19125366210938 194.08544921875 246.0211181640625 226.06268310546875
frog 0.76432645 167.02877807617188 41.0162353515625 183.010986328125 57.030426025390625
bird 0.5989579 133.12167358398438 23.073801040649414 159.01409912109375 48.945533752441406
truck 0.513786 106.06185913085938 70.09297180175781 127.98037719726562 92.04469299316406
bird 0.5074548 106.05577087402344 70.14677429199219 127.99325561523438 92.04150390625
truck 0.23857185 49.06650161743164 144.06651306152344 86.96189880371094 181.8047637939453
cat 0.22670045 167.0018768310547 41.01054763793945 183.0525665283203 57.031558990478516
airplane 0.22223616 133.12167358398438 23.073801040649414 159.01409912109375 48.945533752441406
deer 0.21336645 133.10205078125 23.1196231842041 159.01382446289062 49.027740478515625
