truck 0.991343 27.130374908447266 189.08200073242188 49.07432174682617 211.0537109375
truck 0.98846424 39.15915298461914 212.03147888183594 61.02407455444336 234.0382537841797
ship 0.98643595 158.00723266601562 51.06117248535156 177.04330444335938 70.02473449707031
airplane 0.9842522 205.9993896484375 127.08717346191406 238.11376953125 159.0215606689453
ship 0.9815458 121.00763702392578 5.997298240661621 150.03472900390625 34.95755386352539
truck 0.9814553 3.9699935913085938 130.0699920654297 33.08197021484375 159.05528259277344
bird 0.9780097 78.03084564208984 188.95376586914062 104.0651626586914 215.09927368164062
truck 0.9779272 17.051603317260742 3.1344680786132812 52.01994323730469 38.01420211791992
airplane 0.9726637 185.03738403320312 61.99555206298828 200.93588256835938 78.00048065185547
dog 0.9724034 184.05174255371094 210.0871124267578 215.99085998535156 241.8644561767578
automobile 0.97135323 1.104619026184082 92.0597915649414 20.040592193603516 111.05086517333984
cat 0.97120416 90.04293823242188 117.12200164794922 124.84152221679688 151.90504455566406
frog 0.9701938 68.99746704101562 56.070308685302734 98.01689147949219 85.04312133789062
truck 0.9088348 137.00640869140625 204.86239624023438 174.92095947265625 243.05230712890625
dog 0.891393 28.070711135864258 57.18328857421875 66.41795349121094 95.1163330078125
airplane 0.8771819 99.17621612548828 65.08574676513672 128.0327606201172 94.00006866455078
frog 0.75522363 161.0314483642578 172.24237060546875 193.06394958496094 203.79049682617188
bird 0.7218375 69.04254150390625 89.07238006591797 90.98881530761719 111.06363677978516
bird 0.5338272 137.9904022216797 102.93385314941406 157.0148468017578 121.83294677734375
deer 0.46576953 138.05422973632812 103.0468521118164 157.05435180664062 121.9466323852539
cat 0.29988495 160.99026489257812 172.2074737548828 193.04318237304688 203.74818420410156
deer 0.2511003 99.16432189941406 65.15350341796875 128.02281188964844 93.95469665527344
frog 0.2335118 137.9904022216797 102.93385314941406 157.0148468017578 121.83294677734375
deer 0.22213385 69.0838394165039 89.08624267578125 90.9150161743164 111.1436767578125
cat 0.20323148 28.013412475585938 57.09221649169922 66.00983428955078 95.1093521118164
