automobile 0.9846883 128.9764862060547 81.99928283691406 161.0110321044922 114.0045166015625
deer 0.983752 204.1171417236328 25.959426879882812 239.08677673339844 60.99818420410156
cat 0.97880375 118.98799896240234 169.03106689453125 151.01345825195312 201.00106811523438
airplane 0.9782257 209.009765625 172.01588439941406 244.03976440429688 206.9769744873047
truck 0.9777457 162.05596923828125 201.0404052734375 194.12203979492188 233.11077880859375
cat 0.97732025 203.04150390625 98.04166412353516 221.95956420898438 117.04622650146484
automobile 0.9733156 163.98077392578125 55.97145462036133 196.01181030273438 87.86370086669922
cat 0.96028495 8.057699203491211 38.065757751464844 37.031837463378906 67.13257598876953
cat 0.9405161 29.116426467895508 200.07594299316406 51.05982208251953 222.0325469970703
cat 0.8966075 109.12738800048828 46.985679626464844 141.01165771484375 78.99394226074219
ship 0.8890006 59.09913635253906 129.02877807617188 88.064208984375 157.91586303710938
deer 0.87044215 0.0 73.01009368896484 22.020030975341797 95.01708221435547
cat 0.8333058 83.95978546142578 64.09889221191406 99.9952163696289 80.04060363769531
airplane 0.83086586 199.9376220703125 68.1978530883789 215.8509521484375 83.91329193115234
dog 0.55574393 82.08876037597656 8.081831932067871 101.03811645507812 26.96477508544922
deer 0.53521335 82.12493133544922 8.048609733581543 101.00080108642578 26.97710418701172
ship 0.39587247 92.99825286865234 187.07809448242188 112.2204818725586 205.95846557617188
dog 0.37350047 93.06391906738281 187.0652618408203 112.02572631835938 205.99574279785156
airplane 0.35444194 93.04894256591797 187.1162872314453 112.21772003173828 205.93959045410156
truck 0.25203454 93.06391906738281 187.0652618408203 112.02572631835938 205.99574279785156
dog 0.21225205 53.031402587890625 70.0025634765625 74.97807312011719 92.01582336425781
