truck 0.99101186 156.05270385742188 83.09747314453125 177.99676513671875 104.9722900390625
truck 0.9906341 152.02320861816406 165.05723571777344 170.99668884277344 184.00660705566406
automobile 0.98542947 70.02992248535156 76.04291534423828 89.03411865234375 95.0652084350586
truck 0.980934 141.1001739501953 39.00822448730469 175.91246032714844 74.01110076904297
frog 0.98025465 52.037071228027344 44.08686447143555 74.00358581542969 66.04713439941406
ship 0.9792249 76.02816772460938 105.08085632324219 107.9024658203125 137.0090789794922
truck 0.97849727 104.08283233642578 145.0613555908203 138.89991760253906 180.04661560058594
deer 0.97243035 52.06072998046875 207.0228729248047 78.02117919921875 233.07933044433594
automobile 0.9462198 2.1176891326904297 74.06658935546875 40.06194305419922 111.97688293457031
bird 0.9171505 73.06198120117188 175.00399780273438 99.00917053222656 200.95233154296875
dog 0.9036585 194.00833129882812 155.0574951171875 212.99847412109375 174.04415893554688
automobile 0.8809947 122.0557861328125 84.1146011352539 143.95535278320312 106.01457977294922
cat 0.8712014 110.05577850341797 40.10203552246094 129.01959228515625 58.905311584472656
airplane 0.8682193 213.94061279296875 75.05452728271484 242.97940063476562 103.94243621826172
dog 0.85548496 186.16603088378906 2.0492496490478516 220.99964904785156 36.975242614746094
truck 0.823809 146.04586791992188 140.00335693359375 164.95941162109375 159.10870361328125
deer 0.78410506 40.13774108886719 114.9834213256836 72.02833557128906 146.9633331298828
deer 0.7660501 47.031036376953125 1.950754165649414 65.99565887451172 21.00364875793457
cat 0.7468083 189.0792694091797 91.085205078125 207.90748596191406 109.97361755371094
frog 0.27297086 189.05653381347656 91.12943267822266 207.9404754638672 109.99018096923828
dog 0.26917607 110.07424926757812 40.139312744140625 128.94483947753906 58.92439270019531
dog 0.26114035 46.98750305175781 1.9685173034667969 66.0224380493164 21.06650733947754
truck 0.22432134 213.9183349609375 75.03865051269531 242.97573852539062 103.95611572265625
cat 0.21427459 194.0103302001953 155.08740234375 212.9756622314453 174.07879638671875
