truck 0.9877863 178.0911102294922 179.20054626464844 199.9336395263672 201.0691375732422
ship 0.98749304 146.0464324951172 202.02029418945312 165.04078674316406 220.96011352539062
dog 0.98273546 203.04039001464844 189.04055786132812 232.0368194580078 217.95758056640625
ship 0.98071694 36.03350830078125 127.03193664550781 71.06688690185547 162.06663513183594
airplane 0.9795043 16.967037200927734 22.075679779052734 43.005950927734375 47.89838790893555
airplane 0.978539 91.96365356445312 62.09342956542969 130.0113983154297 100.0291748046875
dog 0.97605824 209.05528259277344 27.126209259033203 237.9855499267578 55.91328811645508
frog 0.9754729 82.11534881591797 111.0206298828125 116.98406219482422 145.992431640625
deer 0.97504187 92.0716323852539 207.03192138671875 121.02831268310547 235.94378662109375
deer 0.9747275 188.06285095214844 86.07196044921875 226.0359649658203 123.99429321289062
airplane 0.96354115 59.9988899230957 16.818618774414062 98.06427001953125 55.02678680419922
truck 0.9582793 150.9634552001953 7.955611228942871 167.0194549560547 24.001384735107422
truck 0.91822314 3.2310304641723633 119.030029296875 28.94647979736328 145.10360717773438
cat 0.9021077 133.08642578125 164.99217224121094 164.97421264648438 196.9951934814453
frog 0.8977057 57.03174591064453 163.95643615722656 95.02301788330078 201.96556091308594
dog 0.77908915 13.022347450256348 175.02696228027344 41.91348648071289 204.0095977783203
bird 0.6125966 141.05662536621094 94.11638641357422 172.9442901611328 125.99999237060547
ship 0.57730037 205.03341674804688 128.90640258789062 221.02468872070312 144.9669189453125
truck 0.51645505 204.97137451171875 128.87548828125 221.01797485351562 144.95150756835938
dog 0.36165765 141.0501708984375 94.10320281982422 172.9532470703125 126.00569915771484
cat 0.31426954 163.25735473632812 50.17012405395508 191.29315185546875 79.09718322753906
dog 0.24389005 163.4320831298828 50.127784729003906 191.09645080566406 79.08039093017578
