bird 0.9881002 163.0230712890625 147.07077026367188 188.94964599609375 173.03839111328125
frog 0.98705685 24.08041000366211 118.96875762939453 42.9838752746582 137.99356079101562
frog 0.98351204 206.04930114746094 180.03762817382812 224.99717712402344 199.04080200195312
frog 0.98190266 113.06693267822266 175.07122802734375 150.9375762939453 213.0623779296875
automobile 0.98146105 213.97100830078125 84.28782653808594 246.010498046875 115.88504028320312
truck 0.97909874 167.0665283203125 190.185791015625 202.00048828125 224.985107421875
frog 0.9777567 192.05628967285156 21.005870819091797 224.0175018310547 53.074161529541016
deer 0.9749134 144.0556640625 2.0205116271972656 166.00833129882812 23.9736385345459
cat 0.95648646 20.734853744506836 20.068700790405273 46.10820770263672 46.042686462402344
frog 0.9514911 67.10197448730469 29.013042449951172 95.96614074707031 57.94771194458008
ship 0.94934297 66.36158752441406 75.05314636230469 92.02261352539062 100.7733154296875
frog 0.9484613 24.908493041992188 89.99334716796875 50.939544677734375 116.093994140625
ship 0.93585694 27.027366638183594 57.00790786743164 53.09477233886719 83.05331420898438
frog 0.9032242 208.0630645751953 117.05892944335938 233.90577697753906 143.00814819335938
bird 0.88738036 120.01616668701172 102.02461242675781 152.000732421875 134.04100036621094
airplane 0.7115132 101.07557678222656 26.01340675354004 133.0602264404297 58.01354217529297
bird 0.6958488 33.04566955566406 160.02708435058594 68.00393676757812 195.0028533935547
truck 0.689 2.0643110275268555 62.104034423828125 24.159141540527344 84.04335021972656
frog 0.49858296 33.0208625793457 160.03677368164062 68.02287292480469 194.99853515625
bird 0.42595324 101.12440490722656 26.109390258789062 133.0399932861328 58.09248352050781
airplane 0.39051306 28.01934814453125 207.04525756835938 57.001731872558594 235.9854736328125
dog 0.38789648 28.010425567626953 207.06919860839844 57.03206253051758 235.9315948486328
automobile 0.21988371 27.982303619384766 207.05416870117188 57.01417922973633 235.97967529296875
truck 0.20190239 27.998615264892578 207.03103637695312 57.06476974487305 235.991943359375
