frog 0.9813714 87.05599212646484 31.11160659790039 112.92154693603516 57.0455436706543
truck 0.9801334 12.07624626159668 71.04208374023438 28.01689338684082 87.04652404785156
airplane 0.97873217 40.06804656982422 98.06828308105469 75.01069641113281 133.03404235839844
frog 0.97848135 156.0641632080078 189.0343475341797 194.02574157714844 227.0358428955078
truck 0.9780094 213.19155883789062 30.019031524658203 248.02520751953125 65.07640075683594
ship 0.96274996 140.02963256835938 16.074649810791016 161.9869384765625 37.999061584472656
truck 0.958895 195.07933044433594 196.04507446289062 216.9981231689453 217.99530029296875
bird 0.9535674 163.97872924804688 110.95983123779297 195.9342041015625 143.04718017578125
ship 0.9509034 169.0455322265625 148.0725555419922 198.03396606445312 176.97438049316406
airplane 0.946591 178.073486328125 79.07347869873047 207.09121704101562 108.01087188720703
dog 0.93970424 211.1571044921875 69.15225982666016 240.07086181640625 98.05315399169922
ship 0.92809105 140.0291290283203 53.017372131347656 155.99378967285156 69.02130889892578
deer 0.9255519 68.04292297363281 141.97596740722656 86.99627685546875 160.9898223876953
bird 0.7806206 39.010414123535156 54.995113372802734 71.04891204833984 87.08218383789062
truck 0.7790773 121.03399658203125 75.07048797607422 139.98699951171875 93.83983612060547
dog 0.75977767 100.0462875366211 74.01358032226562 119.03136444091797 93.01002502441406
ship 0.7233816 16.08739471435547 175.05162048339844 38.02711486816406 197.00486755371094
airplane 0.71552724 5.191174507141113 209.02671813964844 23.920330047607422 227.97227478027344
ship 0.47534442 5.1373701095581055 209.0625 23.96939468383789 228.0252685546875
cat 0.36869213 100.09793853759766 74.21272277832031 119.04094696044922 93.06129455566406
truck 0.28435385 16.115768432617188 175.0380859375 38.02333068847656 196.9964599609375
