airplane 0.9873913 29.076053619384766 120.97769165039062 48.058834075927734 140.00405883789062
dog 0.9863595 177.029052734375 101.10092163085938 205.98284912109375 130.0134735107422
dog 0.98607343 77.0963363647461 145.01043701171875 96.00052642822266 164.00662231445312
automobile 0.9859861 43.091888427734375 88.12722778320312 65.05656433105469 109.98829650878906
truck 0.98522127 111.02738952636719 200.0589599609375 133.0052490234375 222.02896118164062
airplane 0.98453665 141.06893920898438 145.945068359375 173.10702514648438 177.96295166015625
automobile 0.9840841 208.0992431640625 60.047950744628906 245.94393920898438 97.98639678955078
bird 0.9819776 71.03144836425781 79.02105712890625 109.00740051269531 116.99530029296875
airplane 0.9798442 123.07701110839844 38.970760345458984 157.9232635498047 73.90812683105469
automobile 0.97646534 9.041315078735352 39.97098922729492 47.076690673828125 77.98056030273438
ship 0.9763576 215.0135040283203 110.04595947265625 252.87013244628906 148.02081298828125
deer 0.9704065 8.086722373962402 189.99803161621094 40.023101806640625 221.9774932861328
airplane 0.9656925 110.04319763183594 139.10113525390625 132.0592041015625 161.04067993164062
cat 0.9653282 182.98619079589844 158.05227661132812 212.02894592285156 186.96102905273438
dog 0.9466362 183.0017547607422 214.02557373046875 202.02037048339844 233.00692749023438
cat 0.83681285 134.94100952148438 96.02519226074219 170.11373901367188 130.9090118408203
truck 0.811394 188.07815551757812 15.019322395324707 209.98040771484375 37.00566482543945
automobile 0.72598946 32.144874572753906 147.01292419433594 66.80879211425781 181.95579528808594
ship 0.3648917 32.08750534057617 147.10125732421875 66.87493896484375 181.95709228515625
airplane 0.2804344 187.9308319091797 15.033272743225098 209.97181701660156 36.970741271972656
truck 0.2321716 32.13711929321289 146.97764587402344 66.85685729980469 181.93943786621094
