deer 0.9905549 176.1142120361328 119.99803924560547 198.02162170410156 141.9975128173828
ship 0.9854046 27.089366912841797 23.038833618164062 46.10707473754883 41.92498779296875
airplane 0.9844245 215.02163696289062 105.99551391601562 253.025390625 143.9571990966797
cat 0.9844136 103.09817504882812 144.13336181640625 122.042724609375 163.051025390625
airplane 0.9839568 149.0986328125 177.9962921142578 171.05758666992188 200.02684020996094
airplane 0.98343015 141.0443115234375 140.03668212890625 169.923095703125 169.02877807617188
truck 0.9829527 106.29177856445312 16.989242553710938 124.60223388671875 35.98655700683594
airplane 0.97942185 189.03294372558594 202.05943298339844 224.0446014404297 236.95872497558594
cat 0.976741 133.11788940429688 27.07634735107422 162.08822631835938 55.993064880371094
frog 0.97583216 150.2025909423828 208.0454559326172 175.69029235839844 233.9955291748047
dog 0.97177935 48.97281265258789 57.04275131225586 74.95948791503906 83.09638214111328
frog 0.94401145 14.029494285583496 131.03346252441406 33.119693756103516 150.0228729248047
automobile 0.8932555 48.021427154541016 160.9984588623047 66.98795318603516 180.12257385253906
truck 0.8281262 93.05925750732422 193.00791931152344 125.0350570678711 225.04319763183594
dog 0.7735392 36.0274658203125 117.0579833984375 61.958404541015625 143.09133911132812
frog 0.72698206 191.09376525878906 12.090749740600586 226.07920837402344 47.025413513183594
deer 0.6025976 77.0382308959961 133.0076446533203 92.99608612060547 148.9863739013672
airplane 0.59905034 143.09234619140625 75.07339477539062 161.96231079101562 94.01484680175781
deer 0.59852165 15.062969207763672 78.17438507080078 47.03832244873047 110.0151596069336
automobile 0.48859566 143.03219604492188 75.0211181640625 161.98297119140625 93.99940490722656
truck 0.48595965 77.05602264404297 133.03872680664062 93.03221893310547 149.02496337890625
airplane 0.444512 15.112756729125977 78.17499542236328 47.05534362792969 110.01496124267578
ship 0.3642304 93.11896514892578 192.99021911621094 125.0143814086914 225.02992248535156
airplane 0.34672856 77.05602264404297 133.03872680664062 93.03221893310547 149.02496337890625
deer 0.29922867 191.1508026123047 12.073888778686523 226.07569885253906 47.03111267089844
truck 0.28401503 143.09234619140625 75.07339477539062 161.96231079101562 94.01484680175781
ship 0.23137066 14.997213363647461 78.18186950683594 47.06066131591797 110.02130126953125
truck 0.20489031 47.982887268066406 160.9828338623047 66.99706268310547 180.2290802001953
