airplane 0.98819315 195.04783630371094 129.04249572753906 214.04112243652344 147.9630889892578
dog 0.98808867 181.14463806152344 26.083534240722656 203.11399841308594 48.034584045410156
bird 0.9862478 204.1730499267578 27.028871536254883 226.0198211669922 48.94659423828125
ship 0.9825815 99.04104614257812 159.06190490722656 137.01266479492188 196.9430694580078
automobile 0.9825046 23.09798812866211 72.05418395996094 41.98727035522461 91.00155639648438
airplane 0.98134434 147.9522247314453 82.02466583251953 180.0182342529297 113.9726333618164
ship 0.9797219 104.033203125 215.0591583251953 136.1199951171875 246.9751434326172
dog 0.97904277 46.03539276123047 39.03209686279297 77.96891021728516 71.03852081298828
deer 0.9780731 213.1190185546875 153.96371459960938 247.88986206054688 188.994384765625
frog 0.976817 148.00473022460938 39.97239685058594 176.9332275390625 69.03205871582031
bird 0.97224575 61.04591369628906 213.07394409179688 99.02072143554688 251.05905151367188
automobile 0.9708674 101.4509048461914 70.00598907470703 139.0582275390625 107.85247039794922
dog 0.9703527 47.06897735595703 74.88956451416016 65.97960662841797 94.00084686279297
automobile 0.96511424 153.02481079101562 211.00213623046875 187.9476318359375 245.94100952148438
automobile 0.91805947 42.07743835449219 110.05168151855469 67.99494934082031 135.9516143798828
frog 0.7943605 10.006813049316406 149.14027404785156 47.94212341308594 187.14295959472656
automobile 0.7381741 69.08869171142578 146.02096557617188 91.07743072509766 168.02557373046875
bird 0.72073674 122.015380859375 131.0339813232422 144.01467895507812 153.1177215576172
cat 0.29686275 9.995111465454102 149.15231323242188 47.969810485839844 187.08697509765625
cat 0.26031995 122.02665710449219 131.06515502929688 144.0259246826172 153.10928344726562
cat 0.2300522 69.06979370117188 146.0756378173828 91.07246398925781 168.02308654785156
