cat 0.98873985 130.05776977539062 83.08132934570312 152.02279663085938 105.03089904785156
airplane 0.98790264 48.095096588134766 152.0487518310547 70.07170104980469 173.96400451660156
bird 0.9831671 17.053529739379883 134.0738525390625 39.05730438232422 156.04840087890625
automobile 0.97311485 45.019840240478516 189.03662109375 71.09834289550781 215.026123046875
dog 0.97304183 25.09619903564453 92.10514831542969 54.03712463378906 120.92341613769531
bird 0.9726834 15.986566543579102 44.99458694458008 47.9884033203125 77.00091552734375
bird 0.9709409 80.91153717041016 187.98092651367188 112.86450958251953 220.0728759765625
automobile 0.97046185 113.07493591308594 135.07090759277344 135.05892944335938 156.7648468017578
cat 0.96925145 66.10444641113281 68.09449005126953 101.02308654785156 103.08805084228516
dog 0.964746 207.0099334716797 165.05174255371094 233.01390075683594 190.9203338623047
deer 0.954651 80.01821899414062 5.123574256896973 105.95341491699219 30.98969268798828
deer 0.9483484 109.05663299560547 29.064735412597656 128.00267028808594 47.96923065185547
bird 0.9290969 125.10100555419922 193.0511016845703 147.02777099609375 215.02537536621094
dog 0.80979246 178.00778198242188 113.02156829833984 213.1285400390625 148.09561157226562
ship 0.7765111 198.0070343017578 201.06105041503906 217.05958557128906 220.03001403808594
bird 0.74006784 163.92050170898438 5.987959861755371 189.98721313476562 32.07478332519531
truck 0.63430953 78.21947479248047 136.03982543945312 110.12702178955078 168.04885864257812
airplane 0.5897233 15.99836254119873 190.0259552001953 31.975574493408203 205.97645568847656
cat 0.3952566 166.01673889160156 161.00106811523438 185.0670623779297 180.01287841796875
ship 0.35566872 78.21947479248047 136.03982543945312 110.12702178955078 168.04885864257812
bird 0.3390019 166.01673889160156 161.00106811523438 185.0670623779297 180.01287841796875
ship 0.30123457 16.000776290893555 190.03765869140625 31.91053581237793 205.95785522460938
automobile 0.28579187 15.977234840393066 190.0461883544922 31.98699951171875 205.9817657470703
frog 0.27600968 166.08917236328125 160.88514709472656 185.05133056640625 179.9364776611328
airplane 0.25146922 198.1217498779297 201.18678283691406 216.95115661621094 219.9792022705078
deer 0.24994367 166.08917236328125 160.88514709472656 185.05133056640625 179.9364776611328
airplane 0.23109132 125.1030502319336 193.03521728515625 147.05322265625 215.04345703125
frog 0.20549592 164.00888061523438 5.912448883056641 189.93057250976562 32.12160110473633
