frog 0.9865713 150.0632781982422 77.95957946777344 172.02647399902344 99.97416687011719
airplane 0.98603195 96.13375854492188 67.82374572753906 124.99986267089844 97.06927490234375
airplane 0.9834188 141.1282958984375 129.05218505859375 162.988525390625 151.00546264648438
ship 0.98018414 166.9674530029297 197.989013671875 183.01438903808594 213.9979248046875
automobile 0.97750604 83.93165588378906 34.03244400024414 115.88421630859375 66.0003890991211
airplane 0.9752631 8.981819152832031 72.9847183227539 27.962337493896484 92.0785903930664
dog 0.9743776 168.08062744140625 49.98377990722656 194.10150146484375 76.00354766845703
automobile 0.9742905 0.8814697265625 121.02601623535156 35.879981994628906 155.93663024902344
truck 0.9742335 203.01950073242188 12.065349578857422 228.97805786132812 37.974979400634766
deer 0.97343135 59.1397705078125 140.09756469726562 81.02699279785156 162.01974487304688
automobile 0.96757895 97.99913024902344 120.93639373779297 114.01113891601562 136.99815368652344
cat 0.9574332 58.10685729980469 214.15823364257812 93.00132751464844 249.01419067382812
frog 0.9347806 113.01094818115234 215.73374938964844 129.0824432373047 231.96165466308594
frog 0.71184987 183.0321502685547 159.05665588378906 218.0742950439453 194.1151580810547
frog 0.67456317 184.0513458251953 134.05210876464844 202.98793029785156 152.9910125732422
frog 0.62032515 66.03233337402344 171.1773681640625 95.09199523925781 200.00460815429688
dog 0.5908274 62.05149841308594 115.06134033203125 81.0242919921875 133.9784698486328
frog 0.589179 57.022682189941406 68.99526977539062 78.93865203857422 91.13449096679688
deer 0.50676936 66.03233337402344 171.1773681640625 95.09199523925781 200.00460815429688
airplane 0.43121213 57.08200454711914 69.0472412109375 78.97134399414062 91.02656555175781
cat 0.33592317 62.199188232421875 115.04024505615234 80.9610595703125 134.0369110107422
airplane 0.27756232 62.199188232421875 115.04024505615234 80.9610595703125 134.0369110107422
cat 0.27734604 183.0262908935547 159.13088989257812 218.1187286376953 194.1279296875
cat 0.2743321 57.022682189941406 68.99526977539062 78.93865203857422 91.13449096679688
bird 0.23300734 62.199188232421875 115.04024505615234 80.9610595703125 134.0369110107422
