airplane 0.98343754 134.03228759765625 83.05883026123047 152.9808349609375 102.04155731201172
ship 0.98076206 185.0753173828125 17.075693130493164 206.98870849609375 38.974205017089844
frog 0.97995293 64.10629272460938 17.01902961730957 95.99143981933594 48.997230529785156
bird 0.9784669 198.96925354003906 173.0675048828125 227.94789123535156 201.90194702148438
airplane 0.9779591 109.97721862792969 50.036800384521484 139.0640106201172 79.18293762207031
ship 0.9779097 68.0206527709961 60.055484771728516 106.02227020263672 98.05947875976562
ship 0.97679305 158.0384521484375 166.02740478515625 189.95037841796875 198.0816650390625
dog 0.9705363 205.09091186523438 83.9816665649414 243.00564575195312 121.87928009033203
ship 0.96264195 155.06333923339844 2.0823917388916016 177.04066467285156 24.0191593170166
dog 0.9593098 65.99794006347656 133.02740478515625 91.97785949707031 158.943115234375
airplane 0.94055593 166.10711669921875 77.09156799316406 200.9429931640625 111.90931701660156
cat 0.93015337 117.14773559570312 205.9815216064453 151.94271850585938 240.90672302246094
automobile 0.8902049 29.14752197265625 9.027949333190918 47.99424743652344 28.05618667602539
deer 0.87811625 20.007169723510742 57.98577117919922 54.9635009765625 93.03409576416016
bird 0.79437256 82.07173156738281 173.08546447753906 101.01976013183594 192.0004425048828
bird 0.7143874 11.033147811889648 13.064733505249023 27.046777725219727 28.9909610748291
ship 0.68281823 7.0125274658203125 187.03964233398438 23.012662887573242 202.92242431640625
bird 0.5211462 114.08384704589844 161.98519897460938 142.93479919433594 191.01248168945312
cat 0.400516 82.13278198242188 173.03936767578125 101.01832580566406 192.05517578125
cat 0.3969938 114.08384704589844 161.98519897460938 142.93479919433594 191.01248168945312
cat 0.34659213 7.017677307128906 187.03512573242188 23.05393409729004 202.9820556640625
cat 0.3249344 19.975252151489258 57.9586181640625 54.927398681640625 92.9869384765625
automobile 0.27049947 7.0125274658203125 187.03964233398438 23.012662887573242 202.92242431640625
