deer 0.98453397 29.993635177612305 215.108642578125 67.97816467285156 253.1983642578125
ship 0.98191714 49.00930404663086 184.14256286621094 77.94554138183594 213.09291076660156
truck 0.98094916 71.00849914550781 138.0778350830078 108.97547912597656 176.03016662597656
automobile 0.98064816 214.04428100585938 41.06383514404297 246.01638793945312 72.99276733398438
airplane 0.9769198 66.89299011230469 15.125499725341797 101.974365234375 49.97773361206055
truck 0.9755248 183.04498291015625 87.03597259521484 204.93325805664062 109.06903839111328
ship 0.9713838 29.06267738342285 53.96491241455078 64.04499053955078 89.0310287475586
frog 0.96514654 194.07476806640625 211.9431915283203 228.96176147460938 246.88157653808594
automobile 0.96510124 57.02365493774414 101.01203918457031 75.97650909423828 119.98727416992188
dog 0.9642164 143.98876953125 191.96812438964844 169.90496826171875 217.9186248779297
bird 0.9573331 187.0711212158203 139.0487518310547 224.98118591308594 176.9949493408203
dog 0.9518085 93.079833984375 191.0359344482422 130.87301635742188 228.67088317871094
truck 0.92788863 132.07583618164062 6.042646408081055 163.946533203125 38.056068420410156
bird 0.8274723 6.098186492919922 123.09033966064453 41.03203582763672 158.0311279296875
dog 0.80171466 124.11542510986328 58.12664031982422 159.02633666992188 92.99669647216797
automobile 0.7283264 124.04991149902344 145.1094512939453 155.96388244628906 176.9439239501953
deer 0.6253905 91.08287048339844 89.0592041015625 120.00703430175781 117.91342163085938
cat 0.4985088 29.057640075683594 5.940288543701172 63.95551300048828 40.99277114868164
deer 0.4582823 197.08140563964844 20.042709350585938 216.0609893798828 38.90278244018555
ship 0.40455604 124.14185333251953 145.1054229736328 155.95094299316406 177.0032196044922
frog 0.36367887 197.08140563964844 20.042709350585938 216.0609893798828 38.90278244018555
dog 0.3357631 29.057640075683594 5.940288543701172 63.95551300048828 40.99277114868164
dog 0.31526864 91.04827880859375 89.06437683105469 120.03642272949219 118.02822875976562
cat 0.24463162 124.14691162109375 58.08788299560547 159.0521240234375 93.05768585205078
bird 0.2152941 29.057640075683594 5.940288543701172 63.95551300048828 40.99277114868164
truck 0.21260366 29.057640075683594 5.940288543701172 63.95551300048828 40.99277114868164
bird 0.20062578 91.04827880859375 89.06437683105469 120.03642272949219 118.02822875976562
