ship 0.98815924 56.05013656616211 173.08792114257812 74.98792266845703 191.93057250976562
frog 0.9857723 214.08094787597656 9.019266128540039 239.98866271972656 35.14751434326172
truck 0.98498195 163.08692932128906 202.04136657714844 185.01283264160156 224.0038604736328
truck 0.9816619 11.010615348815918 58.04805374145508 42.97489929199219 89.98780822753906
truck 0.98112154 57.083309173583984 207.02334594726562 92.01348876953125 242.0369873046875
deer 0.9799128 120.06060028076172 97.05549621582031 155.02471923828125 132.00119018554688
ship 0.9740133 206.019775390625 144.1077117919922 231.98974609375 169.9804229736328
deer 0.9679782 170.08700561523438 126.08672332763672 188.99810791015625 144.95068359375
bird 0.9647107 199.15089416503906 81.19364929199219 224.9665985107422 107.20309448242188
frog 0.94870913 114.03094482421875 25.96743392944336 133.09323120117188 44.99171829223633
automobile 0.89093107 131.09536743164062 139.0252227783203 166.00994873046875 173.96656799316406
ship 0.88245773 134.0232696533203 187.0172119140625 149.97996520996094 202.97134399414062
deer 0.87312675 192.09182739257812 175.0173797607422 229.93161010742188 213.0063018798828
airplane 0.7513273 112.03618621826172 55.045814514160156 143.96470642089844 86.9952163696289
ship 0.7504176 53.215999603271484 18.07421112060547 91.02479553222656 55.91450500488281
cat 0.6201482 31.05132293701172 107.10443115234375 57.07438659667969 133.0108184814453
bird 0.60466284 195.93679809570312 41.0882568359375 231.00204467773438 76.1478500366211
cat 0.4253234 112.17359924316406 54.974281311035156 143.97813415527344 86.98493194580078
bird 0.38674095 31.05132293701172 107.10443115234375 57.07438659667969 133.0108184814453
ship 0.35846245 190.13465881347656 110.88152313232422 221.9637908935547 143.29263305664062
airplane 0.35255578 190.22366333007812 110.98422241210938 222.05270385742188 143.23110961914062
frog 0.30566815 190.22366333007812 110.98422241210938 222.05270385742188 143.23110961914062
truck 0.28198633 53.053123474121094 18.00278663635254 90.96672821044922 56.02814483642578
automobile 0.25171793 190.22366333007812 110.98422241210938 222.05270385742188 143.23110961914062
deer 0.21290034 31.05132293701172 107.10443115234375 57.07438659667969 133.0108184814453
