truck 0.9886495 7.046807289123535 196.03211975097656 29.03369140625 218.04563903808594
deer 0.98595846 86.0373306274414 215.0832977294922 107.99657440185547 237.01722717285156
truck 0.98039436 196.00538635253906 198.9709930419922 231.0373992919922 234.03919982910156
bird 0.9797907 104.06985473632812 31.980789184570312 141.89520263671875 69.98148345947266
dog 0.9773017 116.12712097167969 184.97998046875 147.9574432373047 217.0166015625
cat 0.976542 168.96644592285156 71.93730163574219 207.1417999267578 109.90164184570312
ship 0.97426677 37.037742614746094 94.07254028320312 72.11160278320312 129.09532165527344
deer 0.97363853 109.08097839355469 145.0777130126953 131.00973510742188 167.05445861816406
dog 0.9717126 206.07907104492188 15.218453407287598 238.22152709960938 47.11136245727539
bird 0.9675401 67.04314422607422 189.1295928955078 85.96784210205078 207.9939422607422
airplane 0.96751934 29.06960105895996 1.1399364471435547 66.97491455078125 39.03767395019531
ship 0.96477574 167.02769470214844 154.00537109375 195.95375061035156 183.0594482421875
ship 0.96027577 174.92218017578125 113.03019714355469 204.06271362304688 142.0059814453125
dog 0.86328614 24.108051300048828 144.0408477783203 49.956661224365234 169.9906463623047
dog 0.7588681 211.1011505126953 169.05789184570312 230.0183868408203 187.96368408203125
automobile 0.6659151 144.95986938476562 28.11454963684082 182.98641967773438 66.00135803222656
automobile 0.6095978 54.03249740600586 214.00978088378906 76.00810241699219 236.0791778564453
truck 0.5597625 135.99830627441406 116.0575180053711 171.08692932128906 151.00257873535156
airplane 0.4969925 1.1134452819824219 135.70079040527344 23.075119018554688 156.9187774658203
truck 0.399958 1.1089391708374023 135.70164489746094 23.082359313964844 156.8915557861328
truck 0.38222364 145.11041259765625 28.101829528808594 182.93283081054688 66.1334457397461
cat 0.30406097 211.15664672851562 169.0478057861328 230.03485107421875 187.96482849121094
cat 0.22696313 54.07794952392578 214.062255859375 75.9465560913086 235.98162841796875
bird 0.20722726 1.117156982421875 135.90264892578125 23.149507522583008 156.86984252929688
