ship 0.98855734 194.01358032226562 50.086219787597656 215.97854614257812 72.05199432373047
airplane 0.9870697 2.0616397857666016 124.9625244140625 36.988426208496094 160.02597045898438
bird 0.9868762 137.96031188964844 188.0162353515625 170.00694274902344 219.93099975585938
ship 0.9814775 16.07796287536621 176.045654296875 38.04949188232422 198.07296752929688
cat 0.9803248 101.04443359375 211.01670837402344 133.03822326660156 242.9937286376953
frog 0.97972655 175.08773803710938 19.012313842773438 201.09588623046875 44.96985626220703
ship 0.977018 20.010578155517578 76.01758575439453 48.98770523071289 105.09850311279297
cat 0.9764213 62.02827072143555 33.037376403808594 97.03565979003906 67.96453094482422
airplane 0.97622406 127.0611572265625 138.053955078125 161.94503784179688 173.05709838867188
ship 0.97264767 42.12265396118164 130.09364318847656 71.13337707519531 159.10716247558594
bird 0.97176087 137.05743408203125 56.99945831298828 172.026611328125 91.9869613647461
dog 0.96260166 145.0195770263672 103.07186126708984 171.11524963378906 128.97509765625
cat 0.95856607 84.0215835571289 122.14299011230469 119.06522369384766 156.89707946777344
deer 0.89381534 180.00320434570312 82.249755859375 205.98867797851562 107.955322265625
dog 0.8098212 178.9621124267578 180.05410766601562 205.06394958496094 205.94921875
frog 0.8043114 88.05728912353516 86.12045288085938 122.98377227783203 121.10699462890625
automobile 0.28502923 178.95834350585938 180.04608154296875 205.04339599609375 206.02468872070312
