truck 0.9866953 24.0416259765625 93.00370025634766 40.051979064941406 108.93163299560547
airplane 0.98224485 117.12249755859375 14.9957275390625 149.02212524414062 47.00586700439453
truck 0.98038304 81.03673553466797 187.0298309326172 106.98656463623047 213.04139709472656
automobile 0.9775475 209.02978515625 25.014022827148438 246.97286987304688 63.07789611816406
truck 0.9768374 81.03591918945312 161.0485076904297 103.03858947753906 182.9950408935547
ship 0.97610414 121.97998809814453 95.98088836669922 138.037353515625 112.0019302368164
automobile 0.9743433 108.60564422607422 56.997520446777344 136.7891082763672 85.99689483642578
truck 0.97380406 137.0816192626953 195.9232940673828 172.06187438964844 231.0436248779297
bird 0.9692876 197.02099609375 216.00465393066406 216.00430297851562 235.01368713378906
cat 0.9534345 187.02493286132812 131.0470733642578 213.05868530273438 157.1381072998047
cat 0.94812834 157.15481567382812 14.050241470336914 186.01055908203125 42.925071716308594
ship 0.9137958 169.03717041015625 71.04888916015625 187.96307373046875 89.9664306640625
frog 0.88935184 167.8964080810547 159.00198364257812 202.96653747558594 194.03536987304688
dog 0.8783499 22.035839080810547 165.0741729736328 59.944759368896484 202.93467712402344
frog 0.58430207 57.07037353515625 103.01527404785156 95.03506469726562 141.0438232421875
ship 0.561728 36.10586929321289 19.899526596069336 70.99789428710938 55.02436828613281
cat 0.547323 128.99282836914062 160.00791931152344 158.01348876953125 188.96238708496094
cat 0.51421976 190.03250122070312 8.976076126098633 206.06231689453125 25.0242862701416
dog 0.47965518 57.120262145996094 103.11602020263672 95.12084197998047 141.12474060058594
automobile 0.44351992 57.120262145996094 103.11602020263672 95.12084197998047 141.12474060058594
dog 0.3968339 190.00706481933594 8.973453521728516 206.1067352294922 25.033496856689453
bird 0.39386588 73.15765380859375 80.15866088867188 95.04669189453125 101.95346069335938
dog 0.33902913 36.050270080566406 19.973186492919922 71.02021789550781 55.05715560913086
frog 0.3295197 129.06549072265625 160.0791778564453 157.929443359375 189.02088928222656
deer 0.30649555 189.99459838867188 8.967178344726562 206.118408203125 25.03716278076172
dog 0.27171215 73.15765380859375 80.15866088867188 95.04669189453125 101.95346069335938
truck 0.2577564 36.0744514465332 19.925508499145508 71.01078796386719 54.97584533691406
airplane 0.24580434 169.07652282714844 71.01837921142578 187.8749542236328 90.04317474365234
deer 0.20079911 73.15765380859375 80.15866088867188 95.04669189453125 101.95346069335938
