truck 0.98990166 152.0487060546875 215.04689025878906 171.0281982421875 233.9783172607422
ship 0.98876864 121.09563446044922 175.91232299804688 143.07180786132812 198.05319213867188
airplane 0.9846072 39.071998596191406 172.98646545410156 73.98945617675781 207.9913787841797
automobile 0.9807652 153.00404357910156 59.06361389160156 171.97023010253906 78.03340148925781
deer 0.9790261 38.06275177001953 34.03170394897461 73.03978729248047 69.20201110839844
truck 0.97835183 55.166568756103516 212.00042724609375 90.02815246582031 246.9805908203125
bird 0.9783061 206.00025939941406 176.15670776367188 241.02342224121094 210.92691040039062
airplane 0.9762844 28.040861129760742 71.00504302978516 63.042938232421875 105.9222183227539
truck 0.97421 83.07955169677734 59.076698303222656 109.15706634521484 85.0375747680664
truck 0.97257996 182.95309448242188 173.02000427246094 199.05364990234375 189.07627868652344
dog 0.9718089 143.95260620117188 145.01968383789062 173.00814819335938 173.97079467773438
dog 0.9707985 130.01280212402344 95.03925323486328 145.94068908691406 111.02324676513672
automobile 0.96948946 215.0237579345703 27.217878341674805 250.05491638183594 62.00902557373047
airplane 0.96604884 174.04458618164062 122.0496826171875 196.00637817382812 144.01263427734375
truck 0.9616259 73.04727935791016 101.05841827392578 108.04767608642578 136.08827209472656
ship 0.9593886 193.0989227294922 215.89036560058594 219.04505920410156 242.1053924560547
airplane 0.9459473 169.0262908935547 94.07394409179688 185.00389099121094 109.9840087890625
frog 0.9015881 214.06460571289062 144.0726776123047 236.01446533203125 165.9891815185547
cat 0.8801904 98.13351440429688 216.07861328125 135.96035766601562 253.86630249023438
deer 0.57619864 109.08378601074219 141.87525939941406 141.2042999267578 174.0132598876953
