bird 0.9929705 51.06892013549805 68.05654907226562 73.00784301757812 90.01986694335938
airplane 0.9826329 123.13185119628906 166.05667114257812 155.0745391845703 197.9854736328125
automobile 0.98229265 44.04833984375 23.068687438964844 66.01622009277344 45.03284454345703
frog 0.9776668 119.03787994384766 123.029296875 151.03179931640625 155.02926635742188
airplane 0.976604 54.073028564453125 163.0798797607422 83.05577087402344 192.01673889160156
truck 0.9734497 7.045101165771484 111.09645080566406 35.98515701293945 140.05889892578125
automobile 0.97185344 116.09029388427734 45.14207077026367 142.0309600830078 71.03845977783203
ship 0.96822774 180.0690460205078 215.05345153808594 199.02830505371094 233.97862243652344
dog 0.96633923 9.087220191955566 66.1127700805664 35.0449333190918 92.00565338134766
cat 0.9638047 166.18710327148438 170.9928436279297 194.98760986328125 200.02906799316406
deer 0.96305627 23.072044372558594 192.04998779296875 48.908782958984375 217.95828247070312
frog 0.9582658 17.16536521911621 38.22446823120117 42.834922790527344 63.87190628051758
deer 0.94780815 210.045166015625 152.9677276611328 244.936279296875 187.97105407714844
automobile 0.8911754 159.49151611328125 120.23455810546875 180.794677734375 141.99594116210938
bird 0.88820493 79.01657104492188 201.03134155273438 98.01983642578125 220.03274536132812
frog 0.754254 160.21109008789062 7.0895233154296875 197.91665649414062 45.00397491455078
automobile 0.63850516 76.78762817382812 35.883888244628906 114.7757568359375 74.06083679199219
truck 0.5435829 186.0341033935547 72.04576110839844 207.9988250732422 93.96656799316406
bird 0.50109255 160.2186737060547 7.014102935791016 197.7657012939453 44.65388870239258
cat 0.44281933 186.03250122070312 72.06192779541016 208.02291870117188 93.98189544677734
truck 0.34933725 77.07514953613281 36.031822204589844 114.94407653808594 74.01319122314453
