deer 0.98266935 11.070564270019531 83.96859741210938 46.0428466796875 119.01548767089844
dog 0.9814817 159.07000732421875 5.041023254394531 177.94174194335938 23.98479652404785
ship 0.9800237 85.9715576171875 194.03468322753906 123.99429321289062 231.9971160888672
ship 0.97969997 191.1566162109375 106.05531311035156 217.0372314453125 132.0153350830078
bird 0.9787009 199.99432373046875 67.16236877441406 226.00839233398438 93.04397583007812
airplane 0.9763067 213.03076171875 22.118900299072266 251.08114624023438 60.01016616821289
deer 0.97590053 98.05486297607422 152.0686798095703 119.98145294189453 174.0067901611328
bird 0.973168 12.059053421020508 142.00086975097656 49.915687561035156 179.99378967285156
cat 0.97231305 135.03302001953125 211.07972717285156 154.05563354492188 230.05885314941406
frog 0.970968 49.00624084472656 56.98832321166992 80.9761962890625 89.04158020019531
airplane 0.9684976 163.00054931640625 146.98904418945312 200.96533203125 184.99783325195312
dog 0.9651128 65.09351348876953 128.0261993408203 97.0584945678711 160.01991271972656
dog 0.96489537 186.93069458007812 199.99868774414062 219.09286499023438 232.03176879882812
deer 0.935095 128.99583435058594 68.04483795166016 161.07057189941406 99.9761734008789
airplane 0.80909395 99.96781158447266 30.043102264404297 115.9366226196289 45.93388748168945
bird 0.72338486 99.14214324951172 48.923526763916016 121.0219955444336 71.06660461425781
dog 0.5881301 140.01600646972656 176.11083984375 158.99940490722656 194.96664428710938
deer 0.45526978 99.15379333496094 49.035091400146484 121.12155151367188 70.91912841796875
deer 0.41923124 99.96781158447266 30.043102264404297 115.9366226196289 45.93388748168945
cat 0.2712768 140.01600646972656 176.11083984375 158.99940490722656 194.96664428710938
