frog 0.9850875 97.09771728515625 210.0165557861328 119.05752563476562 231.9886016845703
deer 0.9833673 118.05461120605469 154.02188110351562 136.94610595703125 173.01080322265625
dog 0.9821557 181.14279174804688 169.02102661132812 209.95599365234375 197.92218017578125
airplane 0.98148215 70.09300231933594 160.9737091064453 102.04066467285156 193.01637268066406
frog 0.9805006 128.9500732421875 109.03424835205078 161.02276611328125 141.00726318359375
ship 0.98025805 108.06974792480469 5.294572830200195 123.96963500976562 21.044265747070312
dog 0.9751585 59.1392822265625 134.09393310546875 81.01734924316406 156.05819702148438
bird 0.9749384 64.05494689941406 67.11990356445312 96.03851318359375 98.79226684570312
frog 0.9727286 213.0836944580078 65.00811767578125 247.9117889404297 99.95149230957031
automobile 0.9724511 18.12834358215332 110.02894592285156 56.022422790527344 147.9864959716797
truck 0.9622519 108.07791137695312 55.072898864746094 146.01025390625 92.89667510986328
cat 0.95904946 158.95101928710938 12.952208518981934 184.965576171875 39.087493896484375
dog 0.9586378 39.01691818237305 33.91938400268555 67.90299987792969 62.876651763916016
airplane 0.94453454 206.9824981689453 33.026649475097656 222.99058532714844 49.006866455078125
cat 0.9313172 168.0078887939453 59.0473518371582 184.0097198486328 75.01141357421875
frog 0.8789062 3.9430923461914062 178.0775604248047 39.00834655761719 213.0889129638672
bird 0.5199622 153.95530700683594 179.01608276367188 173.09336853027344 198.06314086914062
truck 0.43073642 38.118934631347656 88.14383697509766 56.99645233154297 107.00493621826172
airplane 0.3836112 38.118934631347656 88.14383697509766 56.99645233154297 107.00493621826172
dog 0.28140825 38.10310745239258 88.15974426269531 57.010005950927734 107.06585693359375
truck 0.2131274 153.9832763671875 179.01734924316406 173.1129150390625 198.07777404785156
automobile 0.21064979 38.118934631347656 88.14383697509766 56.99645233154297 107.00493621826172
