bird 0.9846692 33.00730514526367 138.02993774414062 61.96096420288086 167.02490234375
dog 0.9844015 201.93930053710938 155.9448699951172 233.94949340820312 188.05369567871094
truck 0.9811016 27.12090301513672 0.907196044921875 59.041664123535156 32.98845672607422
automobile 0.9714919 169.08517456054688 46.08049392700195 203.987548828125 80.88449096679688
deer 0.9705871 156.97958374023438 211.00164794921875 186.15023803710938 239.99929809570312
frog 0.97019863 19.997068405151367 172.97300720214844 58.030914306640625 210.9880828857422
frog 0.9690231 139.06065368652344 177.09707641601562 164.9584197998047 203.0887451171875
truck 0.9686549 197.10440063476562 96.03780364990234 234.94317626953125 134.06710815429688
bird 0.96662915 168.96810913085938 131.05340576171875 187.9964599609375 150.01608276367188
cat 0.9616457 85.06816101074219 9.040634155273438 122.9305419921875 46.97700881958008
dog 0.96104205 142.090576171875 3.153921127319336 179.25332641601562 40.930030822753906
truck 0.9573914 158.0587921142578 89.05274200439453 180.0082244873047 111.08736419677734
bird 0.9160998 103.02589416503906 112.01493072509766 121.97402954101562 131.01620483398438
frog 0.91156 190.00540161132812 2.1596336364746094 225.03512573242188 36.8691291809082
deer 0.8928127 131.0224609375 150.0574188232422 149.98275756835938 169.0987091064453
cat 0.7623858 97.0286865234375 207.0252227783203 115.97421264648438 226.01182556152344
ship 0.6996099 89.13532257080078 55.996246337890625 108.01387786865234 75.04925537109375
frog 0.683077 136.0562286376953 107.0351791381836 154.94664001464844 126.05718231201172
cat 0.6103529 69.1070785522461 76.1891098022461 85.02942657470703 92.0190200805664
dog 0.49352992 69.0765380859375 76.11638641357422 85.01336669921875 92.0335922241211
airplane 0.31998026 97.0648422241211 207.01596069335938 115.91942596435547 225.9857177734375
dog 0.30764192 136.04042053222656 107.06016540527344 155.0620574951172 126.0089111328125
cat 0.26658314 136.0562286376953 107.0351791381836 154.94664001464844 126.05718231201172
airplane 0.26248974 69.06275939941406 76.21138763427734 85.04331970214844 92.04088592529297
