truck 0.99893475 142.94140625 29.051219940185547 175.08108520507812 60.968143463134766
truck 0.99827623 5.002480506896973 163.09097290039062 23.954193115234375 182.08755493164062
deer 0.99702275 200.90982055664062 185.10153198242188 229.94232177734375 213.99636840820312
dog 0.9960372 25.04252815246582 74.06526184082031 60.01819610595703 109.13981628417969
airplane 0.9959357 206.08712768554688 76.12532806396484 227.98696899414062 97.98397064208984
frog 0.9950886 26.067501068115234 140.0196075439453 52.014156341552734 165.9801788330078
truck 0.9929935 98.02861785888672 122.05286407470703 113.81400299072266 138.0653076171875
bird 0.9917425 149.9608917236328 124.1377944946289 179.1545867919922 153.00296020507812
frog 0.98621666 28.028202056884766 179.15399169921875 49.99849319458008 200.99664306640625
truck 0.98322797 114.01587677001953 141.14285278320312 140.01699829101562 167.12045288085938
dog 0.95646584 179.86512756347656 22.073827743530273 218.07762145996094 60.00456237792969
bird 0.95618564 183.1781005859375 140.09414672851562 201.94503784179688 158.98785400390625
automobile 0.8972604 67.11468505859375 41.95417022705078 105.03367614746094 79.87191009521484
cat 0.787246 17.025115966796875 12.101099014282227 32.97214126586914 27.841489791870117
airplane 0.7611443 169.0121307373047 99.06405639648438 187.9618377685547 117.94024658203125
frog 0.6154977 62.003570556640625 132.15182495117188 83.99560546875 154.0166015625
bird 0.60634017 169.0626220703125 99.10639953613281 187.9832763671875 117.94430541992188
ship 0.52524376 167.06167602539062 191.14215087890625 185.9881591796875 210.05279541015625
deer 0.46082923 167.06167602539062 191.14215087890625 185.9881591796875 210.05279541015625
truck 0.45436847 17.025115966796875 12.101099014282227 32.97214126586914 27.841489791870117
truck 0.4359176 67.05006408691406 42.05693817138672 105.22903442382812 79.76339721679688
deer 0.41401118 179.86512756347656 22.073827743530273 218.07762145996094 60.00456237792969
airplane 0.39858076 167.06167602539062 191.14215087890625 185.9881591796875 210.05279541015625
cat 0.39665186 62.01841735839844 132.10986328125 84.03385925292969 154.06201171875
deer 0.3820192 169.0121307373047 99.06405639648438 187.9618377685547 117.94024658203125
cat 0.36688998 167.06167602539062 191.14215087890625 185.9881591796875 210.05279541015625
bird 0.3210941 62.01841735839844 132.10986328125 84.03385925292969 154.06201171875
