automobile 0.9985658 183.92787170410156 64.28146362304688 213.04505920410156 93.22825622558594
truck 0.9972627 23.061330795288086 129.0519561767578 61.086402893066406 167.00111389160156
truck 0.9950347 57.01959228515625 97.96432495117188 73.1385498046875 114.02308654785156
truck 0.99376523 215.0094451904297 214.03651428222656 247.0802764892578 245.93226623535156
ship 0.9922647 12.977293968200684 201.256103515625 31.91543197631836 219.98602294921875
dog 0.9905464 127.93318176269531 95.04180145263672 165.9240264892578 133.04653930664062
bird 0.9848707 171.00408935546875 209.09938049316406 196.85171508789062 234.9611053466797
dog 0.9845227 7.980768203735352 63.265037536621094 36.946014404296875 92.01074981689453
airplane 0.9816032 97.94647216796875 94.04261779785156 120.09474182128906 116.07164001464844
ship 0.9808608 163.96307373046875 143.0314483642578 199.08160400390625 178.0323028564453
airplane 0.9808154 158.27444458007812 28.102949142456055 193.0145263671875 63.117347717285156
dog 0.971374 70.9681396484375 191.87991333007812 106.02845764160156 226.98837280273438
airplane 0.9310536 132.00291442871094 5.938442230224609 151.12669372558594 25.089618682861328
ship 0.9242822 211.08644104003906 140.12376403808594 229.9838104248047 158.92674255371094
ship 0.85483027 77.96580505371094 143.13766479492188 94.06556701660156 159.00827026367188
airplane 0.677404 77.96580505371094 143.13766479492188 94.06556701660156 159.00827026367188
cat 0.6423147 43.94169998168945 31.115339279174805 81.96324157714844 68.9196548461914
deer 0.45088044 137.91787719726562 151.09170532226562 153.96493530273438 166.94342041015625
bird 0.43253127 43.96809768676758 31.060758590698242 81.94093322753906 68.97444915771484
cat 0.43048063 137.99224853515625 151.1387939453125 154.02169799804688 166.9630126953125
airplane 0.4189675 211.07763671875 140.12088012695312 230.07931518554688 158.9649658203125
ship 0.33334702 137.99224853515625 151.1387939453125 154.02169799804688 166.9630126953125
dog 0.33236462 43.94169998168945 31.115339279174805 81.96324157714844 68.9196548461914
airplane 0.28922167 138.04356384277344 151.14418029785156 153.93116760253906 167.0044403076172
dog 0.2755217 137.99224853515625 151.1387939453125 154.02169799804688 166.9630126953125
cat 0.25409615 77.98074340820312 143.15740966796875 94.08512878417969 158.94192504882812
bird 0.22470829 137.99224853515625 151.1387939453125 154.02169799804688 166.9630126953125
automobile 0.21778873 131.97537231445312 5.999916076660156 151.09817504882812 25.118528366088867
deer 0.21055403 131.97537231445312 5.999916076660156 151.09817504882812 25.118528366088867
ship 0.20711821 131.97537231445312 5.999916076660156 151.09817504882812 25.118528366088867
