ship 0.9990972 2.082082748413086 104.07463073730469 20.9488468170166 123.02590942382812
dog 0.9971341 110.24015045166016 167.24752807617188 142.03070068359375 198.8927001953125
ship 0.99628305 192.9616241455078 177.1608428955078 224.99183654785156 208.99314880371094
automobile 0.99290586 45.06050491333008 113.08210754394531 74.2705078125 142.10032653808594
truck 0.98916006 214.01377868652344 40.12171936035156 232.96632385253906 59.0345458984375
airplane 0.97965467 107.96915435791016 49.125404357910156 124.02819061279297 65.0101318359375
automobile 0.9727398 21.071250915527344 72.05196380615234 40.00947952270508 90.95435333251953
automobile 0.96671635 49.0107421875 63.038368225097656 75.02194213867188 89.07752227783203
dog 0.94726354 11.975317001342773 196.83741760253906 46.918983459472656 232.0911407470703
deer 0.94721997 24.058605194091797 154.1295166015625 49.99820327758789 180.1363525390625
truck 0.93280673 66.02388000488281 33.212432861328125 92.02503967285156 59.112571716308594
frog 0.9044727 135.1252899169922 78.02053833007812 157.0673370361328 100.06411743164062
dog 0.8400757 115.00301361083984 82.04341888427734 133.55809020996094 100.99063873291016
airplane 0.8376473 131.8978271484375 38.47669982910156 151.47042846679688 60.44011688232422
frog 0.823969 193.97052001953125 118.97268676757812 210.08480834960938 135.00743103027344
frog 0.76908267 167.039794921875 145.9949951171875 192.77664184570312 171.86904907226562
bird 0.7575545 111.11373901367188 24.058940887451172 129.99996948242188 43.08034896850586
cat 0.71663594 193.97052001953125 118.97268676757812 210.08480834960938 135.00743103027344
cat 0.69863063 164.89157104492188 71.21696472167969 203.00677490234375 109.05868530273438
deer 0.6608342 167.0342559814453 146.04904174804688 192.7079620361328 171.97103881835938
deer 0.54688185 111.11373901367188 24.058940887451172 129.99996948242188 43.08034896850586
frog 0.47791228 66.02388000488281 33.212432861328125 92.02503967285156 59.112571716308594
cat 0.473691 111.10847473144531 24.070289611816406 129.97909545898438 43.07171630859375
ship 0.44565713 108.05101776123047 49.192317962646484 123.91761016845703 64.9949951171875
airplane 0.40344602 21.091800689697266 72.03730773925781 39.926719665527344 90.99072265625
frog 0.37000763 164.66943359375 71.451904296875 203.02499389648438 108.46867370605469
deer 0.33569604 194.02606201171875 118.92298889160156 210.02285766601562 135.06634521484375
cat 0.3057808 132.01075744628906 38.617645263671875 151.11302185058594 60.505287170410156
bird 0.2940674 193.97052001953125 118.97268676757812 210.08480834960938 135.00743103027344
cat 0.28632528 12.049320220947266 196.87806701660156 46.82457733154297 232.00535583496094
bird 0.25218838 164.66943359375 71.451904296875 203.02499389648438 108.46867370605469
frog 0.24146125 45.09174346923828 113.06520080566406 74.30157470703125 142.04840087890625
