truck 0.9986218 168.10728454589844 73.06108856201172 200.0732879638672 105.02857208251953
automobile 0.99788964 130.0711669921875 102.00028228759766 151.8067626953125 124.41150665283203
ship 0.9969672 69.97320556640625 21.938318252563477 107.95944213867188 59.87333679199219
automobile 0.99646974 209.92440795898438 61.98701858520508 225.98422241210938 78.14204406738281
deer 0.99593496 215.04234313964844 216.12550354003906 236.89613342285156 238.0093231201172
automobile 0.99558115 70.71215057373047 85.39950561523438 102.1053695678711 117.03526306152344
frog 0.99482197 205.17767333984375 104.99388122558594 230.93048095703125 131.06407165527344
deer 0.9925103 19.970775604248047 125.04084777832031 35.99508285522461 140.9752960205078
deer 0.9908044 106.04009246826172 203.12542724609375 138.07272338867188 234.9482421875
cat 0.985093 55.222808837890625 198.13006591796875 93.19964599609375 235.90878295898438
cat 0.984965 180.12118530273438 133.1119842529297 215.0357666015625 168.2227325439453
cat 0.96974355 165.06080627441406 35.94624328613281 187.1323699951172 58.10365295410156
deer 0.9351714 97.99004364013672 64.1342544555664 113.94377899169922 80.00849151611328
deer 0.9339156 4.074914932250977 71.95808410644531 36.14020538330078 104.03811645507812
cat 0.9078441 47.0023193359375 103.14618682861328 69.28658294677734 125.13826751708984
bird 0.89637315 82.07205963134766 119.80145263671875 116.97486114501953 154.80511474609375
truck 0.8253826 177.03207397460938 181.1573944091797 206.09149169921875 209.9641876220703
cat 0.80250895 212.16867065429688 170.91796875 241.000732421875 199.94989013671875
cat 0.6995542 177.04434204101562 181.14991760253906 206.05856323242188 209.8546600341797
cat 0.6266387 129.98133850097656 127.03414154052734 168.0006866455078 165.0323486328125
frog 0.54948694 97.99004364013672 64.1342544555664 113.94377899169922 80.00849151611328
dog 0.52344614 130.09445190429688 126.96528625488281 168.02059936523438 164.91575622558594
frog 0.5072048 212.16867065429688 170.91796875 241.000732421875 199.94989013671875
airplane 0.4724447 82.08438873291016 119.76383209228516 116.93914031982422 154.77224731445312
truck 0.4544537 97.93987274169922 64.08147430419922 113.90406036376953 80.09564971923828
bird 0.33782965 47.1046028137207 103.125 69.2904052734375 125.18949890136719
frog 0.3255357 129.97047424316406 126.92452239990234 168.03675842285156 165.06121826171875
dog 0.26385003 47.0023193359375 103.14618682861328 69.28658294677734 125.13826751708984
truck 0.24416935 209.9144744873047 62.04266357421875 226.05039978027344 78.02999877929688
ship 0.23743492 97.99004364013672 64.1342544555664 113.94377899169922 80.00849151611328
