automobile 0.99853885 160.00828552246094 105.96154022216797 186.2303924560547 131.95352172851562
frog 0.99841356 21.088327407836914 158.0530242919922 53.134239196777344 189.99647521972656
ship 0.99779034 41.05217742919922 72.0335693359375 70.07962799072266 100.91014099121094
ship 0.9977567 30.05632209777832 19.226167678833008 65.09270477294922 53.790138244628906
truck 0.9968662 120.89682006835938 71.98033142089844 140.12222290039062 90.9989013671875
ship 0.996737 4.931861877441406 102.1845703125 37.03364562988281 134.22679138183594
dog 0.9965154 100.080078125 97.04013061523438 131.90350341796875 129.01071166992188
ship 0.99590766 97.01954650878906 172.01513671875 113.09379577636719 188.18606567382812
airplane 0.99440765 141.11497497558594 159.08224487304688 175.93943786621094 193.64700317382812
dog 0.9941783 186.161865234375 35.185020446777344 220.92861938476562 70.00347137451172
dog 0.9909242 118.11901092529297 23.960784912109375 140.04685974121094 46.11695098876953
dog 0.98711586 19.345447540283203 193.17330932617188 45.0113410949707 218.9891357421875
automobile 0.9844179 115.93040466308594 1.1485357284545898 135.0311279296875 20.169334411621094
airplane 0.9793383 0.8318567276000977 46.18901443481445 27.199562072753906 71.96147155761719
dog 0.9783639 186.05099487304688 168.05653381347656 205.07391357421875 187.08961486816406
ship 0.9745413 212.9396514892578 76.21320343017578 247.99839782714844 111.19002532958984
dog 0.9314577 69.073974609375 118.07098388671875 91.05477905273438 140.03689575195312
cat 0.9096448 69.11901092529297 13.16025161743164 107.0687026977539 51.186893463134766
dog 0.66255504 44.13249206542969 131.03443908691406 63.12871551513672 149.97886657714844
cat 0.4551071 69.04032135009766 118.09178161621094 91.05614471435547 140.01365661621094
dog 0.3585023 99.0479507446289 58.01292419433594 118.12662506103516 77.04791259765625
cat 0.24905875 44.09764099121094 131.080322265625 63.1883544921875 149.95504760742188
automobile 0.24786338 186.05099487304688 168.05653381347656 205.07391357421875 187.08961486816406
bird 0.20153433 99.18387603759766 58.08076477050781 118.2218246459961 76.94049072265625
