bird 0.9981271 202.0988311767578 88.05874633789062 240.04612731933594 125.94053649902344
frog 0.9973594 97.1300048828125 196.07998657226562 123.18014526367188 222.099853515625
airplane 0.99716944 24.19133758544922 4.118293762207031 58.95848846435547 39.02665710449219
ship 0.9970759 124.04020690917969 90.03277587890625 159.0819854736328 124.89454650878906
bird 0.9970422 58.044517517089844 135.0103759765625 80.0199203491211 157.05661010742188
automobile 0.9964121 138.07192993164062 136.98797607421875 176.00909423828125 174.91903686523438
bird 0.99532616 71.10640716552734 23.070838928222656 108.99536895751953 60.97270965576172
deer 0.9914774 88.22327423095703 133.86325073242188 113.89319610595703 159.94546508789062
deer 0.977645 13.022146224975586 95.01512145996094 48.0721435546875 130.2508544921875
truck 0.9695711 143.1642608642578 42.032562255859375 169.12937927246094 68.22251892089844
frog 0.9002515 35.990501403808594 71.2264633178711 58.104576110839844 93.07367706298828
airplane 0.89175075 170.9409942626953 65.98638153076172 197.11170959472656 91.73784637451172
deer 0.8514685 207.88963317871094 43.9664421081543 237.06553649902344 73.07698059082031
cat 0.83321047 38.84819793701172 159.2974395751953 67.56381225585938 187.87547302246094
cat 0.82776123 75.27182006835938 71.08561706542969 93.99241638183594 89.94990539550781
deer 0.78285646 70.121337890625 191.20462036132812 89.07743835449219 210.20223999023438
frog 0.66671807 39.018951416015625 159.20228576660156 67.59007263183594 188.01390075683594
bird 0.6336671 170.9409942626953 65.98638153076172 197.11170959472656 91.73784637451172
cat 0.56718 36.17787551879883 70.86918640136719 58.271366119384766 92.85365295410156
frog 0.49754325 207.86692810058594 43.90998077392578 237.0363311767578 73.01153564453125
airplane 0.49072468 179.15869140625 27.96825408935547 195.073974609375 43.903167724609375
cat 0.4688404 179.1186065673828 28.052326202392578 195.0410919189453 43.90109634399414
ship 0.3611698 179.1186065673828 28.052326202392578 195.0410919189453 43.90109634399414
deer 0.34453106 179.1186065673828 28.052326202392578 195.0410919189453 43.90109634399414
automobile 0.3328191 143.1642608642578 42.032562255859375 169.12937927246094 68.22251892089844
cat 0.25046813 207.91197204589844 43.935569763183594 237.00852966308594 72.9483413696289
