frog 0.99879766 0.9576187133789062 6.052336692810059 30.240755081176758 35.0542106628418
automobile 0.9984933 122.97567749023438 41.110626220703125 149.078125 66.74706268310547
automobile 0.9979472 210.1160125732422 85.98656463623047 238.9490509033203 114.97345733642578
bird 0.9975883 173.1733856201172 157.13055419921875 199.1372528076172 183.05072021484375
bird 0.9974777 135.90234375 133.08737182617188 165.03399658203125 161.90478515625
dog 0.99734414 11.116633415222168 65.88858032226562 43.080596923828125 97.92036437988281
automobile 0.9955592 114.1333236694336 170.9779510498047 149.08956909179688 205.9877471923828
automobile 0.9953068 86.09063720703125 127.99386596679688 120.92149353027344 163.21548461914062
airplane 0.9922995 70.1199951171875 192.9912567138672 95.66563415527344 219.02256774902344
frog 0.98918647 40.89897155761719 189.8579864501953 66.92540740966797 216.1269989013672
truck 0.98737633 67.05530548095703 0.8433017730712891 86.0252914428711 19.959735870361328
airplane 0.9801824 139.12722778320312 88.05924224853516 177.00021362304688 126.01293182373047
bird 0.96911013 42.069881439208984 3.953463554382324 61.15011215209961 22.991920471191406
deer 0.94848526 160.93707275390625 16.18221092224121 196.1064453125 51.01551818847656
cat 0.8017499 85.00508880615234 44.360145568847656 120.0367202758789 79.11136627197266
airplane 0.4037526 160.9427947998047 16.232715606689453 195.9907684326172 51.0311164855957
truck 0.3489145 40.89897155761719 189.8579864501953 66.92540740966797 216.1269989013672
automobile 0.34110647 126.93190002441406 68.98527526855469 146.41603088378906 86.7430419921875
dog 0.33201417 84.92851257324219 44.145912170410156 119.98320007324219 79.16899871826172
truck 0.30104744 126.9198226928711 69.01930236816406 146.1913299560547 86.77415466308594
bird 0.2820777 85.00508880615234 44.360145568847656 120.0367202758789 79.11136627197266
ship 0.235448 126.9198226928711 69.01930236816406 146.1913299560547 86.77415466308594
