airplane 0.99916327 214.07240295410156 163.1314697265625 246.01515197753906 195.0638427734375
truck 0.9972763 215.0021514892578 23.125415802001953 236.9828643798828 45.05287551879883
ship 0.99710536 17.082748413085938 100.31066131591797 52.17314910888672 134.96182250976562
frog 0.99646 64.15325927734375 177.76829528808594 96.01809692382812 209.90074157714844
automobile 0.9957941 136.12713623046875 213.221435546875 174.08602905273438 251.05813598632812
dog 0.99547327 7.063486099243164 183.04360961914062 44.89018249511719 220.83126831054688
airplane 0.99312365 145.99765014648438 88.00361633300781 168.0831298828125 110.03880310058594
automobile 0.9928541 35.09150695800781 77.1382064819336 56.99663543701172 99.02013397216797
airplane 0.9924196 132.05084228515625 5.263298988342285 160.96807861328125 33.8314208984375
automobile 0.98689944 57.822906494140625 13.29769515991211 80.007080078125 34.77730941772461
frog 0.9855534 59.848426818847656 64.07023620605469 94.96428680419922 99.0692138671875
airplane 0.9592047 167.04351806640625 140.01263427734375 186.17172241210938 158.95095825195312
dog 0.95885557 183.07110595703125 202.06036376953125 202.1365966796875 220.9803466796875
frog 0.9429898 165.3157501220703 170.1958465576172 186.9612579345703 191.9562530517578
frog 0.9214364 153.09776306152344 39.83622741699219 175.1540985107422 62.047637939453125
cat 0.91539234 0.06267166137695312 32.03181457519531 19.135950088500977 50.97215270996094
bird 0.8316289 54.04716110229492 38.294097900390625 75.95547485351562 60.14350891113281
deer 0.82904065 40.020790100097656 137.1005859375 77.95498657226562 175.16162109375
dog 0.6697808 39.98786926269531 137.018310546875 77.96102905273438 175.00686645507812
deer 0.5557123 54.152320861816406 38.38121032714844 76.02776336669922 60.198524475097656
bird 0.33317953 73.97118377685547 111.27091217041016 95.93988800048828 132.89892578125
cat 0.28394744 73.97118377685547 111.27091217041016 95.93988800048828 132.89892578125
dog 0.21886942 73.98692321777344 111.08151245117188 96.01434326171875 133.0674591064453
frog 0.20280695 54.04716110229492 38.294097900390625 75.95547485351562 60.14350891113281
deer 0.20016858 167.0263671875 140.02784729003906 186.11651611328125 159.02989196777344
