airplane 0.99899733 119.11947631835938 159.02902221679688 147.9947509765625 187.98715209960938
ship 0.99883336 189.0870361328125 207.01190185546875 215.03164672851562 232.9259033203125
frog 0.996026 3.183713912963867 149.14984130859375 22.042509078979492 168.02886962890625
cat 0.9958404 110.14523315429688 76.06034851074219 132.0627899169922 97.96920776367188
automobile 0.9935638 22.00174331665039 191.97573852539062 48.03486251831055 218.0919189453125
truck 0.9808923 106.11610412597656 212.8318634033203 138.0934295654297 245.0258026123047
deer 0.9801522 208.13938903808594 92.06414794921875 230.0986785888672 114.06959533691406
deer 0.97732884 48.15707015991211 40.03146743774414 63.896724700927734 56.09297561645508
ship 0.97386086 135.0682373046875 129.9413299560547 153.98898315429688 149.1132354736328
bird 0.9718981 186.99234008789062 53.156063079833984 219.13040161132812 84.9246597290039
truck 0.9100592 147.1303253173828 2.1572093963623047 181.8820343017578 37.211265563964844
airplane 0.90937304 32.941314697265625 65.00435638427734 51.983856201171875 84.04058074951172
automobile 0.8964241 75.08148193359375 200.04547119140625 94.00447082519531 219.10592651367188
ship 0.8886775 100.0522689819336 119.94216918945312 115.99784088134766 136.05416870117188
bird 0.77212584 108.11134338378906 19.00284767150879 136.8482208251953 48.0614013671875
deer 0.61193097 100.05625915527344 119.96869659423828 116.02076721191406 135.97271728515625
deer 0.6071122 15.123234748840332 20.137754440307617 33.99707794189453 39.100196838378906
deer 0.58011025 46.11637878417969 143.12457275390625 71.8901138305664 169.00701904296875
dog 0.50441766 108.17616271972656 19.026023864746094 136.98655700683594 48.05572509765625
airplane 0.4491771 15.086566925048828 20.098390579223633 33.96934127807617 39.129005432128906
frog 0.44771755 165.02415466308594 127.9203872680664 191.1625518798828 153.96755981445312
ship 0.44137695 15.123234748840332 20.137754440307617 33.99707794189453 39.100196838378906
truck 0.4240741 146.9821014404297 45.23682403564453 169.1580047607422 67.18260192871094
cat 0.4225284 15.123234748840332 20.137754440307617 33.99707794189453 39.100196838378906
frog 0.4089172 186.99359130859375 53.10344696044922 218.9810791015625 85.03209686279297
frog 0.39447805 48.15707015991211 40.03146743774414 63.896724700927734 56.09297561645508
truck 0.36511075 75.01364135742188 200.10791015625 93.99630737304688 219.13778686523438
bird 0.3645439 100.0522689819336 119.94216918945312 115.99784088134766 136.05416870117188
deer 0.32556635 147.11593627929688 2.0185184478759766 181.94769287109375 37.30120086669922
cat 0.31979036 46.0290641784668 143.15281677246094 71.90017700195312 169.1125030517578
airplane 0.31582305 100.0522689819336 119.94216918945312 115.99784088134766 136.05416870117188
airplane 0.3139235 147.04624938964844 45.12385177612305 169.0317840576172 67.05925750732422
bird 0.30706406 22.92707061767578 96.95793151855469 42.24986267089844 115.92634582519531
frog 0.25054216 100.05625915527344 119.96869659423828 116.02076721191406 135.97271728515625
dog 0.2474648 165.0124053955078 128.09925842285156 191.03102111816406 154.01368713378906
bird 0.24201334 32.90723419189453 65.06925201416016 51.95618438720703 84.0237045288086
airplane 0.2228322 135.0682373046875 129.9413299560547 153.98898315429688 149.1132354736328
