bird 0.9989288 208.04261779785156 195.05052185058594 240.02281188964844 227.02662658691406
truck 0.99881744 146.91458129882812 197.802490234375 181.87164306640625 232.80606079101562
ship 0.99850285 30.217824935913086 209.06103515625 55.889305114746094 234.90322875976562
truck 0.9979256 109.06619262695312 129.3074951171875 146.967529296875 167.0379638671875
truck 0.99748576 53.7872200012207 21.945758819580078 83.06733703613281 51.26566696166992
truck 0.9972615 42.1212043762207 127.98660278320312 74.00563049316406 159.8233642578125
frog 0.9972087 153.97377014160156 128.9785614013672 170.13966369628906 145.01710510253906
ship 0.99632955 15.981969833374023 63.923431396484375 31.957815170288086 79.95375061035156
automobile 0.9933676 197.21890258789062 136.09205627441406 231.78396606445312 171.15406799316406
cat 0.9779211 53.01591873168945 80.17572784423828 75.05326843261719 101.9897232055664
cat 0.97725224 133.15206909179688 31.325939178466797 152.0081787109375 50.0683479309082
automobile 0.9612116 19.026111602783203 110.08573913574219 41.07802963256836 132.07650756835938
dog 0.799278 21.15945816040039 21.101085662841797 49.89524459838867 49.96455001831055
cat 0.7990963 112.17707061767578 195.01528930664062 144.06129455566406 226.89788818359375
dog 0.77946573 112.09800720214844 194.83673095703125 144.10157775878906 226.92367553710938
truck 0.7346621 7.974400520324707 160.05557250976562 36.84355545043945 189.1043701171875
truck 0.6656505 90.91270446777344 32.123687744140625 129.1470184326172 70.22726440429688
airplane 0.5515821 91.01896667480469 32.22088623046875 128.97157287597656 70.10476684570312
ship 0.5066173 112.09800720214844 194.83673095703125 144.10157775878906 226.92367553710938
bird 0.38452354 53.00941467285156 80.09400177001953 74.85627746582031 101.98699188232422
ship 0.369675 38.137874603271484 170.15457153320312 57.03464126586914 188.92767333984375
truck 0.34680182 19.047080993652344 110.02932739257812 41.02606201171875 132.0828399658203
truck 0.33469647 133.15206909179688 31.325939178466797 152.0081787109375 50.0683479309082
airplane 0.3324387 38.137874603271484 170.15457153320312 57.03464126586914 188.92767333984375
truck 0.32408744 112.12474060058594 194.99147033691406 144.0220489501953 226.96449279785156
airplane 0.3160468 7.974400520324707 160.05557250976562 36.84355545043945 189.1043701171875
airplane 0.29942098 86.07778930664062 127.04856872558594 104.99148559570312 146.14183044433594
truck 0.270248 38.16997528076172 170.17306518554688 57.07506561279297 188.81198120117188
bird 0.22919944 112.09800720214844 194.83673095703125 144.10157775878906 226.92367553710938
automobile 0.22714221 38.16997528076172 170.17306518554688 57.07506561279297 188.81198120117188
cat 0.21264753 38.137874603271484 170.15457153320312 57.03464126586914 188.92767333984375
frog 0.204799 38.137874603271484 170.15457153320312 57.03464126586914 188.92767333984375
