truck 0.9991219 210.119873046875 95.16474914550781 231.97296142578125 116.94169616699219
ship 0.9990362 5.991204261779785 75.02546691894531 28.016094207763672 96.95701599121094
bird 0.9980664 55.06128692626953 37.06867980957031 76.93494415283203 59.09442138671875
automobile 0.99733317 83.93145751953125 179.96533203125 106.05303955078125 202.03823852539062
automobile 0.996181 113.08319091796875 195.29580688476562 139.00758361816406 221.09072875976562
automobile 0.9952692 89.07747650146484 43.90222930908203 126.94747161865234 82.09373474121094
airplane 0.99140334 55.954673767089844 192.04653930664062 75.12129974365234 211.03030395507812
dog 0.9906644 161.1456756591797 16.272388458251953 187.0100860595703 41.974674224853516
dog 0.99045014 169.0401611328125 84.10246276855469 197.78146362304688 113.09121704101562
truck 0.98839283 70.95416259765625 148.07925415039062 92.93283081054688 169.99554443359375
cat 0.9538301 141.01162719726562 51.16504669189453 166.93069458007812 76.99735260009766
truck 0.94301033 118.08055114746094 98.95415496826172 146.93467712402344 127.80127716064453
airplane 0.91615105 105.95489501953125 5.926457405090332 131.91944885253906 31.995380401611328
bird 0.8311703 186.12716674804688 206.88572692871094 220.87628173828125 242.10118103027344
dog 0.7632178 42.20561981201172 136.2779541015625 63.88971710205078 157.0380859375
dog 0.63700706 163.8573455810547 205.5819854736328 182.57020568847656 223.9254913330078
airplane 0.5428959 169.0809326171875 148.01710510253906 201.14065551757812 180.10133361816406
cat 0.426967 186.11236572265625 206.87716674804688 220.9776611328125 242.05352783203125
cat 0.31718165 209.95140075683594 28.06101417541504 248.1022186279297 65.59098052978516
ship 0.31555754 118.04864501953125 99.00353240966797 146.91403198242188 127.80449676513672
deer 0.26771295 210.02418518066406 28.08204460144043 247.9734649658203 65.89936065673828
dog 0.26351494 209.95140075683594 28.06101417541504 248.1022186279297 65.59098052978516
automobile 0.26023465 118.04864501953125 99.00353240966797 146.91403198242188 127.80449676513672
deer 0.23870012 164.01397705078125 205.5723876953125 182.55691528320312 223.89886474609375
truck 0.20406094 161.1456756591797 16.272388458251953 187.0100860595703 41.974674224853516
bird 0.20325494 105.97702026367188 5.937129974365234 131.99728393554688 31.957115173339844
