ship 0.9988642 83.97785949707031 100.05709838867188 118.98928833007812 135.05117797851562
truck 0.998157 122.01812744140625 34.99901580810547 141.10140991210938 54.009559631347656
bird 0.9975654 182.03524780273438 42.070350646972656 204.09573364257812 63.93589782714844
truck 0.9975392 28.074153900146484 179.2982940673828 49.94026565551758 200.9477996826172
frog 0.99747217 49.86068344116211 3.2611513137817383 79.1295394897461 31.893444061279297
ship 0.99683034 82.15538024902344 37.98078536987305 108.06808471679688 64.13526916503906
deer 0.9966022 15.92308235168457 15.982414245605469 42.02984619140625 41.899497985839844
airplane 0.9905546 19.02167320251465 122.07494354248047 44.95973205566406 148.10891723632812
deer 0.9868542 55.98822784423828 200.49754333496094 82.03789520263672 225.0962371826172
bird 0.985528 202.00332641601562 103.9703598022461 223.93536376953125 125.98885345458984
bird 0.9798063 32.062538146972656 151.953369140625 58.022682189941406 177.70782470703125
truck 0.96662414 165.0596923828125 86.22560119628906 200.17605590820312 120.90620422363281
dog 0.9305017 176.06834411621094 198.01280212402344 204.86680603027344 227.0536651611328
deer 0.8942373 190.98556518554688 147.3180389404297 223.17333984375 179.1627655029297
cat 0.87555593 139.99916076660156 154.1152801513672 168.7952423095703 183.0697784423828
airplane 0.8254523 24.93194580078125 77.00518035888672 51.16618347167969 103.00713348388672
frog 0.74552894 213.103271484375 47.05072021484375 238.94281005859375 72.8977279663086
automobile 0.73085535 144.1243438720703 7.253850936889648 173.0377960205078 35.931983947753906
airplane 0.726365 173.16256713867188 66.08950805664062 191.96823120117188 84.98530578613281
truck 0.71927905 63.17021942138672 158.98207092285156 98.0378189086914 193.89366149902344
bird 0.6220796 213.00857543945312 47.13739013671875 238.8525390625 72.98249816894531
frog 0.52293384 139.99916076660156 154.1152801513672 168.7952423095703 183.0697784423828
automobile 0.47475937 63.178009033203125 159.12918090820312 97.86003112792969 193.99368286132812
truck 0.47327897 144.0387725830078 7.273678779602051 173.10911560058594 35.89912796020508
cat 0.43831956 190.95164489746094 147.23873901367188 223.1529083251953 179.16058349609375
ship 0.39059094 173.06675720214844 66.0138168334961 192.1012725830078 85.05904388427734
deer 0.37948978 176.06834411621094 198.01280212402344 204.86680603027344 227.0536651611328
ship 0.3241529 144.0387725830078 7.273678779602051 173.10911560058594 35.89912796020508
truck 0.31298074 173.06675720214844 66.0138168334961 192.1012725830078 85.05904388427734
bird 0.29519963 173.00450134277344 66.0986557006836 191.9983367919922 84.9675521850586
frog 0.2851997 202.1347198486328 103.79833984375 224.03086853027344 126.14933776855469
airplane 0.27474725 144.0387725830078 7.273678779602051 173.10911560058594 35.89912796020508
truck 0.26730752 191.045166015625 147.18777465820312 223.27294921875 179.07305908203125
automobile 0.2130638 165.0596923828125 86.22560119628906 200.17605590820312 120.90620422363281
