ship 0.99773276 66.0339126586914 112.98065185546875 92.20226287841797 139.21923828125
truck 0.99720645 76.06500244140625 143.01605224609375 94.90838623046875 161.96881103515625
bird 0.9970601 7.934873580932617 126.03905487060547 24.020341873168945 142.07884216308594
dog 0.9967489 45.16474914550781 45.53926467895508 73.98076629638672 73.93470001220703
automobile 0.9961804 113.03791809082031 59.89399337768555 148.0368194580078 94.8929443359375
truck 0.9954232 180.03262329101562 49.03545379638672 215.03067016601562 84.04662322998047
airplane 0.99274254 25.242942810058594 96.07899475097656 63.06889343261719 133.95803833007812
deer 0.9891577 18.383317947387695 178.20733642578125 43.98948669433594 203.95361328125
frog 0.98097813 147.06727600097656 107.12864685058594 179.0218963623047 139.02369689941406
cat 0.9796653 96.79891204833984 159.03102111816406 131.85264587402344 194.07359313964844
cat 0.97721964 94.05952453613281 103.90899658203125 122.97578430175781 132.90716552734375
dog 0.91458625 110.22099304199219 4.0572710037231445 135.8936767578125 30.049915313720703
automobile 0.77282333 147.06402587890625 15.98588752746582 168.86920166015625 37.99201965332031
cat 0.75856197 207.14796447753906 216.1076202392578 226.0249786376953 235.08604431152344
dog 0.7236439 181.98463439941406 198.04782104492188 201.1249542236328 217.15060424804688
cat 0.56858784 110.22099304199219 4.0572710037231445 135.8936767578125 30.049915313720703
airplane 0.55269593 185.98342895507812 116.9481201171875 218.06820678710938 148.99453735351562
airplane 0.54885566 146.96197509765625 15.868399620056152 168.95266723632812 37.81756591796875
truck 0.53236043 207.0606231689453 216.1134490966797 225.98573303222656 235.10987854003906
frog 0.51974785 41.039955139160156 154.1138916015625 59.948463439941406 172.93038940429688
cat 0.4862453 135.09890747070312 211.10597229003906 161.05154418945312 236.98329162597656
bird 0.39251456 185.98342895507812 116.9481201171875 218.06820678710938 148.99453735351562
automobile 0.380415 41.00497817993164 154.01904296875 59.800174713134766 172.87655639648438
frog 0.3256372 135.09890747070312 211.10597229003906 161.05154418945312 236.98329162597656
truck 0.28277194 185.98342895507812 116.9481201171875 218.06820678710938 148.99453735351562
ship 0.25196898 146.96197509765625 15.868399620056152 168.95266723632812 37.81756591796875
bird 0.22736123 135.09890747070312 211.10597229003906 161.05154418945312 236.98329162597656
bird 0.22189069 41.039955139160156 154.1138916015625 59.948463439941406 172.93038940429688
