truck 0.9988897 127.07098388671875 198.07997131347656 149.09738159179688 219.9439239501953
ship 0.9982332 30.1549072265625 105.09467315673828 67.80256652832031 143.18992614746094
deer 0.9977486 215.04501342773438 156.01792907714844 247.03036499023438 188.0131378173828
bird 0.9972551 154.04629516601562 104.95892333984375 179.98532104492188 131.03469848632812
truck 0.9971533 203.09439086914062 117.8909912109375 234.97598266601562 150.0057373046875
deer 0.9928388 167.0820770263672 165.03953552246094 202.1377410888672 199.88169860839844
deer 0.99106467 101.0654525756836 212.11398315429688 120.03617095947266 230.06317138671875
airplane 0.99033296 11.07866096496582 169.12562561035156 49.010108947753906 206.96961975097656
frog 0.9870087 128.95095825195312 56.85121536254883 148.02996826171875 76.06316375732422
frog 0.98690736 12.110885620117188 21.011404037475586 46.90293884277344 55.967498779296875
deer 0.9865643 100.044677734375 172.09698486328125 119.0201416015625 191.10491943359375
airplane 0.9854014 119.91096496582031 16.125200271606445 157.98048400878906 53.931678771972656
bird 0.9800656 52.01329803466797 6.003744125366211 74.09540557861328 28.023096084594727
dog 0.97724473 93.56311798095703 75.19996643066406 118.9103775024414 101.12199401855469
bird 0.97031003 188.00808715820312 201.15692138671875 223.03857421875 235.99087524414062
automobile 0.88198274 185.89601135253906 81.08478546142578 220.94602966308594 115.89012908935547
bird 0.76333517 95.13864135742188 113.03034973144531 113.77735900878906 132.08108520507812
dog 0.69219625 161.2221221923828 38.41667938232422 180.02037048339844 56.99485778808594
cat 0.6607534 182.03517150878906 118.072509765625 201.1880340576172 137.07603454589844
truck 0.5852977 161.13084411621094 38.58066940307617 180.02186584472656 56.92021560668945
frog 0.41928196 182.07855224609375 118.04756927490234 201.22735595703125 137.1409454345703
airplane 0.41838068 116.10492706298828 112.88618469238281 147.9898223876953 144.83387756347656
cat 0.36290044 161.1499786376953 38.45985412597656 180.03233337402344 56.946807861328125
cat 0.33741692 93.56311798095703 75.19996643066406 118.9103775024414 101.12199401855469
cat 0.30442008 95.17853546142578 112.99932861328125 113.77837371826172 132.02532958984375
airplane 0.2902143 182.09591674804688 118.0219955444336 201.2633056640625 136.99978637695312
deer 0.28812957 182.2527618408203 118.01704406738281 201.02381896972656 136.83323669433594
truck 0.25366804 185.89601135253906 81.08478546142578 220.94602966308594 115.89012908935547
airplane 0.2412234 95.17853546142578 112.99932861328125 113.77837371826172 132.02532958984375
frog 0.23180604 185.89601135253906 81.08478546142578 220.94602966308594 115.89012908935547
bird 0.20215535 182.2527618408203 118.01704406738281 201.02381896972656 136.83323669433594
