ship 0.9976478 15.069767951965332 191.0679168701172 37.05180358886719 212.98695373535156
cat 0.9966792 72.85441589355469 58.050697326660156 111.14933776855469 95.9623794555664
ship 0.99593437 37.143367767333984 26.97166633605957 65.8123550415039 55.85688018798828
truck 0.99584126 198.02450561523438 176.04908752441406 232.97598266601562 210.83995056152344
automobile 0.99561787 10.05952262878418 24.514198303222656 35.419776916503906 50.08765411376953
airplane 0.99549615 137.0166778564453 88.96639251708984 175.37879943847656 126.8230972290039
dog 0.9941486 183.0940399169922 104.02216339111328 201.9177703857422 122.9110336303711
airplane 0.9941468 115.0247573852539 194.91566467285156 153.21658325195312 232.90516662597656
airplane 0.99125636 138.12481689453125 48.15144348144531 176.16815185546875 86.25112915039062
automobile 0.98717725 211.95091247558594 125.93766021728516 243.8991241455078 157.9442138671875
ship 0.9841635 182.13389587402344 213.17669677734375 217.0323028564453 247.94122314453125
dog 0.9823676 88.16399383544922 101.04995727539062 116.9374771118164 130.0083465576172
airplane 0.95149946 213.02308654785156 56.174278259277344 242.0607452392578 84.8823471069336
truck 0.940796 96.10760498046875 169.05682373046875 118.28459167480469 190.8829345703125
dog 0.8974432 32.118106842041016 128.10772705078125 57.88059616088867 153.96109008789062
frog 0.8355139 36.13747024536133 62.056156158447266 57.99220657348633 84.06434631347656
cat 0.7391312 36.097320556640625 62.028602600097656 58.11756896972656 84.05338287353516
cat 0.62066257 76.14966583251953 206.07308959960938 111.21858978271484 241.00595092773438
bird 0.57157886 8.951513290405273 0.7668676376342773 31.0213680267334 22.790180206298828
deer 0.4744622 76.055908203125 206.0467987060547 111.05047607421875 240.9871063232422
frog 0.3292387 8.926556587219238 0.7904119491577148 31.053585052490234 22.927547454833984
bird 0.24185649 88.0548095703125 100.83000183105469 116.9503173828125 129.9191131591797
dog 0.2370547 8.926556587219238 0.7904119491577148 31.053585052490234 22.927547454833984
automobile 0.23622084 96.10760498046875 169.05682373046875 118.28459167480469 190.8829345703125
bird 0.23037785 183.0841522216797 104.0396957397461 201.97828674316406 122.95671844482422
truck 0.22204092 211.95030212402344 125.96965789794922 243.9040985107422 157.90838623046875
ship 0.2178337 213.11587524414062 55.978309631347656 242.09136962890625 84.89592742919922
