truck 0.99830806 40.966163635253906 6.003040313720703 60.16258239746094 25.080093383789062
truck 0.99816036 57.19825744628906 212.97134399414062 95.01881408691406 251.1639404296875
ship 0.99788284 148.9423370361328 62.919776916503906 174.92149353027344 88.9464340209961
ship 0.9974277 197.05810546875 126.96785736083984 225.946533203125 155.99830627441406
airplane 0.9960044 36.10306930541992 122.25309753417969 65.02204895019531 150.8456573486328
automobile 0.9955629 5.978193283081055 189.08108520507812 40.82733917236328 223.98233032226562
frog 0.99547255 102.05767822265625 160.242919921875 134.12294006347656 191.90060424804688
cat 0.9954358 162.98831176757812 0.5796146392822266 195.20236206054688 33.209747314453125
cat 0.99475956 160.9941864013672 130.08680725097656 183.0159149169922 152.0431671142578
dog 0.9759085 104.88094329833984 35.263614654541016 137.00729370117188 66.96308898925781
cat 0.9750967 54.99878692626953 175.0633544921875 71.04154205322266 190.96783447265625
dog 0.96543574 11.259947776794434 89.21997833251953 36.465309143066406 115.02315521240234
automobile 0.9593878 199.9695281982422 175.21368408203125 229.00331115722656 203.76092529296875
truck 0.9249116 54.08892822265625 29.1339054107666 88.68536376953125 63.83043670654297
cat 0.8601472 8.10428524017334 66.98845672607422 26.97909164428711 85.88353729248047
frog 0.67419744 72.93035888671875 119.00566101074219 89.05421447753906 135.05995178222656
cat 0.64695245 105.00431823730469 35.235687255859375 137.07200622558594 66.99125671386719
frog 0.6239529 94.01494598388672 68.98468017578125 120.0929183959961 94.96784973144531
ship 0.6057511 198.8771514892578 15.900300979614258 214.9968719482422 31.972070693969727
bird 0.590832 94.01494598388672 68.98468017578125 120.0929183959961 94.96784973144531
cat 0.5571449 198.8771514892578 15.900300979614258 214.9968719482422 31.972070693969727
airplane 0.5503198 199.9411163330078 175.260009765625 228.9988250732422 203.72134399414062
truck 0.5157803 8.10428524017334 66.98845672607422 26.97909164428711 85.88353729248047
truck 0.44369024 72.93035888671875 119.00566101074219 89.05421447753906 135.05995178222656
deer 0.35120666 94.01494598388672 68.98468017578125 120.0929183959961 94.96784973144531
truck 0.30397752 198.8771514892578 15.900300979614258 214.9968719482422 31.972070693969727
cat 0.27672362 42.65522003173828 87.01101684570312 71.98863983154297 115.90866088867188
truck 0.26817375 55.03214645385742 175.12506103515625 71.04914093017578 191.06399536132812
ship 0.2423192 53.993896484375 29.0992374420166 88.73237609863281 63.975311279296875
frog 0.24132392 104.88094329833984 35.263614654541016 137.00729370117188 66.96308898925781
deer 0.22530216 104.96356201171875 35.251827239990234 137.10137939453125 66.96395111083984
deer 0.20725638 72.98258972167969 118.97142791748047 89.10263061523438 135.09165954589844
