ship 0.9991416 28.958118438720703 75.03060913085938 58.06552505493164 104.07331848144531
dog 0.99806553 151.93760681152344 180.11903381347656 173.9393768310547 201.96629333496094
frog 0.99666893 169.9478759765625 126.14209747314453 202.19485473632812 158.12185668945312
truck 0.99633336 119.12445831298828 137.06869506835938 157.05612182617188 174.92352294921875
automobile 0.99586356 79.11458587646484 46.57048416137695 116.94609832763672 84.00877380371094
truck 0.9951749 57.09756088256836 141.1471710205078 95.20896911621094 179.1145782470703
dog 0.9934103 94.07992553710938 204.10435485839844 131.9499053955078 241.9526824951172
ship 0.9917441 69.99394226074219 103.00701904296875 102.17916870117188 134.86717224121094
deer 0.98705566 7.88093376159668 133.02845764160156 45.92640686035156 171.12132263183594
automobile 0.98089194 47.113399505615234 208.98138427734375 69.13546752929688 231.00527954101562
dog 0.9282634 193.0916748046875 213.70755004882812 224.8851318359375 246.08120727539062
dog 0.9141766 89.25343322753906 7.042640686035156 117.83343505859375 35.9284782409668
cat 0.887221 139.96844482421875 19.028223037719727 162.07626342773438 40.972312927246094
dog 0.87536883 15.076902389526367 52.00344467163086 34.11321258544922 71.06661987304688
truck 0.86670816 148.0697021484375 55.170310974121094 167.02618408203125 73.99994659423828
ship 0.797913 157.09156799316406 94.04716491699219 173.0324249267578 110.05838012695312
airplane 0.7886213 157.09056091308594 94.02722930908203 172.99195861816406 110.08219146728516
frog 0.65709096 140.0345916748047 19.10386085510254 161.9783477783203 41.043678283691406
automobile 0.61414546 48.157840728759766 9.053388595581055 70.10087585449219 30.958009719848633
automobile 0.57808805 148.0697021484375 55.170310974121094 167.02618408203125 73.99994659423828
deer 0.57095623 206.2346649169922 18.211936950683594 244.06568908691406 55.842559814453125
cat 0.52849007 48.296958923339844 9.000317573547363 70.18201446533203 31.038902282714844
frog 0.49426627 48.21707534790039 9.108240127563477 70.07967376708984 31.017004013061523
frog 0.39223987 89.09239959716797 7.006020545959473 118.04796600341797 35.887351989746094
airplane 0.38176784 134.1028594970703 81.99064636230469 150.00367736816406 98.057373046875
truck 0.2921521 48.157840728759766 9.053388595581055 70.10087585449219 30.958009719848633
bird 0.24549565 206.2346649169922 18.211936950683594 244.06568908691406 55.842559814453125
deer 0.24341968 134.1028594970703 81.99064636230469 150.00367736816406 98.057373046875
frog 0.20162001 193.03021240234375 213.62835693359375 224.73114013671875 246.00860595703125
