truck 0.99839556 160.08273315429688 136.99961853027344 188.9837646484375 165.9305877685547
bird 0.9978186 157.92974853515625 75.03014373779297 187.01010131835938 104.05086517333984
bird 0.9975939 141.10690307617188 168.10548400878906 162.98178100585938 189.9851531982422
bird 0.9975691 50.23483657836914 113.05545043945312 82.0347900390625 144.9560546875
bird 0.9972184 7.919588088989258 108.10639953613281 37.0604248046875 137.05857849121094
airplane 0.993997 192.79345703125 120.01106262207031 218.97952270507812 146.0858917236328
frog 0.99174184 141.02188110351562 19.16627311706543 167.17398071289062 45.12947082519531
deer 0.98677397 198.98455810546875 15.002574920654297 215.12640380859375 31.103214263916016
automobile 0.98496157 44.06438064575195 172.06227111816406 62.9504280090332 190.8428192138672
cat 0.9840156 100.25434112548828 27.02960968017578 121.97608184814453 49.070655822753906
dog 0.9775725 42.089317321777344 205.8580780029297 76.73173522949219 240.95069885253906
frog 0.9579433 85.01431274414062 202.17759704589844 120.00762939453125 237.0237274169922
dog 0.94527555 10.134228706359863 85.37296295166016 28.983306884765625 103.6465072631836
bird 0.939488 13.96590518951416 157.1865692138672 35.99120330810547 178.9250946044922
deer 0.9073024 77.98451232910156 18.923084259033203 94.02008056640625 35.074867248535156
dog 0.8611686 23.063743591308594 16.011302947998047 42.11000061035156 34.96843719482422
cat 0.53589004 77.98451232910156 18.923084259033203 94.02008056640625 35.074867248535156
bird 0.43163776 10.134228706359863 85.37296295166016 28.983306884765625 103.6465072631836
dog 0.38215914 77.98451232910156 18.923084259033203 94.02008056640625 35.074867248535156
bird 0.38100308 196.98721313476562 58.155792236328125 218.975830078125 80.03399658203125
deer 0.34432277 196.98721313476562 58.155792236328125 218.975830078125 80.03399658203125
cat 0.31950778 196.99998474121094 58.03556442260742 219.12901306152344 80.0224609375
airplane 0.2280446 196.98721313476562 58.155792236328125 218.975830078125 80.03399658203125
cat 0.20647424 199.015625 15.093039512634277 215.09701538085938 31.04419708251953
cat 0.20214808 42.23070526123047 205.78807067871094 76.90345001220703 240.9221954345703
