airplane 0.9981576 37.966548919677734 92.12982177734375 67.08935546875 121.19099426269531
automobile 0.9974596 57.17626953125 28.176700592041016 79.01277160644531 49.960628509521484
truck 0.9970259 75.08108520507812 65.3202133178711 112.90560913085938 103.05089569091797
frog 0.99661595 48.8895263671875 208.0784912109375 84.15826416015625 242.93603515625
deer 0.9925195 152.08905029296875 151.16815185546875 174.02273559570312 173.03912353515625
frog 0.9917215 187.08013916015625 12.968999862670898 224.9564208984375 51.09693908691406
deer 0.98608565 155.08018493652344 28.08189582824707 173.96434020996094 46.98896026611328
airplane 0.9860311 88.84750366210938 34.09156036376953 118.12165832519531 63.09083557128906
automobile 0.95352733 27.921131134033203 153.1298065185547 54.06935501098633 179.2566680908203
bird 0.95207804 202.0690460205078 70.1852035522461 223.73387145996094 92.16588592529297
bird 0.94698167 122.06641387939453 109.08082580566406 141.0864715576172 128.03538513183594
airplane 0.90339845 81.93041229248047 15.114334106445312 97.99005889892578 31.140907287597656
automobile 0.89599097 152.2457275390625 184.28172302246094 180.83230590820312 213.43833923339844
bird 0.86128956 125.19840240478516 206.05340576171875 147.02035522460938 228.02603149414062
bird 0.85303605 182.02346801757812 121.0387954711914 200.98193359375 139.9759063720703
ship 0.7488678 14.053614616394043 191.16107177734375 32.98593521118164 209.959716796875
cat 0.74176514 14.035604476928711 191.21405029296875 32.9615478515625 209.8876953125
automobile 0.7011937 189.01266479492188 203.94793701171875 204.88058471679688 219.886962890625
ship 0.67003 152.28379821777344 184.1793212890625 180.8617706298828 213.356201171875
truck 0.63417304 81.96928405761719 15.03934383392334 98.0364990234375 31.150211334228516
dog 0.55812436 181.97279357910156 121.0494384765625 200.92637634277344 140.02639770507812
bird 0.3513788 14.035604476928711 191.21405029296875 32.9615478515625 209.8876953125
automobile 0.2795593 81.93041229248047 15.114334106445312 97.99005889892578 31.140907287597656
deer 0.2708292 188.98435974121094 203.9637908935547 204.97605895996094 220.0352325439453
cat 0.24291533 182.02346801757812 121.0387954711914 200.98193359375 139.9759063720703
deer 0.237674 197.28289794921875 170.16339111328125 218.95553588867188 192.03759765625
deer 0.23446742 182.02342224121094 121.09281921386719 200.97593688964844 139.9576873779297
frog 0.2294848 182.02346801757812 121.0387954711914 200.98193359375 139.9759063720703
airplane 0.22724086 122.10094451904297 109.1933364868164 141.27056884765625 128.13003540039062
automobile 0.21914223 182.02346801757812 121.0387954711914 200.98193359375 139.9759063720703
truck 0.21753281 27.924640655517578 153.17776489257812 54.08791732788086 179.20843505859375
ship 0.21525502 81.93041229248047 15.114334106445312 97.99005889892578 31.140907287597656
ship 0.21418893 202.10838317871094 70.16764831542969 223.81150817871094 92.33969116210938
