airplane 0.9988234 6.058897972106934 18.89797592163086 34.907108306884766 47.75835037231445
bird 0.99819887 144.2623748779297 210.06942749023438 175.8501434326172 241.81076049804688
automobile 0.99729407 120.0673828125 49.117897033691406 157.82345581054688 86.95552825927734
airplane 0.99681056 55.098899841308594 99.12083435058594 74.03838348388672 118.1917724609375
automobile 0.99575466 160.9866943359375 175.057861328125 176.99505615234375 191.11245727539062
automobile 0.9950166 84.00927734375 110.7442626953125 115.96414184570312 142.9069061279297
ship 0.99292815 27.185848236083984 63.15357208251953 52.95206069946289 88.83036041259766
deer 0.99278474 70.0582275390625 16.04461097717285 104.78282165527344 51.06248474121094
ship 0.99195886 82.96923065185547 184.07521057128906 121.1292495727539 222.1395721435547
airplane 0.9907435 172.00408935546875 32.000267028808594 210.16146850585938 70.03375244140625
bird 0.9796651 123.06795501708984 165.0237579345703 148.76513671875 191.0253143310547
ship 0.96715593 60.07959747314453 141.0347900390625 79.0046157836914 160.00619506835938
frog 0.9474454 192.1173553466797 182.0077362060547 227.0649871826172 217.0895233154297
cat 0.88679826 166.083251953125 82.21037292480469 201.12713623046875 117.14469909667969
dog 0.8780074 206.8298797607422 100.1310806274414 232.85414123535156 125.98685455322266
dog 0.86479676 19.231693267822266 182.00819396972656 41.08784103393555 204.0058135986328
airplane 0.84838647 9.000003814697266 147.96441650390625 31.075687408447266 170.08380126953125
truck 0.81746423 133.1310272216797 102.33281707763672 161.9239044189453 131.0512237548828
cat 0.7536198 153.13279724121094 142.1763153076172 178.87229919433594 168.2406463623047
dog 0.6299771 166.083251953125 82.21037292480469 201.12713623046875 117.14469909667969
automobile 0.6299755 133.07501220703125 102.121337890625 162.07208251953125 131.0130615234375
deer 0.43528208 90.02716064453125 79.00074768066406 106.03230285644531 94.93601989746094
ship 0.39213815 19.04178237915039 182.09432983398438 41.1616325378418 204.092041015625
cat 0.29604504 19.231693267822266 182.00819396972656 41.08784103393555 204.0058135986328
cat 0.2900309 206.8298797607422 100.1310806274414 232.85414123535156 125.98685455322266
bird 0.25775266 206.8298797607422 100.1310806274414 232.85414123535156 125.98685455322266
automobile 0.25671852 206.8298797607422 100.1310806274414 232.85414123535156 125.98685455322266
airplane 0.25413886 206.8298797607422 100.1310806274414 232.85414123535156 125.98685455322266
airplane 0.22559243 90.02716064453125 79.00074768066406 106.03230285644531 94.93601989746094
