ship 0.99945164 73.99945068359375 9.922491073608398 103.09152221679688 39.18866729736328
ship 0.99816895 31.065082550048828 183.90371704101562 59.90110397338867 212.98123168945312
truck 0.9968585 105.12454223632812 4.930793762207031 139.91372680664062 39.900390625
dog 0.9960805 174.9102783203125 88.04365539550781 201.0784912109375 114.18196105957031
dog 0.99497247 53.925540924072266 56.07394790649414 85.7329330444336 88.1556396484375
ship 0.99391913 21.946758270263672 215.0620574951172 53.977237701416016 247.31825256347656
frog 0.9934292 138.11663818359375 138.0187530517578 176.02932739257812 175.6818389892578
frog 0.9923458 13.080995559692383 131.1104736328125 47.88166809082031 166.0185546875
bird 0.9917676 77.0346908569336 154.14996337890625 105.9951400756836 183.15829467773438
airplane 0.9915345 111.10868072509766 99.08006286621094 137.08375549316406 124.96380615234375
dog 0.98946106 82.52882385253906 196.638671875 114.52996826171875 234.9857177734375
truck 0.9868814 32.058677673339844 24.898204803466797 57.928306579589844 51.13789749145508
automobile 0.9567691 94.99861145019531 51.98997497558594 132.9818878173828 89.7259521484375
automobile 0.80688214 126.93989562988281 207.16505432128906 156.3367156982422 235.91270446777344
truck 0.8060537 185.04730224609375 21.0291690826416 207.09896850585938 43.44563293457031
bird 0.69386613 59.994625091552734 97.10733795166016 98.1651611328125 134.92515563964844
deer 0.64629686 158.43771362304688 215.47206115722656 196.31402587890625 254.1626739501953
ship 0.59720445 184.96022033691406 20.914470672607422 207.19163513183594 43.787967681884766
airplane 0.5862173 60.094810485839844 97.20950317382812 98.08136749267578 134.96249389648438
ship 0.49632162 173.99171447753906 116.69474792480469 192.99818420410156 136.14801025390625
deer 0.39904445 163.11985778808594 177.34548950195312 201.11717224121094 214.6728515625
cat 0.35078993 173.99171447753906 116.69474792480469 192.99818420410156 136.14801025390625
truck 0.34824356 173.99171447753906 116.69474792480469 192.99818420410156 136.14801025390625
deer 0.3328476 184.96022033691406 20.914470672607422 207.19163513183594 43.787967681884766
truck 0.3254734 158.43771362304688 215.47206115722656 196.31402587890625 254.1626739501953
automobile 0.2263323 173.99171447753906 116.69474792480469 192.99818420410156 136.14801025390625
cat 0.22597852 60.31037139892578 97.1881332397461 98.60962677001953 134.9372100830078
