frog 0.9990212 118.13739013671875 184.06353759765625 143.9112548828125 210.10458374023438
truck 0.9987335 165.1985321044922 58.140663146972656 194.2314910888672 86.98969268798828
airplane 0.9981766 187.8084259033203 117.01220703125 214.03089904785156 142.87966918945312
ship 0.9979936 176.0717315673828 184.7860107421875 194.9875946044922 203.9757080078125
truck 0.99785674 72.9720458984375 179.9795684814453 111.07530212402344 217.9125518798828
bird 0.9976406 168.16561889648438 21.9541015625 194.00665283203125 48.22930908203125
deer 0.9968051 195.9376220703125 80.32967376708984 231.24017333984375 114.87458038330078
airplane 0.9952817 16.98613929748535 178.80859375 54.924537658691406 216.99398803710938
airplane 0.99492025 205.15133666992188 43.13200378417969 236.96279907226562 74.98341369628906
deer 0.99443907 208.20188903808594 171.08352661132812 243.06361389160156 206.0400390625
frog 0.98720783 37.106170654296875 139.06784057617188 75.03141021728516 177.24472045898438
cat 0.98585725 65.85652923583984 99.1806640625 100.98088836669922 134.03675842285156
frog 0.9830526 131.98106384277344 91.96371459960938 167.04270935058594 126.9989013671875
deer 0.9829056 24.913991928100586 84.72404479980469 63.01234436035156 122.97604370117188
cat 0.9773849 35.06018829345703 36.143638610839844 70.25472259521484 70.87568664550781
ship 0.9618794 137.88092041015625 41.926414489746094 163.88357543945312 67.88394165039062
cat 0.9336848 85.06475067138672 61.88640594482422 117.01215362548828 94.0312271118164
frog 0.6930021 80.9063491821289 5.904285430908203 118.85749053955078 43.99021530151367
deer 0.6831546 80.9510498046875 5.84950065612793 118.89797973632812 44.012908935546875
airplane 0.6768309 35.010841369628906 36.047706604003906 70.19525146484375 71.03905487060547
frog 0.54452825 85.14633178710938 61.825870513916016 117.01200866699219 94.00502014160156
bird 0.38518223 166.02825927734375 155.11264038085938 191.86312866210938 181.04190063476562
frog 0.34603208 137.88092041015625 41.926414489746094 163.88357543945312 67.88394165039062
automobile 0.24529174 138.07980346679688 41.85284423828125 164.00137329101562 68.03654479980469
dog 0.20787868 85.02922058105469 61.79841995239258 116.97795104980469 93.92758178710938
