ship 0.99889916 202.04241943359375 132.01324462890625 224.00875854492188 154.04098510742188
ship 0.9981262 70.04930114746094 197.14523315429688 96.035888671875 223.17245483398438
automobile 0.9967856 3.8862133026123047 151.1621856689453 23.0853214263916 170.21726989746094
frog 0.99458325 110.9569091796875 189.4724578857422 149.0443115234375 226.8889617919922
frog 0.99415785 159.3311309814453 192.98434448242188 187.89527893066406 222.13601684570312
ship 0.99297076 193.88832092285156 57.2025146484375 232.0370635986328 95.13717651367188
truck 0.99271286 127.107177734375 71.03907775878906 153.10333251953125 97.00241088867188
bird 0.9847661 37.94269561767578 8.088869094848633 57.03740692138672 27.008729934692383
automobile 0.9410964 167.06707763671875 57.08712387084961 189.10458374023438 79.0195083618164
frog 0.92757833 117.11284637451172 35.951385498046875 139.02552795410156 58.068519592285156
frog 0.92191434 202.0562744140625 96.84986877441406 234.08782958984375 129.25289916992188
truck 0.9137537 206.12026977539062 211.18765258789062 244.0126953125 248.82009887695312
ship 0.8511281 205.03558349609375 17.060792922973633 243.03204345703125 54.934783935546875
truck 0.83711386 58.92475128173828 41.043060302734375 78.14806365966797 60.01506042480469
ship 0.78413063 58.92475128173828 41.043060302734375 78.14806365966797 60.01506042480469
ship 0.7613056 34.9849967956543 154.98318481445312 66.92813873291016 187.12716674804688
airplane 0.6818854 140.30442810058594 162.087646484375 166.0356903076172 187.81832885742188
airplane 0.61733824 34.9849967956543 154.98318481445312 66.92813873291016 187.12716674804688
ship 0.5642421 167.07672119140625 57.150596618652344 189.11376953125 79.03409576416016
bird 0.510629 202.11801147460938 97.01714324951172 234.05526733398438 129.40188598632812
bird 0.47682685 205.07833862304688 17.16585350036621 242.98825073242188 54.80763244628906
airplane 0.45926452 206.0414581298828 211.1204071044922 244.1527862548828 248.87525939941406
airplane 0.4526282 205.07833862304688 17.16585350036621 242.98825073242188 54.80763244628906
bird 0.4051551 64.27009582519531 66.0228271484375 90.22225952148438 92.13650512695312
cat 0.38675293 117.03494262695312 36.15340042114258 139.09432983398438 57.92111587524414
airplane 0.33326006 3.899930953979492 65.39946746826172 39.070350646972656 99.8440170288086
dog 0.25176933 64.30166625976562 65.98712158203125 90.12309265136719 92.10749816894531
cat 0.23413888 4.036354064941406 65.2612075805664 38.9156494140625 100.02811431884766
deer 0.22058466 202.10401916503906 96.95037841796875 234.22740173339844 129.2407989501953
cat 0.20492435 64.15154266357422 66.0390625 90.26049041748047 92.18028259277344
truck 0.20292908 140.30442810058594 162.087646484375 166.0356903076172 187.81832885742188
