frog 0.9979896 168.00148010253906 116.08709716796875 200.14878845214844 148.03677368164062
ship 0.9976772 52.874359130859375 122.04612731933594 87.869384765625 157.23121643066406
ship 0.9973555 20.00601577758789 120.00370788574219 48.8998908996582 149.03379821777344
dog 0.99733555 202.12742614746094 144.95086669921875 228.22520446777344 170.95489501953125
deer 0.996454 172.06158447265625 6.0623626708984375 200.84414672851562 35.014774322509766
deer 0.9954009 170.9322509765625 40.197486877441406 209.07168579101562 78.1811752319336
ship 0.99486685 90.98554992675781 102.1235580444336 117.05204772949219 128.1210174560547
automobile 0.99277115 149.0659942626953 173.12721252441406 167.9542694091797 192.03065490722656
frog 0.99036825 71.24174499511719 212.26193237304688 97.04371643066406 238.13546752929688
truck 0.98367435 212.0543975830078 216.1162872314453 228.00428771972656 232.08409118652344
bird 0.977885 97.00691223144531 55.031646728515625 116.08018493652344 73.87606811523438
frog 0.97599834 212.0615997314453 64.0005111694336 228.01014709472656 79.88469696044922
dog 0.96918947 5.47637939453125 70.00312042236328 31.16131591796875 95.7787857055664
bird 0.9352769 117.1275634765625 19.10288429260254 135.98057556152344 38.076629638671875
automobile 0.88513076 97.11617279052734 187.06268310546875 118.94120025634766 208.76800537109375
ship 0.88248336 96.98871612548828 187.0113983154297 119.0382308959961 209.02308654785156
dog 0.8052028 112.14918518066406 80.01409912109375 127.92323303222656 95.88375854492188
deer 0.6896942 73.94715118408203 18.996095657348633 105.90108489990234 51.173362731933594
dog 0.6817377 166.11607360839844 83.12091064453125 182.0165252685547 98.99906921386719
cat 0.5821293 19.132953643798828 8.066413879394531 44.99258804321289 34.101226806640625
frog 0.5560414 19.008285522460938 8.129839897155762 45.008567810058594 34.14569091796875
airplane 0.4580265 73.94715118408203 18.996095657348633 105.90108489990234 51.173362731933594
deer 0.43285057 166.11607360839844 83.12091064453125 182.0165252685547 98.99906921386719
deer 0.39800936 117.1379165649414 19.159717559814453 136.0584259033203 38.0241584777832
frog 0.3940493 117.1379165649414 19.159717559814453 136.0584259033203 38.0241584777832
airplane 0.3706255 212.0543975830078 216.1162872314453 228.00428771972656 232.08409118652344
bird 0.2723148 73.94715118408203 18.996095657348633 105.90108489990234 51.173362731933594
automobile 0.25043184 212.0543975830078 216.1162872314453 228.00428771972656 232.08409118652344
bird 0.2387326 97.0654067993164 187.14695739746094 119.01871490478516 208.9603729248047
frog 0.23349005 166.18978881835938 82.99874877929688 181.90472412109375 99.07044982910156
cat 0.23196629 166.18978881835938 82.99874877929688 181.90472412109375 99.07044982910156
