airplane 0.99843836 73.95392608642578 203.07974243164062 106.0755844116211 235.079345703125
frog 0.9983916 106.99549102783203 31.293338775634766 132.9788055419922 56.93241500854492
ship 0.9982728 189.04241943359375 8.1188383102417 215.07772827148438 34.08329391479492
automobile 0.99782133 143.18409729003906 24.986957550048828 169.07264709472656 51.24527359008789
automobile 0.9977465 66.93175506591797 115.96472930908203 96.04451751708984 144.92926025390625
truck 0.9961287 213.99851989746094 191.07325744628906 239.6524200439453 217.0214080810547
truck 0.9948436 38.076473236083984 34.062278747558594 64.0367431640625 60.06068420410156
ship 0.993127 51.95201110839844 73.05500793457031 84.06016540527344 104.8935546875
airplane 0.99064124 0.0888671875 60.898311614990234 35.07853698730469 96.04649353027344
airplane 0.9906099 116.1085205078125 168.03225708007812 154.08456420898438 206.03628540039062
frog 0.9903413 82.96705627441406 13.134288787841797 99.04830932617188 29.017791748046875
dog 0.9867929 35.03154754638672 172.0611572265625 57.04987335205078 194.08212280273438
airplane 0.98124814 74.04273986816406 39.227569580078125 93.06044006347656 58.033363342285156
cat 0.97368574 28.219741821289062 128.972412109375 54.00164031982422 155.00506591796875
airplane 0.9367982 202.73040771484375 116.87448120117188 225.0787353515625 139.08804321289062
truck 0.91231763 5.931257247924805 152.05096435546875 22.047609329223633 168.06057739257812
airplane 0.9098221 163.0930938720703 89.02765655517578 201.0701141357422 127.0626449584961
cat 0.86193866 105.10211181640625 130.16171264648438 127.02548217773438 151.95867919921875
ship 0.7665583 173.8475799560547 38.20654296875 203.00413513183594 66.79932403564453
airplane 0.7130588 5.931257247924805 152.05096435546875 22.047609329223633 168.06057739257812
frog 0.63864535 163.0930938720703 89.02765655517578 201.0701141357422 127.0626449584961
dog 0.58880794 105.09536743164062 130.03421020507812 127.09420776367188 152.04800415039062
airplane 0.34552783 173.9720458984375 38.032066345214844 203.010009765625 66.78135681152344
ship 0.28980774 5.931257247924805 152.05096435546875 22.047609329223633 168.06057739257812
deer 0.21691713 173.8475799560547 38.20654296875 203.00413513183594 66.79932403564453
bird 0.2089923 163.0930938720703 89.02765655517578 201.0701141357422 127.0626449584961
