frog 0.9985708 212.041259765625 23.104080200195312 243.93499755859375 55.001251220703125
truck 0.9965918 27.080242156982422 162.12283325195312 59.11354446411133 193.92178344726562
automobile 0.99652064 159.01748657226562 96.6622085571289 197.114501953125 133.92990112304688
ship 0.99556935 101.94956970214844 139.14964294433594 120.88766479492188 158.07432556152344
ship 0.99545157 161.23965454101562 175.02459716796875 199.07931518554688 212.93746948242188
frog 0.9915697 123.03956604003906 127.16397857666016 158.0229034423828 162.2265167236328
truck 0.98999107 43.0218505859375 122.98560333251953 65.09468841552734 145.08580017089844
cat 0.9838717 144.95726013183594 215.90855407714844 183.01365661621094 253.89353942871094
automobile 0.9825028 71.13310241699219 146.04595947265625 93.06060791015625 168.08798217773438
cat 0.98184323 199.96498107910156 136.03134155273438 232.0166473388672 167.8387451171875
bird 0.9719174 25.062131881713867 213.08676147460938 59.931358337402344 247.67269897460938
airplane 0.9350264 114.14850616455078 70.23846435546875 140.27438354492188 96.14816284179688
ship 0.9338541 142.21670532226562 52.24556350708008 177.123779296875 86.87034606933594
deer 0.9324965 213.10098266601562 176.04660034179688 251.10528564453125 213.889404296875
airplane 0.91213435 84.15082550048828 179.18984985351562 118.91719818115234 213.95932006835938
deer 0.9105139 19.27215576171875 33.02965545654297 53.98938751220703 68.01606750488281
bird 0.8386958 179.9181365966797 44.00685501098633 209.4683074951172 73.02558898925781
frog 0.80480146 207.07411193847656 112.11016845703125 229.0862274169922 133.84381103515625
airplane 0.7893019 142.0623016357422 34.137237548828125 158.12193298339844 50.56835174560547
dog 0.68088865 95.09741973876953 12.092813491821289 116.95320892333984 34.01719665527344
ship 0.58178604 142.02162170410156 34.101959228515625 158.05918884277344 50.51227569580078
deer 0.4369676 142.05111694335938 34.138450622558594 158.11947631835938 50.46026611328125
bird 0.3535867 207.0034637451172 112.15144348144531 229.0441131591797 133.84800720214844
truck 0.2962076 142.02162170410156 34.101959228515625 158.05918884277344 50.51227569580078
frog 0.29059815 179.99700927734375 43.97915267944336 209.52993774414062 73.09659576416016
deer 0.2808544 179.92611694335938 43.95722961425781 209.49871826171875 72.94094848632812
cat 0.23876515 95.22855377197266 12.147438049316406 116.94451141357422 33.99813461303711
truck 0.21315932 71.31523895263672 145.91624450683594 93.2773666381836 167.95228576660156
