bird 0.9991747 114.05448913574219 125.990966796875 135.97903442382812 147.96371459960938
bird 0.99844646 156.177734375 83.06633758544922 185.14602661132812 112.01256561279297
airplane 0.9979902 35.99534606933594 82.03695678710938 64.96221160888672 110.93768310546875
automobile 0.9969238 193.2203369140625 71.06034088134766 230.99118041992188 109.03821563720703
ship 0.9940566 19.157621383666992 23.879302978515625 57.022918701171875 62.003944396972656
truck 0.9940529 172.00033569335938 200.13116455078125 197.99008178710938 226.14529418945312
frog 0.9903586 118.89663696289062 83.26203918457031 153.78842163085938 117.76885986328125
frog 0.98509115 170.96731567382812 173.01760864257812 186.97381591796875 189.02410888671875
truck 0.9842049 42.229942321777344 194.76036071777344 73.92625427246094 227.0902862548828
deer 0.9653273 129.0469512939453 205.92388916015625 145.0094451904297 222.16238403320312
ship 0.8595283 77.95825958251953 121.1463851928711 112.80590057373047 156.0919189453125
deer 0.84512615 200.09750366210938 118.99427795410156 232.06964111328125 151.04490661621094
airplane 0.8369541 64.9552001953125 8.031510353088379 86.99169921875 30.070438385009766
cat 0.7558569 129.04908752441406 205.90692138671875 144.97386169433594 222.1947021484375
cat 0.7543267 75.9625244140625 195.13829040527344 108.17095947265625 227.04896545410156
frog 0.73769915 2.035663604736328 161.08535766601562 36.843994140625 195.97140502929688
frog 0.6595737 200.09750366210938 118.99427795410156 232.06964111328125 151.04490661621094
ship 0.6198809 148.04315185546875 27.954803466796875 170.08139038085938 49.98722839355469
deer 0.5614752 75.82878112792969 195.12669372558594 108.146240234375 227.09483337402344
deer 0.51987624 170.9372100830078 173.03466796875 187.06101989746094 188.98495483398438
automobile 0.51127625 77.87374114990234 121.06532287597656 112.82695770263672 155.9483184814453
airplane 0.5053985 42.11105728149414 194.73812866210938 73.85966491699219 227.08383178710938
bird 0.49240625 1.7360172271728516 161.11375427246094 37.108543395996094 195.9518280029297
airplane 0.35166574 75.9625244140625 195.13829040527344 108.17095947265625 227.04896545410156
truck 0.3376884 148.04315185546875 27.954803466796875 170.08139038085938 49.98722839355469
ship 0.3355502 42.11002731323242 194.88919067382812 73.89814758300781 227.1195068359375
cat 0.331334 42.229942321777344 194.76036071777344 73.92625427246094 227.0902862548828
cat 0.33081424 65.01932525634766 8.038228034973145 86.99176788330078 30.010086059570312
frog 0.29189485 42.077552795410156 194.81063842773438 73.93180084228516 227.03387451171875
truck 0.2906133 65.01932525634766 8.038228034973145 86.99176788330078 30.010086059570312
deer 0.2819815 65.10381317138672 8.041333198547363 87.11101531982422 30.005298614501953
ship 0.26266173 65.02914428710938 8.053461074829102 87.15283203125 29.92017936706543
airplane 0.21150258 147.97576904296875 28.065778732299805 170.14129638671875 50.062049865722656
