truck 0.9979309 150.0760040283203 212.5605010986328 178.9209442138672 241.95655822753906
deer 0.9970418 144.0223388671875 179.09829711914062 176.09188842773438 210.975341796875
automobile 0.9970099 106.0589599609375 144.89817810058594 141.43063354492188 179.5750274658203
automobile 0.99659204 68.97747039794922 193.90670776367188 95.04106903076172 220.08187866210938
frog 0.99462456 113.06136322021484 200.0123291015625 132.02847290039062 219.089599609375
truck 0.99357206 147.14773559570312 115.08088684082031 179.18893432617188 147.00587463378906
truck 0.99333036 59.023441314697266 156.1137237548828 94.00604248046875 191.1352081298828
bird 0.9910783 205.86053466796875 31.120725631713867 244.15106201171875 69.02973937988281
ship 0.99022996 176.91819763183594 26.052051544189453 195.98646545410156 45.028018951416016
ship 0.9890083 88.93540954589844 62.036006927490234 118.20280456542969 90.97569274902344
dog 0.9459019 166.056640625 78.94361877441406 195.05926513671875 108.03651428222656
airplane 0.9276931 57.930728912353516 69.02886962890625 77.06591796875 87.94232177734375
bird 0.9251282 7.975166320800781 119.1622543334961 30.114234924316406 140.86151123046875
airplane 0.89993507 82.03086853027344 26.182336807250977 114.05313110351562 58.23486328125
bird 0.8952606 190.01881408691406 129.99851989746094 212.0272979736328 152.00282287597656
frog 0.88549507 31.99858856201172 67.92105102539062 48.07677459716797 84.00067138671875
cat 0.87401855 86.98936462402344 95.82823944091797 118.90119934082031 128.20059204101562
cat 0.82936734 185.04336547851562 215.2064666748047 203.94442749023438 233.9535675048828
frog 0.70444345 86.98936462402344 95.82823944091797 118.90119934082031 128.20059204101562
truck 0.65384567 141.91404724121094 30.01483154296875 163.99134826660156 52.72064208984375
dog 0.5167805 185.0509796142578 215.29888916015625 204.0207977294922 234.05215454101562
bird 0.47470978 31.985877990722656 67.96247863769531 48.09869384765625 83.91958618164062
airplane 0.41048878 141.9777069091797 30.146331787109375 164.17860412597656 52.67010498046875
cat 0.37672478 166.2549285888672 78.99110412597656 194.9648895263672 108.0252685546875
dog 0.34863877 190.1293182373047 129.91880798339844 212.06004333496094 151.94786071777344
dog 0.34407386 8.175023078918457 118.94395446777344 29.96410369873047 140.88050842285156
airplane 0.33170998 12.099793434143066 4.080178260803223 38.05550765991211 30.01171112060547
cat 0.29479495 12.099793434143066 4.080178260803223 38.05550765991211 30.01171112060547
dog 0.29472572 12.099793434143066 4.080178260803223 38.05550765991211 30.01171112060547
truck 0.27101308 82.0633544921875 26.167219161987305 114.07363891601562 58.06708526611328
automobile 0.25998136 82.0633544921875 26.167219161987305 114.07363891601562 58.06708526611328
truck 0.2193195 12.099793434143066 4.080178260803223 38.05550765991211 30.01171112060547
airplane 0.20091695 31.985877990722656 67.96247863769531 48.09869384765625 83.91958618164062
