ship 0.99908876 171.16883850097656 198.2103271484375 206.0305633544922 232.83407592773438
frog 0.99814296 80.92835998535156 203.89981079101562 106.75343322753906 230.10049438476562
ship 0.9976874 215.0257110595703 168.00042724609375 237.0875701904297 190.22381591796875
bird 0.9969648 176.947265625 114.09172058105469 215.00820922851562 151.83274841308594
frog 0.9969034 19.968734741210938 98.0599594116211 52.10032653808594 129.8546600341797
cat 0.9967444 33.78138732910156 168.94454956054688 66.09638977050781 201.17306518554688
ship 0.9962386 103.11552429199219 57.06114196777344 131.98695373535156 86.21733093261719
airplane 0.9929302 85.06600952148438 103.03055572509766 119.98335266113281 138.13108825683594
deer 0.99259454 120.05000305175781 173.03248596191406 138.90870666503906 192.04298400878906
bird 0.99180734 27.037826538085938 51.185028076171875 53.04228973388672 77.09187316894531
deer 0.9913713 3.996854782104492 206.25758361816406 42.112213134765625 244.1807403564453
bird 0.9857525 105.10176849365234 13.95744514465332 143.11822509765625 52.158790588378906
bird 0.9765271 180.05975341796875 65.0286636352539 209.09613037109375 94.0347671508789
deer 0.97097856 154.11073303222656 38.06790542602539 176.0321502685547 60.04768753051758
bird 0.9432789 140.91705322265625 171.21612548828125 166.85568237304688 197.07388305664062
truck 0.78572917 87.09662628173828 158.00514221191406 103.0671157836914 173.99855041503906
deer 0.6729332 202.8990020751953 1.8597993850708008 219.01063537597656 17.93886947631836
ship 0.42889285 87.09662628173828 158.00514221191406 103.0671157836914 173.99855041503906
automobile 0.33233762 87.09662628173828 158.00514221191406 103.0671157836914 173.99855041503906
deer 0.27979702 87.09662628173828 158.00514221191406 103.0671157836914 173.99855041503906
cat 0.22840938 203.0850830078125 1.9277057647705078 218.93344116210938 18.015823364257812
truck 0.22691771 70.90101623535156 175.00485229492188 90.21086120605469 193.98291015625
bird 0.22141084 154.34144592285156 38.13966369628906 176.1123504638672 60.07066345214844
frog 0.2189548 87.09662628173828 158.00514221191406 103.0671157836914 173.99855041503906
cat 0.20531437 87.05693054199219 157.96270751953125 103.11640930175781 174.02349853515625
