dog 0.99795824 138.14527893066406 152.10968017578125 175.9403533935547 190.05447387695312
frog 0.9978703 179.1039581298828 43.017940521240234 210.9838104248047 75.00682830810547
ship 0.99637854 214.95814514160156 114.99044036865234 234.14244079589844 134.04776000976562
dog 0.9954709 64.17921447753906 82.01950073242188 98.9691162109375 116.97073364257812
deer 0.9945954 213.29800415039062 169.13040161132812 250.8787841796875 207.02890014648438
ship 0.9928398 107.02059936523438 71.99127197265625 129.04867553710938 93.93711853027344
deer 0.9848576 156.12908935546875 208.24232482910156 185.02743530273438 237.09898376464844
cat 0.9800986 114.17190551757812 206.05416870117188 152.08926391601562 244.2137451171875
cat 0.97560155 165.01834106445312 100.092041015625 187.03866577148438 121.98161315917969
airplane 0.9618071 82.14358520507812 31.084470748901367 104.06153869628906 53.147369384765625
cat 0.95353615 14.07490062713623 103.0998764038086 35.98933410644531 125.0517807006836
airplane 0.93914294 202.01589965820312 213.09515380859375 227.873291015625 239.08786010742188
airplane 0.926406 186.1050567626953 9.055919647216797 204.9530792236328 27.931377410888672
cat 0.9099095 20.131927490234375 173.10252380371094 49.00315856933594 202.09327697753906
airplane 0.85806143 24.970855712890625 42.157318115234375 44.021240234375 61.047019958496094
deer 0.8340906 112.05704498291016 99.07315063476562 140.91787719726562 128.01036071777344
dog 0.7849869 177.14340209960938 176.23146057128906 192.91082763671875 191.89158630371094
cat 0.6931551 25.07195281982422 42.15771484375 44.04058837890625 60.938446044921875
cat 0.6581058 110.14861297607422 27.097496032714844 136.078125 53.15362548828125
truck 0.5549041 201.88290405273438 213.111572265625 228.00323486328125 239.03042602539062
airplane 0.53491205 177.131103515625 176.13458251953125 192.8173828125 191.972900390625
dog 0.49447477 112.05704498291016 99.07315063476562 140.91787719726562 128.01036071777344
truck 0.48325974 110.14861297607422 27.097496032714844 136.078125 53.15362548828125
deer 0.3824895 57.042884826660156 167.2180633544922 95.05806732177734 205.09999084472656
deer 0.35631028 186.09934997558594 9.062155723571777 204.9774627685547 27.990676879882812
automobile 0.32032847 107.16771697998047 72.1489486694336 129.07870483398438 93.7370376586914
bird 0.30879316 20.131927490234375 173.10252380371094 49.00315856933594 202.09327697753906
bird 0.29905906 164.94996643066406 100.20219421386719 186.9850616455078 121.90646362304688
frog 0.2891035 14.002243041992188 103.13372802734375 35.981781005859375 125.03909301757812
airplane 0.25919443 14.002243041992188 103.13372802734375 35.981781005859375 125.03909301757812
automobile 0.21644655 82.17271423339844 31.064006805419922 104.11679077148438 53.224185943603516
airplane 0.21554166 56.954078674316406 167.14605712890625 94.90314483642578 205.04977416992188
frog 0.21276608 110.14861297607422 27.097496032714844 136.078125 53.15362548828125
ship 0.21052766 82.21754455566406 31.19953155517578 104.06539916992188 53.17755889892578
