ship 0.9978875 99.80585479736328 135.06948852539062 121.97896575927734 156.98410034179688
ship 0.9977864 208.02386474609375 65.97384643554688 243.05377197265625 100.96205139160156
deer 0.99731207 121.04493713378906 71.03630065917969 149.6348114013672 99.93635559082031
ship 0.99536574 35.87175750732422 15.904054641723633 62.110633850097656 42.17411804199219
cat 0.99447805 82.05489349365234 10.916149139404297 110.98748016357422 39.812923431396484
frog 0.993839 184.98410034179688 16.164928436279297 220.04934692382812 50.831546783447266
bird 0.9930742 4.1505126953125 157.06507873535156 39.02326202392578 192.0358428955078
airplane 0.9922701 54.963287353515625 52.03593063354492 77.11294555664062 74.02711486816406
airplane 0.98956776 157.92794799804688 33.01921081542969 179.98129272460938 55.18072509765625
deer 0.9886961 79.0518798828125 55.01361083984375 113.92332458496094 89.94952392578125
automobile 0.9682259 145.0343017578125 179.4198455810547 163.94244384765625 198.0669403076172
bird 0.9287528 208.103515625 134.91932678222656 230.039306640625 156.9944610595703
dog 0.9065424 0.0 36.9672966003418 25.995948791503906 62.985111236572266
cat 0.8732482 72.99700164794922 92.851806640625 95.02985382080078 115.08113098144531
deer 0.84749186 79.06385803222656 203.1012725830078 107.91352844238281 232.0436553955078
airplane 0.7809689 70.09423065185547 139.9200439453125 96.05472564697266 166.29769897460938
dog 0.67908496 73.03890991210938 92.834716796875 94.96542358398438 115.13119506835938
ship 0.6676012 151.1588897705078 81.94499969482422 189.01377868652344 119.83612823486328
dog 0.6432572 208.0072021484375 134.98056030273438 230.06622314453125 157.121337890625
cat 0.60799927 148.09829711914062 212.92906188964844 182.98654174804688 248.0518341064453
cat 0.581382 207.08851623535156 195.48751831054688 242.1202850341797 230.17608642578125
bird 0.57629 151.1588897705078 81.94499969482422 189.01377868652344 119.83612823486328
bird 0.54840285 70.1955795288086 139.94186401367188 96.0013198852539 166.417724609375
airplane 0.5328584 151.05557250976562 81.8702163696289 188.994384765625 119.9230728149414
bird 0.33753526 72.90116119384766 92.93157958984375 95.03438568115234 114.99476623535156
cat 0.30825132 79.02877044677734 203.04983520507812 107.82172393798828 232.11328125
dog 0.3067 148.11131286621094 212.91305541992188 182.95753479003906 248.02752685546875
cat 0.26026112 151.1738739013672 82.12285614013672 188.7910614013672 119.7968978881836
