automobile 0.9987966 156.126220703125 3.06473445892334 182.11068725585938 28.99081802368164
automobile 0.99877024 215.0253448486328 29.05843162536621 247.04380798339844 61.102752685546875
dog 0.99838555 201.9695587158203 108.1070327758789 234.0111846923828 140.06744384765625
automobile 0.998245 24.09449005126953 11.043852806091309 55.99940490722656 42.967201232910156
frog 0.997928 126.07743835449219 25.110313415527344 151.97230529785156 51.08312225341797
airplane 0.9976585 89.04103088378906 76.16098022460938 121.14985656738281 107.98887634277344
ship 0.9966841 169.05984497070312 32.08283615112305 207.10067749023438 70.05369567871094
bird 0.9929378 166.05393981933594 140.82351684570312 192.0088653564453 167.08013916015625
cat 0.9888761 12.107732772827148 200.05728149414062 45.680084228515625 234.96731567382812
truck 0.98780954 115.98146057128906 207.0349884033203 135.05674743652344 225.92164611816406
frog 0.9818207 214.18939208984375 194.128173828125 249.09100341796875 228.94110107421875
deer 0.9768426 206.0900115966797 151.16119384765625 240.8647918701172 185.96054077148438
dog 0.9744806 173.09217834472656 203.11390686035156 204.9114532470703 235.0148162841797
dog 0.93681794 2.7543792724609375 145.84825134277344 22.00444984436035 164.9819793701172
deer 0.9083345 59.287322998046875 5.935571670532227 85.04396057128906 32.02605438232422
deer 0.65361893 88.05883026123047 171.8885498046875 103.96009063720703 188.085205078125
bird 0.6274459 154.0718536376953 101.13475036621094 191.89894104003906 139.07594299316406
deer 0.5692744 31.034221649169922 114.10555267333984 50.0125617980957 132.905029296875
ship 0.5248253 116.01869201660156 207.11099243164062 135.0175018310547 226.07241821289062
airplane 0.45814118 153.99452209472656 100.97948455810547 192.00181579589844 138.9603729248047
dog 0.45046753 31.034221649169922 114.10555267333984 50.0125617980957 132.905029296875
cat 0.41146785 153.87213134765625 101.01628112792969 191.93582153320312 139.1471710205078
ship 0.28043914 88.11624145507812 171.89854431152344 103.98606872558594 188.01918029785156
cat 0.2637778 173.13026428222656 203.04281616210938 204.88124084472656 235.13946533203125
truck 0.22982347 88.2037124633789 171.9433135986328 103.98863983154297 188.06968688964844
