ship 0.99907875 15.05374526977539 76.97197723388672 44.034305572509766 105.97798919677734
automobile 0.99814105 114.07254791259766 82.13976287841797 129.9935302734375 98.08362579345703
automobile 0.996543 172.0170135498047 68.0010757446289 206.96742248535156 102.97274017333984
deer 0.9961943 17.1033935546875 36.14448547363281 38.963645935058594 57.94496154785156
bird 0.99556303 210.07496643066406 203.03428649902344 242.0480499267578 234.98130798339844
cat 0.9952848 100.02980041503906 132.7981719970703 128.96017456054688 161.95469665527344
airplane 0.99360466 213.18087768554688 128.92904663085938 248.00274658203125 164.04608154296875
frog 0.9931519 193.0749053955078 4.082747459411621 215.0636444091797 26.034862518310547
frog 0.9914948 214.8428192138672 63.981842041015625 252.95301818847656 102.2156982421875
bird 0.9911454 84.02547454833984 115.04493713378906 99.99372100830078 130.9318084716797
deer 0.9867414 128.05374145507812 56.034114837646484 143.95993041992188 71.97547149658203
frog 0.9640033 141.2593994140625 74.9674072265625 166.84619140625 101.08169555664062
truck 0.9378053 203.2037811279297 181.12094116210938 218.9313507080078 197.08120727539062
frog 0.9307823 137.01132202148438 180.05905151367188 162.9825439453125 206.26034545898438
frog 0.9115469 154.04736328125 110.00796508789062 175.94854736328125 132.05577087402344
dog 0.8844671 88.00040435791016 187.67234802246094 125.90547943115234 226.0901641845703
deer 0.69695777 71.255126953125 26.007911682128906 109.06924438476562 64.01573181152344
deer 0.69228333 48.02499008178711 201.0096893310547 86.29005432128906 239.0215606689453
frog 0.6632619 203.19105529785156 181.2328643798828 218.99928283691406 197.1053924560547
frog 0.65509295 48.04246520996094 201.0022735595703 86.23727416992188 239.12330627441406
bird 0.61270463 137.01132202148438 180.05905151367188 162.9825439453125 206.26034545898438
automobile 0.5949589 203.2037811279297 181.12094116210938 218.9313507080078 197.08120727539062
ship 0.45438975 88.10043334960938 187.678955078125 125.95620727539062 226.04510498046875
ship 0.30629534 128.05374145507812 56.034114837646484 143.95993041992188 71.97547149658203
deer 0.3023119 203.2037811279297 181.12094116210938 218.9313507080078 197.08120727539062
cat 0.29691508 154.0955352783203 110.12681579589844 175.92002868652344 132.00961303710938
bird 0.21669939 154.0955352783203 110.12681579589844 175.92002868652344 132.00961303710938
