truck 0.99811196 65.10922241210938 206.02700805664062 94.12464904785156 234.99111938476562
ship 0.9975198 110.11050415039062 104.20889282226562 136.08197021484375 130.18983459472656
automobile 0.9968933 95.7188491821289 22.146520614624023 118.05463409423828 44.039451599121094
bird 0.99640036 186.87413024902344 143.11929321289062 218.93067932128906 175.29644775390625
deer 0.9962756 130.16171264648438 2.088735580444336 168.06048583984375 40.01203918457031
frog 0.9953098 211.0834503173828 80.08186340332031 245.98887634277344 114.94967651367188
automobile 0.9952842 28.068775177001953 19.112098693847656 50.0129508972168 41.10081481933594
dog 0.99284977 4.034181594848633 150.11480712890625 26.016366958618164 171.97393798828125
deer 0.986193 200.9823760986328 11.036290168762207 216.95774841308594 27.04061508178711
frog 0.9829893 143.09547424316406 81.03143310546875 175.0276641845703 113.13259887695312
deer 0.98015606 59.01616287231445 24.114744186401367 94.16999816894531 58.86090850830078
deer 0.9174596 185.1126708984375 36.130577087402344 217.0107421875 67.96011352539062
airplane 0.8693968 5.993135452270508 95.94254302978516 37.99664306640625 127.87030792236328
cat 0.8682301 23.078346252441406 58.986392974853516 44.89601135253906 81.06433868408203
airplane 0.74849784 187.1766357421875 177.60972595214844 218.97235107421875 209.94444274902344
deer 0.66597307 5.969351768493652 96.0047378540039 37.85589599609375 127.8276138305664
frog 0.5798843 185.1126708984375 36.130577087402344 217.0107421875 67.96011352539062
dog 0.53678066 32.096946716308594 180.99305725097656 54.04762268066406 203.08702087402344
truck 0.40444475 104.03189086914062 202.21095275878906 133.13485717773438 231.12574768066406
dog 0.3430215 104.03189086914062 202.21095275878906 133.13485717773438 231.12574768066406
ship 0.33906552 187.19741821289062 177.6143341064453 218.99868774414062 210.07276916503906
bird 0.32916707 187.0768585205078 177.6012420654297 218.84254455566406 210.1338653564453
dog 0.32164434 187.19741821289062 177.6143341064453 218.99868774414062 210.07276916503906
cat 0.2933582 32.23039627075195 181.05975341796875 54.06875228881836 203.02328491210938
bird 0.25600258 143.14715576171875 81.0322265625 174.96023559570312 113.11149597167969
airplane 0.23449185 23.152690887451172 59.0495719909668 44.96681594848633 81.09005737304688
dog 0.20547658 23.041614532470703 59.08995819091797 45.00698471069336 81.15789031982422
