frog 0.9980457 105.96104431152344 3.141861915588379 137.9074249267578 34.99395751953125
airplane 0.9962067 72.96977233886719 207.9358673095703 99.04217529296875 234.0630340576172
automobile 0.99490345 5.034770965576172 128.05368041992188 31.140090942382812 154.39303588867188
airplane 0.9933169 5.021415710449219 33.03821563720703 23.85948944091797 51.96607208251953
airplane 0.9928383 21.09166717529297 196.17530822753906 58.98297882080078 234.0308074951172
dog 0.992574 87.08541107177734 112.03052520751953 122.08536529541016 147.02804565429688
frog 0.99187243 116.14425659179688 213.27926635742188 142.01107788085938 239.14810180664062
deer 0.9701942 177.96632385253906 47.196815490722656 212.93479919433594 82.0929183959961
truck 0.96160346 150.08200073242188 201.13314819335938 175.832763671875 227.153564453125
automobile 0.93053746 147.95872497558594 49.14034652709961 166.95277404785156 67.99661254882812
airplane 0.8719286 140.9813690185547 144.99110412597656 163.04905700683594 167.11146545410156
airplane 0.80283165 214.2491455078125 55.934532165527344 242.97579956054688 85.00179290771484
frog 0.7896421 46.08153533935547 44.169532775878906 65.09456634521484 62.92809295654297
frog 0.768191 172.0687255859375 120.08563232421875 204.06130981445312 152.00042724609375
cat 0.76498824 8.919591903686523 84.05795288085938 47.136436462402344 122.08847045898438
cat 0.71798193 84.13725280761719 165.22515869140625 121.93565368652344 203.07876586914062
deer 0.6129547 84.07068634033203 164.993896484375 121.99150848388672 203.26803588867188
bird 0.61122936 207.93365478515625 107.9541015625 230.05703735351562 130.04298400878906
frog 0.60336024 8.986907958984375 84.16612243652344 46.97284698486328 122.03288269042969
cat 0.5788078 31.32094955444336 1.9685134887695312 52.84855270385742 24.004379272460938
bird 0.502832 31.32094955444336 1.9685134887695312 52.84855270385742 24.004379272460938
dog 0.4779381 31.165786743164062 1.973541259765625 53.00718688964844 24.02307891845703
ship 0.4515105 150.08200073242188 201.13314819335938 175.832763671875 227.153564453125
bird 0.43897802 171.9486541748047 120.16004180908203 203.99952697753906 152.00315856933594
automobile 0.3988294 150.08200073242188 201.13314819335938 175.832763671875 227.153564453125
ship 0.39678413 147.95872497558594 49.14034652709961 166.95277404785156 67.99661254882812
dog 0.36396232 8.884904861450195 84.44654846191406 46.576629638671875 121.73417663574219
truck 0.34408873 140.9701385498047 144.9830322265625 163.1045684814453 167.06729125976562
ship 0.2957368 172.0687255859375 120.08563232421875 204.06130981445312 152.00042724609375
dog 0.27756262 46.08153533935547 44.169532775878906 65.09456634521484 62.92809295654297
truck 0.26826578 148.00469970703125 49.177581787109375 167.015869140625 67.93861389160156
airplane 0.26548302 58.97819900512695 8.081273078918457 77.99998474121094 26.88443374633789
bird 0.26373786 177.9709930419922 47.0866813659668 212.96177673339844 81.8719482421875
dog 0.24975288 84.07068634033203 164.993896484375 121.99150848388672 203.26803588867188
truck 0.22019386 214.2491455078125 55.934532165527344 242.97579956054688 85.00179290771484
frog 0.20293573 141.0523223876953 144.95733642578125 162.9824676513672 166.9549560546875
