dog 0.99841046 104.96758270263672 95.0438232421875 131.108642578125 121.21923828125
bird 0.9979031 61.06930160522461 196.11585998535156 83.05648803710938 218.0470733642578
ship 0.9971132 141.98138427734375 147.1980438232422 171.09613037109375 175.98753356933594
bird 0.99590033 44.15606689453125 115.21892547607422 75.96897888183594 147.30496215820312
ship 0.99581325 144.88827514648438 194.97840881347656 166.979248046875 217.04835510253906
automobile 0.99550855 190.8985137939453 91.04512786865234 217.04673767089844 117.20189666748047
airplane 0.9943213 94.02364349365234 166.0781707763672 132.0692596435547 204.0021514892578
airplane 0.9921506 27.215892791748047 212.1802978515625 59.146976470947266 243.99859619140625
deer 0.98098683 10.013162612915039 16.111345291137695 45.097984313964844 51.228660583496094
airplane 0.9781777 87.18888854980469 112.82865905761719 103.01980590820312 129.01004028320312
truck 0.97356236 103.88152313232422 133.10073852539062 126.15421295166016 155.17779541015625
airplane 0.9462604 200.97862243652344 198.05560302734375 226.96482849121094 224.10476684570312
deer 0.9420011 5.085117340087891 70.92310333251953 24.031639099121094 90.13446807861328
cat 0.91040283 66.9285888671875 60.01156234741211 86.00942993164062 78.95770263671875
deer 0.8388685 96.97688293457031 27.212364196777344 116.02009582519531 46.09086608886719
dog 0.7812376 197.0814208984375 18.21632957458496 228.92474365234375 50.040199279785156
cat 0.7771678 197.04031372070312 18.288633346557617 228.888671875 49.99232482910156
cat 0.7744935 25.064226150512695 159.31411743164062 56.96300506591797 190.94308471679688
cat 0.7698337 154.0917205810547 53.98066329956055 189.1467742919922 88.99034118652344
bird 0.6157326 177.17532348632812 167.95785522460938 205.87551879882812 196.87017822265625
dog 0.52607554 154.06385803222656 53.954010009765625 189.10252380371094 88.86154174804688
dog 0.42930552 66.98030090332031 60.05778884887695 86.03060913085938 78.98124694824219
bird 0.29061568 200.99615478515625 198.07530212402344 226.88809204101562 224.0895233154297
ship 0.2833246 87.13417053222656 112.75042724609375 103.11752319335938 128.93507385253906
automobile 0.24857879 103.8360824584961 133.15530395507812 125.98889923095703 154.98626708984375
automobile 0.23122665 144.92213439941406 195.04766845703125 166.9940948486328 217.08984375
