ship 0.99867105 138.98721313476562 102.232177734375 174.07571411132812 137.1404571533203
cat 0.998207 104.10431671142578 10.88538646697998 132.99356079101562 40.12223434448242
dog 0.997515 156.96885681152344 42.03276443481445 189.11415100097656 73.95088195800781
airplane 0.9970162 205.06663513183594 64.06495666503906 236.99391174316406 96.09284973144531
airplane 0.99680865 19.198402404785156 147.267822265625 48.07256317138672 176.06039428710938
ship 0.9896246 82.10240936279297 170.08493041992188 101.00481414794922 188.94732666015625
automobile 0.98219526 16.966106414794922 50.087867736816406 39.1651496887207 71.97319793701172
airplane 0.9691044 127.04057312011719 67.06544494628906 155.97203063964844 96.18515014648438
dog 0.9577328 116.07571411132812 177.05337524414062 154.08126831054688 214.99771118164062
frog 0.9464569 167.9033203125 178.11952209472656 197.1219482421875 207.07093811035156
truck 0.9405267 126.89691925048828 138.9752655029297 153.01861572265625 164.96913146972656
deer 0.9053112 32.018985748291016 199.21031188964844 60.986698150634766 228.11338806152344
truck 0.8441168 85.05779266357422 101.15971374511719 119.93468475341797 135.98724365234375
bird 0.83559597 181.0258331298828 113.12910461425781 218.8405303955078 151.09812927246094
ship 0.8340629 93.00886535644531 194.00051879882812 112.03341674804688 213.03216552734375
frog 0.81723166 46.133148193359375 8.980606079101562 67.97313690185547 31.25011444091797
airplane 0.78133726 28.106552124023438 101.0091323852539 66.06680297851562 138.90415954589844
truck 0.778936 72.04137420654297 214.04331970214844 94.06922149658203 235.9953155517578
truck 0.72786325 28.054513931274414 101.0901870727539 66.03167724609375 139.05889892578125
dog 0.63790786 46.05874252319336 9.068330764770508 67.96891784667969 31.014951705932617
truck 0.5830486 93.05506134033203 194.06790161132812 111.9472427368164 212.98165893554688
automobile 0.5606734 84.99568176269531 101.17833709716797 119.86595153808594 136.0169219970703
dog 0.5296463 181.0024871826172 113.06047058105469 218.88670349121094 150.9660186767578
automobile 0.49895394 93.05506134033203 194.06790161132812 111.9472427368164 212.98165893554688
bird 0.36960638 46.11717987060547 9.09577465057373 67.99092102050781 31.167335510253906
deer 0.36068565 72.04137420654297 214.04331970214844 94.06922149658203 235.9953155517578
dog 0.35672247 32.018985748291016 199.21031188964844 60.986698150634766 228.11338806152344
ship 0.34847337 127.04057312011719 67.06544494628906 155.97203063964844 96.18515014648438
ship 0.2627092 28.106552124023438 101.0091323852539 66.06680297851562 138.90415954589844
frog 0.23490047 83.08564758300781 61.11571502685547 101.88482666015625 79.99085235595703
bird 0.21638575 116.07571411132812 177.05337524414062 154.08126831054688 214.99771118164062
cat 0.20107219 167.96363830566406 178.008056640625 197.0412139892578 207.02188110351562
