truck 0.9981915 64.97196960449219 122.11954498291016 94.05802917480469 151.0341033935547
cat 0.9964965 156.2614288330078 13.02511978149414 188.06492614746094 45.09940719604492
automobile 0.9964107 174.05450439453125 47.873165130615234 206.1566162109375 79.87632751464844
bird 0.99598706 196.1239471435547 18.08547592163086 225.0297393798828 46.90158462524414
truck 0.9956085 186.03196716308594 163.07437133789062 214.9739227294922 192.05160522460938
ship 0.9952868 132.93527221679688 77.96086883544922 149.08932495117188 94.15650177001953
dog 0.9942272 27.118988037109375 162.06661987304688 64.89119720458984 200.06704711914062
frog 0.9896008 168.08499145507812 211.1626739501953 193.88037109375 237.0638885498047
automobile 0.9761896 0.0 179.02261352539062 16.017681121826172 195.03070068359375
cat 0.9585998 147.8053436279297 55.888187408447266 170.07838439941406 74.9029769897461
automobile 0.95423317 148.934326171875 102.1304702758789 177.93756103515625 131.3323974609375
deer 0.95419455 27.967681884765625 23.85372543334961 44.023902893066406 40.03251647949219
bird 0.94384956 115.01654815673828 135.01470947265625 147.14480590820312 167.04788208007812
airplane 0.8701558 214.0340576171875 197.07192993164062 252.0887451171875 234.887939453125
airplane 0.80469096 27.967681884765625 23.85372543334961 44.023902893066406 40.03251647949219
frog 0.7471098 12.395787239074707 116.63026428222656 43.52421951293945 142.8819122314453
frog 0.6989879 102.1317367553711 207.2222442626953 129.4268798828125 232.98374938964844
dog 0.6050085 89.8721694946289 42.3155517578125 106.09711456298828 55.47394561767578
bird 0.57966125 102.1317367553711 207.2222442626953 129.4268798828125 232.98374938964844
truck 0.45320928 12.395787239074707 116.63026428222656 43.52421951293945 142.8819122314453
dog 0.44480312 114.97344970703125 135.0714569091797 147.0438232421875 167.20445251464844
truck 0.41963497 149.102294921875 102.0412826538086 177.89752197265625 131.31687927246094
truck 0.32336676 132.97572326660156 78.04637908935547 149.0742950439453 94.08878326416016
cat 0.29034835 114.97266387939453 134.98385620117188 147.15493774414062 167.14193725585938
truck 0.28559613 214.1944122314453 197.44931030273438 253.1103973388672 235.44134521484375
deer 0.27113706 89.8721694946289 42.3155517578125 106.09711456298828 55.47394561767578
truck 0.25942582 89.93867492675781 42.325164794921875 106.20710754394531 55.416786193847656
ship 0.23453942 147.8053436279297 55.888187408447266 170.07838439941406 74.9029769897461
ship 0.20589644 27.97976303100586 23.90622329711914 44.01539993286133 40.04685592651367
