truck 0.99860585 163.91661071777344 170.1158447265625 193.0934600830078 199.098388671875
automobile 0.9969416 120.87150573730469 185.95529174804688 156.11097717285156 221.10250854492188
deer 0.99623346 61.16371154785156 7.123395919799805 89.83580017089844 35.78526306152344
bird 0.9956821 43.07249069213867 213.08558654785156 65.03192138671875 235.09620666503906
deer 0.9929782 114.03883361816406 61.06224060058594 151.98545837402344 98.96528625488281
cat 0.9866442 158.19467163085938 28.249160766601562 195.67263793945312 65.99382781982422
dog 0.9852224 42.03668212890625 183.15011596679688 70.7396469116211 211.88150024414062
cat 0.9838084 158.14309692382812 103.0367660522461 183.56857299804688 129.07398986816406
frog 0.98224515 66.03496551513672 76.09315490722656 88.05533599853516 98.185791015625
dog 0.9716567 197.1968536376953 48.95492935180664 235.12281799316406 86.79450988769531
bird 0.9477631 208.00718688964844 209.0902557373047 246.0355987548828 246.9535675048828
bird 0.9464141 15.100639343261719 13.099919319152832 36.729461669921875 35.042930603027344
deer 0.9243525 91.07986450195312 13.937469482421875 110.07868957519531 33.131317138671875
automobile 0.8855183 119.15985870361328 102.19279479980469 138.12074279785156 121.00108337402344
bird 0.88549757 82.04253387451172 202.94007873535156 111.06517791748047 231.8480987548828
automobile 0.8839617 185.4093780517578 97.98079681396484 207.0463104248047 119.90515899658203
airplane 0.8716895 112.93869018554688 145.16661071777344 148.07760620117188 180.0261993408203
airplane 0.6085809 119.15985870361328 102.19279479980469 138.12074279785156 121.00108337402344
bird 0.5342154 197.09814453125 49.058128356933594 235.12088012695312 86.79232025146484
truck 0.4813423 81.9693374633789 202.9630889892578 110.99547576904297 231.8745574951172
dog 0.40461808 185.4093780517578 97.98079681396484 207.0463104248047 119.90515899658203
deer 0.3243971 15.037755966186523 13.148771286010742 36.82488250732422 35.01994323730469
deer 0.28449863 208.1319122314453 209.0096435546875 246.36961364746094 246.84036254882812
truck 0.23493582 185.2368927001953 97.88136291503906 206.9224090576172 119.992431640625
deer 0.20945755 202.05213928222656 19.919998168945312 223.8579559326172 42.30759048461914
