airplane 0.9976245 166.06222534179688 13.80336856842041 194.81686401367188 42.85480880737305
truck 0.9970778 19.019248962402344 37.947052001953125 50.65916442871094 70.06636047363281
airplane 0.99678504 51.88545227050781 25.925569534301758 84.13099670410156 58.01213073730469
ship 0.9958285 109.93998718261719 157.9076690673828 147.9521942138672 195.91905212402344
deer 0.99069 55.05397415161133 68.01106262207031 83.97947692871094 96.99076843261719
cat 0.9881814 102.08648681640625 9.089070320129395 124.08030700683594 31.079566955566406
ship 0.98730254 149.00218200683594 180.1876678466797 183.70445251464844 214.8327178955078
deer 0.9854574 81.09980010986328 198.88067626953125 113.05023956298828 230.92208862304688
frog 0.9835977 7.974921226501465 112.13346099853516 30.039161682128906 133.99392700195312
automobile 0.9796806 208.0349884033203 88.99897003173828 227.0075225830078 108.0425796508789
airplane 0.89897746 186.8839111328125 181.96397399902344 221.95700073242188 216.9853057861328
airplane 0.8789274 139.97023010253906 120.03569030761719 155.9049530029297 136.01747131347656
dog 0.8028989 202.12762451171875 8.03274154663086 218.026123046875 23.95063591003418
cat 0.63137215 202.10581970214844 8.07925796508789 218.02842712402344 23.934833526611328
truck 0.62430423 149.0969696044922 81.09810638427734 168.0416717529297 99.8675765991211
automobile 0.57457185 149.02452087402344 81.0906753540039 168.0296173095703 99.86270904541016
cat 0.57450676 139.97023010253906 120.03569030761719 155.9049530029297 136.01747131347656
cat 0.53265065 154.10671997070312 140.05038452148438 192.25454711914062 177.69235229492188
frog 0.44096914 149.08824157714844 81.1319351196289 168.0008087158203 99.92696380615234
deer 0.41040316 202.10581970214844 8.07925796508789 218.02842712402344 23.934833526611328
cat 0.40709296 103.26178741455078 128.19883728027344 122.08341217041016 147.0312957763672
dog 0.37702468 103.25090026855469 128.08209228515625 122.07142639160156 146.915771484375
dog 0.32057983 7.852474212646484 112.24612426757812 29.96704864501953 134.06492614746094
airplane 0.29970914 47.19752502441406 132.98385620117188 69.00773620605469 155.11465454101562
frog 0.29541346 154.10671997070312 140.05038452148438 192.25454711914062 177.69235229492188
ship 0.27127302 139.97023010253906 120.03569030761719 155.9049530029297 136.01747131347656
bird 0.25857437 154.10671997070312 140.05038452148438 192.25454711914062 177.69235229492188
dog 0.23397368 154.10671997070312 140.05038452148438 192.25454711914062 177.69235229492188
ship 0.21412918 207.9807891845703 89.07215118408203 227.00108337402344 108.06307220458984
ship 0.20754385 186.73294067382812 181.83180236816406 221.93942260742188 217.06150817871094
