airplane 0.9981087 6.09706974029541 138.109375 35.012290954589844 166.9517822265625
bird 0.99773437 92.0843505859375 171.807861328125 118.07485961914062 198.03582763671875
automobile 0.99733555 184.11654663085938 5.17548942565918 219.03549194335938 39.858436584472656
frog 0.99704397 123.0866470336914 119.13163757324219 145.07931518554688 140.9567413330078
automobile 0.9965868 51.994407653808594 170.10450744628906 90.16539764404297 207.79322814941406
truck 0.9964116 120.78793334960938 72.96550750732422 150.2081298828125 102.01136016845703
truck 0.99547756 16.949827194213867 186.10321044921875 36.04438781738281 205.10247802734375
frog 0.994041 115.0020751953125 200.8651885986328 152.87796020507812 239.01597595214844
deer 0.9929067 214.9641876220703 190.08335876464844 252.90562438964844 227.88304138183594
airplane 0.99260294 134.12728881835938 162.90484619140625 156.10858154296875 184.95785522460938
truck 0.99248755 100.89368438720703 17.114456176757812 129.95687866210938 45.96564483642578
automobile 0.98976386 30.054340362548828 83.05634307861328 48.94094467163086 101.98233795166016
frog 0.9851634 40.07612228393555 120.061279296875 59.1204948425293 139.12118530273438
cat 0.96021986 151.0816650390625 48.43511199951172 180.22976684570312 77.07756805419922
automobile 0.92542994 83.18431091308594 65.18998718261719 102.01065063476562 83.97514343261719
frog 0.87723434 11.071878433227539 102.0355224609375 27.08220100402832 118.08175659179688
ship 0.7458829 159.8477783203125 147.0834197998047 198.01934814453125 184.97767639160156
ship 0.7059924 169.12286376953125 215.02804565429688 194.89007568359375 239.38009643554688
truck 0.7014003 109.03759002685547 53.05207824707031 125.13761138916016 69.05424499511719
automobile 0.6964416 109.03759002685547 53.05207824707031 125.13761138916016 69.05424499511719
airplane 0.5842727 109.04463195800781 53.054141998291016 125.09403991699219 69.15861511230469
automobile 0.52385914 168.9817657470703 212.7369384765625 195.67543029785156 239.63223266601562
airplane 0.3352941 159.8310546875 147.01498413085938 198.02963256835938 185.01901245117188
ship 0.29769078 109.03759002685547 53.05207824707031 125.13761138916016 69.05424499511719
truck 0.22591066 11.071878433227539 102.0355224609375 27.08220100402832 118.08175659179688
dog 0.21832317 151.25025939941406 48.50947570800781 180.16160583496094 77.05335235595703
bird 0.21752527 169.2109832763672 213.21678161621094 195.35838317871094 239.43495178222656
deer 0.20988613 11.087100982666016 102.09938049316406 27.050575256347656 118.06373596191406
cat 0.2073377 11.094619750976562 102.0432357788086 27.024513244628906 118.06063079833984
