frog 0.99890876 93.15060424804688 194.10733032226562 124.81027221679688 225.96304321289062
truck 0.99786496 4.994359970092773 199.0531005859375 37.113494873046875 231.02322387695312
dog 0.99733067 98.08964538574219 87.19309997558594 136.01953125 125.26341247558594
dog 0.99646366 149.04676818847656 176.92013549804688 165.03236389160156 193.03900146484375
automobile 0.9936588 6.018915176391602 115.20231628417969 24.665502548217773 134.0294952392578
airplane 0.9905084 157.06784057617188 209.92942810058594 179.05267333984375 232.01490783691406
cat 0.9881226 107.12982177734375 130.91993713378906 141.88357543945312 166.0946502685547
automobile 0.9876921 60.00173568725586 32.05158996582031 79.0201416015625 51.02245330810547
deer 0.97804785 194.93392944335938 23.9149227142334 232.95791625976562 61.92076873779297
truck 0.97541034 95.1985092163086 30.11304473876953 116.99869537353516 51.98383331298828
frog 0.9598665 170.14508056640625 82.1957015991211 188.974853515625 100.91387176513672
truck 0.90174544 211.0692138671875 77.04606628417969 232.93341064453125 99.205322265625
frog 0.90036297 77.0821533203125 115.52452850341797 92.97659301757812 132.01785278320312
ship 0.8338492 23.075193405151367 70.1051254272461 48.93022155761719 96.01313018798828
deer 0.8237345 71.99429321289062 156.00399780273438 88.02033996582031 172.06747436523438
bird 0.79361063 171.23403930664062 140.08702087402344 202.87844848632812 172.04420471191406
bird 0.7227095 72.07916259765625 156.021728515625 87.99589538574219 172.02072143554688
cat 0.72111034 57.06431198120117 99.00021362304688 75.95706176757812 118.07716369628906
truck 0.6672403 38.97419738769531 179.846435546875 77.1292495727539 218.00128173828125
frog 0.5249724 26.019378662109375 109.1658935546875 47.87708282470703 131.16744995117188
automobile 0.52266806 211.01512145996094 77.15512084960938 232.85670471191406 99.17567443847656
deer 0.49443436 170.14508056640625 82.1957015991211 188.974853515625 100.91387176513672
cat 0.42503917 72.06111907958984 156.00567626953125 88.00568389892578 171.958740234375
dog 0.39804286 26.18175506591797 109.11370849609375 47.91504669189453 131.18963623046875
airplane 0.36538938 171.23403930664062 140.08702087402344 202.87844848632812 172.04420471191406
bird 0.35238263 57.063148498535156 99.08432006835938 76.0661849975586 118.00630187988281
automobile 0.34399635 26.17428970336914 109.1251220703125 48.10622787475586 131.20350646972656
ship 0.3214442 72.06111907958984 156.00567626953125 88.00568389892578 171.958740234375
ship 0.27574408 57.10592269897461 99.01129913330078 76.07129669189453 118.07862091064453
cat 0.24197769 171.30615234375 140.02806091308594 202.92245483398438 172.0237274169922
bird 0.23160467 23.00924301147461 70.08275604248047 48.94460678100586 95.94837188720703
bird 0.23040193 26.035131454467773 109.08908081054688 47.991729736328125 131.02980041503906
ship 0.22409478 148.9915008544922 176.92958068847656 165.0766143798828 193.0093231201172
frog 0.21378317 57.063148498535156 99.08432006835938 76.0661849975586 118.00630187988281
cat 0.21183658 170.14508056640625 82.1957015991211 188.974853515625 100.91387176513672
