ship 0.99878335 161.0064697265625 162.05760192871094 177.00714111328125 178.0230255126953
bird 0.99839807 137.13465881347656 47.270755767822266 166.12522888183594 75.9634780883789
frog 0.9982289 118.99593353271484 140.23257446289062 151.03173828125 172.05709838867188
frog 0.99766815 181.89752197265625 150.78652954101562 211.07028198242188 180.0758056640625
cat 0.9973612 116.0243911743164 9.14066219329834 148.1133575439453 41.09035110473633
automobile 0.9960997 186.9940948486328 41.36370849609375 222.0189666748047 76.0002670288086
bird 0.9960854 147.99868774414062 197.16461181640625 185.97616577148438 234.91604614257812
airplane 0.9957005 1.8094263076782227 105.11538696289062 31.157642364501953 134.05477905273438
dog 0.99348104 36.054019927978516 26.120527267456055 65.18050384521484 55.010162353515625
deer 0.992998 48.07514190673828 77.22705078125 63.97270202636719 92.99702453613281
deer 0.99193287 194.11843872070312 209.9525146484375 219.94473266601562 236.0802001953125
cat 0.99156183 149.91647338867188 11.025341033935547 184.94760131835938 46.1431884765625
airplane 0.98193824 30.038728713989258 152.19375610351562 67.94084167480469 189.67288208007812
frog 0.97667897 179.0373992919922 104.0292739868164 198.0565643310547 123.12383270263672
ship 0.9638026 121.047119140625 93.98764038085938 156.00567626953125 128.93016052246094
bird 0.9540583 18.074726104736328 59.02328872680664 36.991031646728516 77.98125457763672
cat 0.95071864 100.05015563964844 177.94224548339844 119.19259643554688 197.0861358642578
airplane 0.9288347 212.01263427734375 17.110595703125 228.03460693359375 33.04524230957031
automobile 0.83065474 24.09620475769043 191.2372589111328 43.02412414550781 209.8528289794922
truck 0.545765 24.082374572753906 191.13133239746094 42.919334411621094 209.89659118652344
airplane 0.37796098 24.09620475769043 191.2372589111328 43.02412414550781 209.8528289794922
ship 0.3181435 211.94137573242188 17.160417556762695 227.91299438476562 33.04140853881836
deer 0.2979429 18.061359405517578 58.929954528808594 36.98271560668945 77.9549331665039
deer 0.28215063 211.94137573242188 17.160417556762695 227.91299438476562 33.04140853881836
bird 0.2482943 212.01263427734375 17.110595703125 228.03460693359375 33.04524230957031
truck 0.2408948 99.97832489013672 177.91136169433594 119.16846466064453 197.09300231933594
