airplane 0.99950016 144.07919311523438 12.969121932983398 172.75839233398438 42.25709533691406
truck 0.99634516 68.06733703613281 180.05477905273438 106.06388854980469 217.99148559570312
frog 0.99446714 57.02793884277344 70.03392028808594 82.88639831542969 95.9598388671875
frog 0.9906051 149.1477508544922 134.0283660888672 184.0251007080078 168.9897918701172
bird 0.98526746 89.0732192993164 27.146095275878906 111.05158233642578 48.99604034423828
truck 0.98424584 15.120984077453613 29.196517944335938 47.09561538696289 60.997459411621094
deer 0.98402363 215.01307678222656 133.99667358398438 249.96522521972656 169.16378784179688
bird 0.98098344 173.94775390625 9.19284439086914 208.873291015625 43.844120025634766
ship 0.9756093 213.8916015625 57.83015823364258 249.021728515625 93.05885314941406
dog 0.9750447 129.15965270996094 53.04679870605469 163.7590789794922 87.90922546386719
bird 0.95864403 159.0043182373047 199.1057891845703 193.93006896972656 233.8807830810547
deer 0.9563434 199.9248046875 114.08866882324219 215.97064208984375 129.96771240234375
bird 0.9414344 18.15860366821289 72.33916473388672 47.07584762573242 100.97090911865234
cat 0.9366451 115.07028198242188 193.83001708984375 133.2506561279297 213.98294067382812
airplane 0.9061084 140.0203094482422 90.09158325195312 158.8164825439453 109.15390014648438
cat 0.73352975 7.029890060424805 115.08189392089844 39.13172912597656 147.1993865966797
deer 0.6371447 32.13042068481445 166.0615234375 47.97701644897461 182.08395385742188
frog 0.62046385 41.92939758300781 130.19869995117188 60.970184326171875 149.09210205078125
cat 0.6037533 160.1138153076172 100.13921356201172 182.08885192871094 121.9850082397461
bird 0.5293355 32.09331512451172 166.03892517089844 48.02348327636719 182.0740509033203
frog 0.5168772 160.0390167236328 100.19651794433594 182.0633087158203 121.95465087890625
automobile 0.48822454 41.94904327392578 130.1124267578125 60.923072814941406 149.05780029296875
frog 0.41602108 15.092845916748047 29.175403594970703 47.105960845947266 61.03250503540039
dog 0.40339792 41.92939758300781 130.19869995117188 60.970184326171875 149.09210205078125
deer 0.39030164 41.92939758300781 130.19869995117188 60.970184326171875 149.09210205078125
ship 0.37407354 199.9248046875 114.08866882324219 215.97064208984375 129.96771240234375
bird 0.3405686 41.92939758300781 130.19869995117188 60.970184326171875 149.09210205078125
dog 0.31447348 199.9248046875 114.08866882324219 215.97064208984375 129.96771240234375
deer 0.29284146 18.15860366821289 72.33916473388672 47.07584762573242 100.97090911865234
deer 0.2741907 160.251220703125 100.27798461914062 182.24398803710938 121.93305969238281
bird 0.25902045 160.0390167236328 100.19651794433594 182.0633087158203 121.95465087890625
frog 0.22460645 6.974603652954102 114.91958618164062 39.163002014160156 147.13931274414062
automobile 0.21082816 15.092845916748047 29.175403594970703 47.105960845947266 61.03250503540039
