ship 0.9987972 177.07167053222656 111.06163024902344 205.9465789794922 139.9259796142578
truck 0.99796194 70.00892639160156 138.02975463867188 99.11308288574219 167.21615600585938
dog 0.9959792 41.994651794433594 82.9006576538086 58.09931182861328 99.12686920166016
automobile 0.9959314 63.956504821777344 89.92484283447266 96.25382232666016 121.97821807861328
truck 0.9948928 140.98678588867188 97.05973815917969 160.03045654296875 116.03001403808594
truck 0.9940487 140.07150268554688 44.902008056640625 171.92626953125 77.0897216796875
automobile 0.9931985 69.97012329101562 210.8521270751953 99.09188842773438 239.9042205810547
frog 0.9919705 115.16044616699219 123.33921813964844 141.02842712402344 149.13026428222656
airplane 0.9904585 112.98247528076172 77.10491180419922 134.987548828125 99.0832748413086
frog 0.9903153 165.9373779296875 24.988327026367188 185.09170532226562 43.91950988769531
deer 0.9880904 0.9518604278564453 114.08454895019531 38.932212829589844 151.86024475097656
airplane 0.9870053 136.19369506835938 188.10716247558594 170.9359130859375 223.02171325683594
dog 0.9783592 206.0458526611328 26.027114868164062 238.0201873779297 58.002479553222656
automobile 0.9765316 43.98264694213867 173.18797302246094 78.99090576171875 207.99192810058594
dog 0.97650814 186.19650268554688 165.9238739013672 212.06988525390625 191.96360778808594
frog 0.9119916 211.07534790039062 119.1920166015625 236.9039306640625 145.06121826171875
ship 0.7411751 36.52507019042969 10.405712127685547 74.01130676269531 47.9608268737793
airplane 0.553246 36.027442932128906 10.039447784423828 74.08213806152344 47.708526611328125
cat 0.33201325 133.0574188232422 13.879395484924316 158.9596710205078 40.170372009277344
airplane 0.29687405 44.06385803222656 173.0985107421875 79.08147430419922 208.06060791015625
deer 0.26702228 133.1040802001953 13.919535636901855 158.72813415527344 40.09500503540039
