ship 0.9987123 124.0127182006836 152.02682495117188 150.036376953125 178.11810302734375
ship 0.9982572 197.0929412841797 3.055877685546875 215.92637634277344 22.11801528930664
frog 0.99563944 196.08706665039062 103.95460510253906 234.07449340820312 142.1780548095703
truck 0.9951894 10.081549644470215 205.16607666015625 41.94823455810547 237.21969604492188
bird 0.99508536 200.89401245117188 51.71728515625 239.029296875 90.16539001464844
airplane 0.9859197 207.1190643310547 23.93789291381836 232.87278747558594 50.19089889526367
truck 0.9853199 86.17293548583984 88.99894714355469 118.03763580322266 121.15589904785156
dog 0.96539927 41.1881217956543 77.09599304199219 67.10392761230469 103.04010009765625
frog 0.9634895 52.03695297241211 55.15621566772461 68.10399627685547 70.96694946289062
truck 0.88653636 84.06851959228516 8.095091819763184 113.01166534423828 36.99779510498047
dog 0.8790712 160.2400665283203 172.10928344726562 178.9945831298828 190.95281982421875
deer 0.87203825 130.088134765625 125.99494171142578 149.02108764648438 145.01458740234375
frog 0.781103 26.006240844726562 41.92831039428711 45.04541778564453 61.03458786010742
dog 0.6862953 6.982145309448242 149.52072143554688 44.83734893798828 188.04885864257812
dog 0.6706005 43.328433990478516 189.97586059570312 75.34657287597656 221.94442749023438
dog 0.5534204 55.089202880859375 115.04376220703125 74.02584838867188 133.913818359375
bird 0.5503021 55.10306167602539 115.08708953857422 73.97976684570312 133.9082794189453
cat 0.53210676 7.077802658081055 149.6666259765625 44.823509216308594 188.06759643554688
ship 0.43207675 84.06851959228516 8.095091819763184 113.01166534423828 36.99779510498047
bird 0.35362 131.92019653320312 19.38892936706543 161.05072021484375 47.960540771484375
frog 0.34294865 160.13998413085938 172.02723693847656 178.99630737304688 190.85093688964844
deer 0.3239754 26.042545318603516 42.00700378417969 45.049808502197266 61.00627136230469
cat 0.32112807 131.89463806152344 19.328636169433594 160.92283630371094 48.18058776855469
cat 0.3174706 43.379791259765625 190.38392639160156 75.37547302246094 221.99391174316406
cat 0.29836488 52.00721740722656 55.14886474609375 67.99271392822266 71.01355743408203
deer 0.23909143 131.89927673339844 19.372995376586914 160.9768829345703 47.98564910888672
cat 0.23321557 160.13998413085938 172.02723693847656 178.99630737304688 190.85093688964844
automobile 0.23251393 86.06417846679688 88.97840881347656 117.9906005859375 121.05679321289062
deer 0.22346985 52.00721740722656 55.14886474609375 67.99271392822266 71.01355743408203
truck 0.21605399 52.00721740722656 55.14886474609375 67.99271392822266 71.01355743408203
cat 0.21524107 41.1881217956543 77.09599304199219 67.10392761230469 103.04010009765625
