automobile 0.99812865 60.009952545166016 203.2122039794922 89.10548400878906 231.95457458496094
bird 0.9981272 99.0704116821289 80.7126235961914 127.92098236083984 110.05792999267578
automobile 0.9981067 195.0172119140625 83.10629272460938 217.08682250976562 105.06201171875
ship 0.9978881 85.1192855834961 43.08470153808594 119.95977020263672 77.96648406982422
airplane 0.9917385 209.08399963378906 206.107421875 244.0780487060547 241.07858276367188
bird 0.9892306 149.242431640625 141.9215087890625 174.7747802734375 168.06475830078125
deer 0.98895186 95.07738494873047 211.20263671875 120.97591400146484 237.19912719726562
truck 0.98763466 127.09049987792969 209.85252380371094 153.05934143066406 236.0425262451172
dog 0.9871049 191.97821044921875 130.0650634765625 230.00851440429688 167.99639892578125
frog 0.9850244 160.13705444335938 6.1621198654174805 192.03225708007812 37.918094635009766
truck 0.9825506 50.095916748046875 96.18939208984375 82.08712768554688 128.20938110351562
bird 0.9743217 178.05984497070312 172.99073791503906 194.00723266601562 189.0887908935547
deer 0.95181906 124.01763153076172 142.1428680419922 142.95089721679688 161.02284240722656
truck 0.90084165 32.04481887817383 214.06163024902344 50.9417839050293 233.0060577392578
ship 0.87916815 141.0648651123047 58.07208251953125 178.9348602294922 95.77041625976562
bird 0.7881575 200.90182495117188 49.08403778076172 222.97280883789062 71.06192016601562
frog 0.7803076 83.0303955078125 127.06319427490234 115.02911376953125 159.00259399414062
airplane 0.77791893 36.9897575378418 12.087909698486328 74.95663452148438 49.9362907409668
airplane 0.72959465 200.9911651611328 49.06098937988281 223.1564483642578 71.04698944091797
bird 0.7213551 163.81484985351562 112.07634735107422 189.850341796875 138.116943359375
cat 0.7076803 37.102447509765625 12.122909545898438 74.89241790771484 50.004425048828125
ship 0.25015506 37.11412811279297 12.095743179321289 75.06800079345703 50.0816650390625
automobile 0.24676749 32.05860900878906 214.08328247070312 50.98310852050781 232.94766235351562
airplane 0.23645943 140.99496459960938 58.10393524169922 179.0474853515625 95.8022232055664
deer 0.22922912 163.81484985351562 112.07634735107422 189.850341796875 138.116943359375
truck 0.21677604 163.81484985351562 112.07634735107422 189.850341796875 138.116943359375
