ship 0.99879247 120.28868103027344 83.94068908691406 148.8188018798828 112.9764404296875
ship 0.9986916 99.05014038085938 18.031692504882812 127.89424133300781 46.950965881347656
bird 0.99813247 57.206356048583984 156.15928649902344 89.07241821289062 188.18055725097656
automobile 0.99740976 70.04348754882812 24.216495513916016 88.94451904296875 42.9798698425293
automobile 0.99739015 81.06103515625 188.9358673095703 107.04367065429688 215.04649353027344
automobile 0.9970111 210.92262268066406 127.22655487060547 246.08238220214844 162.02894592285156
frog 0.9963862 31.118515014648438 208.19573974609375 63.02558898925781 239.823974609375
bird 0.9963662 117.10552215576172 136.2248992919922 155.22079467773438 173.9293975830078
truck 0.99596715 141.90565490722656 6.113775253295898 179.9653778076172 43.940711975097656
automobile 0.9956648 4.998459815979004 155.1096954345703 23.891738891601562 173.94114685058594
dog 0.98940206 29.037456512451172 118.01992797851562 51.00693893432617 140.06805419921875
truck 0.9866049 70.0652847290039 75.06787109375 95.9221420288086 101.08444213867188
bird 0.9514142 165.07684326171875 104.02470397949219 202.91650390625 141.96961975097656
deer 0.9173868 146.04148864746094 61.104156494140625 165.0507049560547 79.95622253417969
ship 0.91708577 200.00979614257812 60.999183654785156 222.05270385742188 82.98950958251953
deer 0.9144071 215.1510009765625 190.98275756835938 241.0042724609375 217.00418090820312
dog 0.90752023 12.2109375 55.0497932434082 46.96501159667969 90.04736328125
dog 0.71045303 21.10042953491211 184.1058349609375 43.086856842041016 205.98345947265625
cat 0.55003047 12.277320861816406 55.12571716308594 46.96220397949219 90.04069519042969
cat 0.48039725 159.04129028320312 193.07315063476562 178.0311279296875 212.0106201171875
cat 0.43679458 21.04357147216797 184.07972717285156 43.01964569091797 206.1865692138672
deer 0.40316913 199.9842529296875 61.04566955566406 222.01278686523438 83.12710571289062
cat 0.3644467 164.93356323242188 103.95632934570312 202.91741943359375 142.01016235351562
frog 0.25117704 159.05514526367188 193.13307189941406 177.99081420898438 211.9330291748047
airplane 0.2087647 200.00108337402344 61.0655517578125 222.1079559326172 83.05941772460938
truck 0.20415118 157.14308166503906 163.11871337890625 175.8986358642578 181.96234130859375
