automobile 0.9985354 155.08468627929688 173.2007293701172 184.1602783203125 202.0597381591797
truck 0.9976797 78.96415710449219 10.92948055267334 95.022216796875 27.167179107666016
airplane 0.9971783 21.930736541748047 17.230724334716797 51.074405670166016 45.910133361816406
airplane 0.99701166 206.985107421875 192.92916870117188 222.99478149414062 209.13912963867188
truck 0.99514675 0.0 150.9946746826172 22.009033203125 173.05714416503906
ship 0.9941809 140.9994659423828 101.91360473632812 175.9588165283203 137.03688049316406
ship 0.99309385 12.978575706481934 196.0568389892578 32.01778030395508 214.9827117919922
automobile 0.9917439 177.1729736328125 103.08624267578125 196.0250244140625 121.93769836425781
ship 0.9894136 63.06150817871094 58.125301361083984 98.01396179199219 93.20695495605469
airplane 0.9862329 43.184539794921875 118.79925537109375 61.26714324951172 138.35357666015625
automobile 0.98549324 15.134611129760742 63.97163391113281 33.94585418701172 83.05552673339844
cat 0.9836328 5.195252418518066 125.07235717773438 24.03573989868164 144.00772094726562
truck 0.9783755 145.0908203125 45.13178634643555 180.01446533203125 79.99575805664062
ship 0.96989495 175.9828338623047 0.9502334594726562 195.02284240722656 20.036766052246094
truck 0.9640608 200.05203247070312 37.048526763916016 232.05514526367188 69.02635192871094
dog 0.92130595 57.07073211669922 156.09103393554688 76.01563262939453 175.01559448242188
cat 0.8914333 112.12261199951172 203.9822235107422 134.30735778808594 226.0247344970703
deer 0.7872251 50.978145599365234 210.21884155273438 76.85281372070312 236.10052490234375
deer 0.6685749 87.11515808105469 122.15298461914062 125.17724609375 159.88986206054688
frog 0.5260552 201.06808471679688 110.09474182128906 220.021240234375 129.07484436035156
dog 0.5205156 86.88284301757812 122.59071350097656 125.06651306152344 159.86952209472656
cat 0.44355065 87.16960906982422 122.10293579101562 125.26493072509766 160.00677490234375
airplane 0.36098057 87.16960906982422 122.10293579101562 125.26493072509766 160.00677490234375
ship 0.29941976 200.00596618652344 36.99956512451172 231.9853057861328 69.14214324951172
cat 0.23260361 50.978145599365234 210.21884155273438 76.85281372070312 236.10052490234375
bird 0.22598231 112.10302734375 204.01695251464844 134.3416748046875 225.9865264892578
ship 0.2167415 87.12816619873047 122.56033325195312 125.53365325927734 159.90261840820312
truck 0.21498746 87.16960906982422 122.10293579101562 125.26493072509766 160.00677490234375
cat 0.20679858 57.05126190185547 156.10812377929688 75.98262786865234 175.01834106445312
