frog 0.99851656 12.199681282043457 100.1256103515625 40.99812316894531 128.94407653808594
ship 0.99826944 14.190990447998047 209.96871948242188 46.05143737792969 241.978759765625
airplane 0.99822295 43.91874313354492 94.05833435058594 75.96977233886719 126.00247192382812
ship 0.9978126 81.01608276367188 73.00456237792969 118.95243835449219 111.20196533203125
truck 0.99458987 176.2557830810547 39.232208251953125 197.91078186035156 60.970703125
deer 0.9930875 156.12049865722656 65.02422332763672 181.9498748779297 91.0626449584961
bird 0.9928324 213.86434936523438 150.14633178710938 248.96084594726562 184.97036743164062
ship 0.9898958 109.02969360351562 151.88156127929688 143.9501953125 186.97146606445312
deer 0.9873899 100.06597137451172 196.00794982910156 119.08477020263672 214.98011779785156
ship 0.9863338 149.96128845214844 194.0494842529297 175.8238983154297 220.2069854736328
dog 0.9740146 39.21311950683594 67.98919677734375 58.013328552246094 87.04122924804688
ship 0.94058824 59.078575134277344 163.13926696777344 94.01367950439453 197.99925231933594
airplane 0.8988711 132.19305419921875 95.05473327636719 169.85467529296875 132.94334411621094
cat 0.86905926 214.0059814453125 10.040047645568848 240.08651733398438 35.837005615234375
cat 0.8364382 154.9176788330078 13.344260215759277 174.0209197998047 31.928035736083984
bird 0.81246895 160.15032958984375 156.99456787109375 194.95993041992188 192.0301513671875
frog 0.75562894 185.8505096435547 93.02677154541016 223.9716339111328 130.87579345703125
dog 0.6410045 109.9317398071289 132.8792724609375 125.9607162475586 149.431640625
cat 0.6152294 12.31755256652832 139.12237548828125 46.916114807128906 173.92327880859375
frog 0.5988136 109.9317398071289 132.8792724609375 125.9607162475586 149.431640625
airplane 0.5655995 4.891841888427734 15.317018508911133 37.12201690673828 46.931610107421875
dog 0.5006081 214.09925842285156 9.923404693603516 239.87852478027344 35.9406623840332
dog 0.46256742 4.848918914794922 15.332650184631348 37.148990631103516 46.939117431640625
bird 0.43840232 214.0059814453125 10.040047645568848 240.08651733398438 35.837005615234375
cat 0.4362492 185.9194793701172 92.96142578125 223.9098663330078 131.01368713378906
deer 0.41118166 155.1421661376953 13.039087295532227 174.1175994873047 32.09062194824219
truck 0.39079773 185.8505096435547 93.02677154541016 223.9716339111328 130.87579345703125
dog 0.38814366 12.375663757324219 139.09507751464844 46.91770935058594 173.93165588378906
cat 0.3602785 4.848918914794922 15.332650184631348 37.148990631103516 46.939117431640625
deer 0.34641397 4.891841888427734 15.317018508911133 37.12201690673828 46.931610107421875
ship 0.3315276 160.169921875 157.01678466796875 195.02566528320312 191.88143920898438
ship 0.32062244 154.9176788330078 13.344260215759277 174.0209197998047 31.928035736083984
frog 0.31158036 4.848918914794922 15.332650184631348 37.148990631103516 46.939117431640625
dog 0.28759786 185.8505096435547 93.02677154541016 223.9716339111328 130.87579345703125
cat 0.2820531 109.9317398071289 132.8792724609375 125.9607162475586 149.431640625
deer 0.26809248 185.8505096435547 93.02677154541016 223.9716339111328 130.87579345703125
deer 0.25080475 132.12905883789062 95.04174041748047 169.82269287109375 132.75167846679688
deer 0.23775786 109.9317398071289 132.8792724609375 125.9607162475586 149.431640625
airplane 0.23546234 149.96128845214844 194.0494842529297 175.8238983154297 220.2069854736328
airplane 0.23412871 59.09312438964844 163.150390625 94.03945922851562 198.01962280273438
bird 0.23343065 109.9317398071289 132.8792724609375 125.9607162475586 149.431640625
airplane 0.22648102 160.169921875 157.01678466796875 195.02566528320312 191.88143920898438
truck 0.22559726 109.9317398071289 132.8792724609375 125.9607162475586 149.431640625
