frog 0.9982196 107.18927764892578 209.22189331054688 139.00732421875 240.96292114257812
frog 0.99781275 171.9947509765625 132.15049743652344 193.96359252929688 154.0420379638672
frog 0.99668044 203.9293670654297 85.05088806152344 235.98048400878906 116.94236755371094
ship 0.99599314 111.125 129.01622009277344 139.9766845703125 158.15553283691406
dog 0.9948319 40.135581970214844 119.89969635009766 65.97045135498047 146.14759826660156
automobile 0.9947117 19.057645797729492 14.223383903503418 37.962242126464844 32.94913864135742
airplane 0.9943261 213.0853729248047 177.0749969482422 251.12474060058594 214.9932098388672
frog 0.993681 211.21786499023438 43.157814025878906 248.77737426757812 81.06439208984375
bird 0.99056506 132.11900329589844 88.05831146240234 157.99720764160156 114.10393524169922
ship 0.9896439 182.83978271484375 41.96672058105469 205.04110717773438 64.09695434570312
deer 0.989501 49.05427551269531 30.039249420166016 65.09751892089844 46.06633377075195
ship 0.9883332 46.19013214111328 191.12014770507812 74.97045135498047 219.95037841796875
bird 0.9824127 67.96427917480469 76.00584411621094 103.00740051269531 111.01383972167969
dog 0.96288323 148.03921508789062 0.578216552734375 169.92337036132812 23.04385757446289
automobile 0.9411398 143.15638732910156 165.11546325683594 161.92478942871094 184.0019989013672
bird 0.8326279 153.17013549804688 54.14817810058594 178.97976684570312 80.10137939453125
cat 0.6596737 6.036856651306152 109.06565856933594 28.018054962158203 131.04409790039062
dog 0.64521325 80.99439239501953 204.90679931640625 97.0210189819336 220.98660278320312
deer 0.6027863 6.1319169998168945 109.0569076538086 28.030040740966797 130.89682006835938
ship 0.47111976 143.07656860351562 165.07936096191406 161.97662353515625 183.9162139892578
airplane 0.41832757 80.99439239501953 204.90679931640625 97.0210189819336 220.98660278320312
deer 0.36293736 148.03195190429688 0.5951480865478516 170.04278564453125 22.931276321411133
truck 0.30923414 80.9815902709961 204.9329071044922 97.1643295288086 220.9839630126953
bird 0.23822224 6.1319169998168945 109.0569076538086 28.030040740966797 130.89682006835938
ship 0.23244381 80.9815902709961 204.9329071044922 97.1643295288086 220.9839630126953
cat 0.21490869 49.02027130126953 30.020715713500977 65.03409576416016 46.11962890625
automobile 0.20309171 80.99439239501953 204.90679931640625 97.0210189819336 220.98660278320312
