ship 0.99928427 169.14674377441406 108.02838897705078 190.95973205566406 130.03662109375
automobile 0.99926007 72.97069549560547 21.04366683959961 95.1617202758789 43.071468353271484
frog 0.9979532 29.97736358642578 48.13667678833008 56.16748046875 73.88967895507812
dog 0.9976404 198.08273315429688 112.24203491210938 230.09811401367188 143.81387329101562
frog 0.9971692 153.03086853027344 40.11181640625 175.04750061035156 61.98236083984375
dog 0.9969568 206.01007080078125 157.190185546875 232.06509399414062 183.01333618164062
deer 0.9964862 199.10484313964844 37.996490478515625 231.1693878173828 70.04527282714844
dog 0.9957477 12.090705871582031 200.2546844482422 34.024078369140625 222.12831115722656
frog 0.99336624 214.084228515625 1.1802139282226562 248.869140625 36.0820198059082
bird 0.99156636 54.12850570678711 206.099853515625 91.99311828613281 244.15469360351562
airplane 0.9826219 27.10741424560547 123.11561584472656 52.912811279296875 149.0923614501953
deer 0.9718639 140.01657104492188 23.164487838745117 155.99285888671875 39.07353210449219
automobile 0.9395939 97.03352355957031 101.15487670898438 129.1223907470703 129.35377502441406
dog 0.8974324 136.12911987304688 71.14952087402344 170.95504760742188 106.05296325683594
cat 0.86917 102.20178985595703 196.96434020996094 137.10694885253906 232.0717010498047
frog 0.82101655 13.972357749938965 151.79193115234375 45.9615478515625 183.95333862304688
truck 0.79612005 80.17388916015625 56.93238067626953 111.99270629882812 89.13640594482422
bird 0.71879405 102.20427703857422 170.12850952148438 127.92272186279297 196.29898071289062
dog 0.5895899 7.9321136474609375 117.96542358398438 24.066213607788086 133.92144775390625
cat 0.5608367 7.912816047668457 117.90966796875 24.083984375 133.95068359375
truck 0.48488674 97.26548767089844 101.2374038696289 129.00674438476562 129.38720703125
dog 0.47098395 80.17388916015625 56.93238067626953 111.99270629882812 89.13640594482422
dog 0.44952998 102.20178985595703 196.96434020996094 137.10694885253906 232.0717010498047
deer 0.32970166 102.16686248779297 170.150634765625 127.7499008178711 196.06845092773438
dog 0.27928704 14.050020217895508 152.00369262695312 45.865936279296875 184.0804443359375
cat 0.22383076 80.08467864990234 56.92144012451172 112.00675201416016 88.9996566772461
