ship 0.99869204 47.99425506591797 174.00270080566406 77.03848266601562 202.77259826660156
bird 0.9984907 91.0478515625 39.070865631103516 112.99870300292969 60.94736099243164
automobile 0.99777675 38.14353942871094 141.09066772460938 60.045372009277344 162.97622680664062
ship 0.99772346 82.18970489501953 216.1183319091797 110.95502471923828 245.00132751464844
automobile 0.99750507 62.11228942871094 54.10511779785156 81.0482177734375 72.90618896484375
automobile 0.9973472 1.9044981002807617 80.96442413330078 17.980152130126953 96.98995208740234
bird 0.99277186 1.0112247467041016 39.9072380065918 20.0434513092041 59.00497055053711
truck 0.99212813 152.07652282714844 120.01020050048828 184.2587432861328 152.091064453125
airplane 0.9919069 155.95083618164062 15.06222915649414 191.04302978515625 49.919254302978516
deer 0.99053997 11.012365341186523 101.9712905883789 46.104698181152344 137.008056640625
automobile 0.99013305 187.1250457763672 162.81094360351562 217.60020446777344 191.58200073242188
dog 0.98820895 23.40491485595703 4.00604248046875 61.0885009765625 41.91835021972656
cat 0.9854934 12.028097152709961 205.0550079345703 44.02867126464844 236.9673614501953
deer 0.970275 108.10823059082031 12.03211498260498 127.00088500976562 30.968399047851562
automobile 0.96182954 57.02924346923828 82.11312866210938 75.99787139892578 100.92733764648438
automobile 0.91740584 78.95374298095703 189.17694091796875 97.98509979248047 207.78912353515625
automobile 0.89038277 189.09152221679688 81.89946746826172 223.91989135742188 116.8930435180664
frog 0.85301936 189.99560546875 118.06505584716797 221.99566650390625 150.20721435546875
deer 0.7398361 189.9449920654297 118.12994384765625 221.9931182861328 150.33956909179688
ship 0.6823687 78.9736099243164 189.2860107421875 98.01750946044922 207.87103271484375
truck 0.681596 189.09556579589844 82.03630828857422 223.9677276611328 116.93561553955078
automobile 0.62098473 109.30672454833984 66.90460205078125 131.13690185546875 88.93476867675781
truck 0.38601854 109.30672454833984 66.90460205078125 131.13690185546875 88.93476867675781
frog 0.38207763 109.30672454833984 66.90460205078125 131.13690185546875 88.93476867675781
bird 0.22919169 189.9449920654297 118.12994384765625 221.9931182861328 150.33956909179688
truck 0.22870767 189.99560546875 118.06505584716797 221.99566650390625 150.20721435546875
frog 0.21308252 57.07168960571289 82.16175842285156 75.98246765136719 100.93170166015625
