truck 0.9982445 7.990591049194336 181.02468872070312 40.11915588378906 212.9088134765625
ship 0.9979948 211.99237060546875 112.02941131591797 228.01620483398438 127.90001678466797
dog 0.9975786 10.08407974243164 82.2271728515625 42.02891540527344 113.87236022949219
automobile 0.9969186 196.98814392089844 204.01632690429688 228.06871032714844 236.46951293945312
frog 0.99352574 89.20010375976562 121.06692504882812 127.11311340332031 158.98004150390625
airplane 0.99347377 211.08087158203125 25.0191593170166 246.03756713867188 59.94214630126953
ship 0.9916628 51.21928787231445 103.91648864746094 83.04484558105469 135.9395294189453
deer 0.9886761 52.10561752319336 5.969057083129883 74.1694107055664 28.13242530822754
deer 0.9856994 52.04872131347656 191.1497039794922 87.02096557617188 225.74867248535156
frog 0.9773693 31.15810775756836 33.02545166015625 69.02760314941406 70.99493408203125
airplane 0.94666183 150.86207580566406 181.12777709960938 176.9661407470703 206.89706420898438
bird 0.930182 209.03089904785156 154.10562133789062 228.0206756591797 173.01422119140625
dog 0.91537786 5.024311065673828 156.09033203125 23.959739685058594 174.98046875
bird 0.868034 131.10923767089844 208.21676635742188 169.05137634277344 246.05123901367188
deer 0.86578697 139.97059631347656 86.03820037841797 177.8539581298828 123.95087432861328
airplane 0.76805806 75.98368835449219 11.942337036132812 111.08784484863281 46.92507553100586
deer 0.6537442 172.18373107910156 147.28341674804688 194.0074920654297 169.01202392578125
truck 0.5625864 117.14798736572266 84.95977783203125 133.03378295898438 101.04780578613281
ship 0.4614123 75.98368835449219 11.942337036132812 111.08784484863281 46.92507553100586
automobile 0.43720743 117.14798736572266 84.95977783203125 133.03378295898438 101.04780578613281
cat 0.43315786 208.98934936523438 154.1160430908203 227.98703002929688 173.0017852783203
ship 0.40973008 117.14798736572266 84.95977783203125 133.03378295898438 101.04780578613281
cat 0.4004377 140.02610778808594 85.969482421875 177.98695373535156 123.87734985351562
cat 0.37783208 117.14798736572266 84.95977783203125 133.03378295898438 101.04780578613281
airplane 0.35364684 117.14798736572266 84.95977783203125 133.03378295898438 101.04780578613281
cat 0.31621385 4.9713592529296875 156.09852600097656 23.878286361694336 175.01853942871094
deer 0.29234016 131.17291259765625 208.04420471191406 169.26837158203125 245.73731994628906
deer 0.28286362 76.02731323242188 11.872549057006836 111.12458801269531 46.94776916503906
truck 0.27384204 52.310325622558594 5.95747184753418 73.98516082763672 28.18695640563965
dog 0.262761 117.14798736572266 84.95977783203125 133.03378295898438 101.04780578613281
bird 0.23526555 140.02610778808594 85.969482421875 177.98695373535156 123.87734985351562
frog 0.20468342 140.0432891845703 86.55705261230469 177.9512481689453 123.98414611816406
frog 0.20022643 117.14798736572266 84.95977783203125 133.03378295898438 101.04780578613281
