truck 0.997918 210.8922882080078 215.1696319580078 242.9618377685547 247.13914489746094
deer 0.9974411 210.15113830566406 117.0768814086914 241.9853057861328 149.02882385253906
truck 0.996969 144.00633239746094 8.92529010772705 170.14735412597656 35.2921257019043
truck 0.99682236 148.1287841796875 40.09769821166992 173.88534545898438 66.01412963867188
frog 0.9900875 174.08599853515625 69.06842041015625 211.96649169921875 107.00140380859375
ship 0.98410654 35.118995666503906 18.01702117919922 56.947486877441406 39.879859924316406
airplane 0.98269165 85.0772933959961 163.029052734375 110.98145294189453 188.89614868164062
automobile 0.9817045 37.0068359375 191.0303192138672 69.0494613647461 223.0115203857422
dog 0.98027754 207.16761779785156 24.14360237121582 242.0601348876953 59.07557678222656
frog 0.9720508 148.11476135253906 138.1918182373047 167.0773468017578 156.7497100830078
bird 0.89343226 11.190755844116211 119.0039291381836 46.05249786376953 153.96453857421875
airplane 0.8780259 101.92536926269531 210.18406677246094 134.17816162109375 242.2637481689453
airplane 0.8695956 86.06612396240234 22.08351707458496 120.9709701538086 57.024658203125
frog 0.8689785 4.039445877075195 202.9412841796875 32.96488952636719 231.76995849609375
frog 0.7866136 188.96084594726562 167.0760955810547 224.04885864257812 201.97923278808594
ship 0.78202057 119.93304443359375 93.1080093383789 138.9818115234375 111.9916763305664
truck 0.6220426 125.05635070800781 161.93624877929688 163.03822326660156 200.00433349609375
ship 0.5723265 125.04558563232422 161.90969848632812 162.89324951171875 200.02142333984375
bird 0.5213024 148.11441040039062 138.0579071044922 166.93350219726562 156.7589874267578
cat 0.51874155 46.058204650878906 72.10344696044922 80.93270111083984 106.8549575805664
airplane 0.4572391 11.190755844116211 119.0039291381836 46.05249786376953 153.96453857421875
cat 0.43040627 4.006366729736328 203.06629943847656 32.995765686035156 231.7600860595703
truck 0.42375934 101.92351531982422 210.13699340820312 134.1123809814453 242.296630859375
cat 0.41455325 125.01299285888672 161.96128845214844 163.0399169921875 199.91542053222656
automobile 0.37799162 85.9603042602539 22.00216293334961 120.9765853881836 56.92805862426758
bird 0.3486688 189.06027221679688 166.9583740234375 223.91244506835938 201.94873046875
dog 0.304319 119.93304443359375 93.1080093383789 138.9818115234375 111.9916763305664
ship 0.27385664 85.0772933959961 163.029052734375 110.98145294189453 188.89614868164062
deer 0.2732713 120.0604248046875 92.91370391845703 138.93701171875 111.99031829833984
deer 0.26211244 189.06027221679688 166.9583740234375 223.91244506835938 201.94873046875
airplane 0.23725322 125.05635070800781 161.93624877929688 163.03822326660156 200.00433349609375
ship 0.20377386 85.94873046875 22.093782424926758 121.09974670410156 56.933204650878906
