frog 0.9976646 72.12963104248047 95.16970825195312 98.0095443725586 120.8658447265625
frog 0.9972296 171.02174377441406 11.048169136047363 193.06797790527344 33.054073333740234
airplane 0.9970634 77.06634521484375 187.92852783203125 105.89834594726562 217.10147094726562
airplane 0.99590063 53.93133544921875 146.1908721923828 86.2191162109375 178.1135711669922
airplane 0.995623 33.177101135253906 202.7738037109375 65.10581970214844 235.05465698242188
dog 0.9954964 21.958955764770508 95.17975616455078 50.93602752685547 123.92430877685547
automobile 0.99469393 1.967050552368164 135.0499267578125 40.1614990234375 172.90478515625
ship 0.9944866 165.76449584960938 71.09814453125 198.10980224609375 102.85379028320312
ship 0.9903097 125.91842651367188 59.8363037109375 163.93576049804688 97.92579650878906
bird 0.9885863 104.03849029541016 89.02322387695312 123.03618621826172 107.99037170410156
ship 0.9702078 96.11810302734375 131.98240661621094 131.01597595214844 166.84120178222656
bird 0.88104606 184.26531982421875 163.06008911132812 222.03457641601562 201.18753051757812
dog 0.8078866 66.31321716308594 32.004150390625 95.12068176269531 61.145179748535156
airplane 0.7751882 195.12814331054688 18.988632202148438 214.06600952148438 38.104820251464844
bird 0.7458149 27.24803924560547 3.9326324462890625 53.00872802734375 29.980499267578125
frog 0.71149087 135.6796112060547 152.85906982421875 162.45945739746094 182.70309448242188
deer 0.69331384 27.24803924560547 3.9326324462890625 53.00872802734375 29.980499267578125
ship 0.652967 27.069744110107422 3.835163116455078 52.9810905456543 30.063007354736328
cat 0.5207387 29.094242095947266 55.06808090209961 60.86208724975586 87.06111145019531
deer 0.5075277 135.7510986328125 153.0805206298828 162.7454833984375 182.68540954589844
truck 0.45841146 66.31321716308594 32.004150390625 95.12068176269531 61.145179748535156
truck 0.45178849 29.094242095947266 55.06808090209961 60.86208724975586 87.06111145019531
deer 0.43531805 195.1700897216797 19.02286720275879 214.04881286621094 38.048439025878906
cat 0.3371684 184.26531982421875 163.06008911132812 222.03457641601562 201.18753051757812
cat 0.33444324 66.388671875 31.984600067138672 95.07655334472656 61.036136627197266
frog 0.33436495 184.19944763183594 162.9957275390625 222.05552673339844 201.29327392578125
ship 0.2089926 195.2340087890625 19.126089096069336 214.290771484375 38.22370147705078
