ship 0.99894124 6.041324615478516 17.077747344970703 31.983753204345703 43.25554275512695
truck 0.9986378 201.91943359375 182.96429443359375 227.91659545898438 208.93661499023438
truck 0.99739695 112.10210418701172 105.00450897216797 137.99269104003906 131.08702087402344
automobile 0.9958352 84.9449234008789 149.55123901367188 116.71788787841797 181.21844482421875
dog 0.9949947 132.0001983642578 59.053688049316406 170.05860900878906 97.0899429321289
truck 0.9948859 51.12387466430664 43.1551513671875 89.14317321777344 81.01171875
dog 0.9947705 173.08250427246094 27.08980941772461 208.0433807373047 62.015201568603516
cat 0.9936806 37.96895980834961 120.0159912109375 70.03326416015625 152.12326049804688
frog 0.99325484 148.0499267578125 202.25682067871094 183.08465576171875 236.8523712158203
ship 0.9905187 158.9984893798828 165.9881134033203 194.09132385253906 200.78456115722656
deer 0.99038243 70.96636199951172 195.02467346191406 103.0904769897461 226.9873809814453
cat 0.98590237 191.38995361328125 117.33551025390625 224.79916381835938 151.11868286132812
dog 0.98420155 130.1811065673828 10.190866470336914 156.00843811035156 35.86339569091797
cat 0.94804704 188.9771728515625 73.16426086425781 214.99365234375 99.22207641601562
bird 0.9313531 90.064208984375 129.0856475830078 109.03695678710938 147.72325134277344
dog 0.9042802 119.94361877441406 214.08245849609375 139.2683868408203 233.13668823242188
airplane 0.61661947 104.95570373535156 73.9885025024414 121.03718566894531 90.10340118408203
deer 0.49116656 38.141109466552734 215.02719116210938 63.81319046020508 241.18524169921875
truck 0.44930178 104.86209106445312 73.9915771484375 120.92465209960938 90.03218078613281
frog 0.3784774 188.8109893798828 73.18135070800781 214.97254943847656 99.10458374023438
deer 0.3219997 90.02488708496094 129.14317321777344 109.1285400390625 147.6386260986328
automobile 0.2828471 104.96256256103516 73.9771728515625 121.03545379638672 90.07612609863281
bird 0.2292591 188.8109893798828 73.18135070800781 214.97254943847656 99.10458374023438
frog 0.21334586 119.9679946899414 214.23568725585938 139.28982543945312 233.25189208984375
deer 0.20319554 188.8109893798828 73.18135070800781 214.97254943847656 99.10458374023438
deer 0.2016652 87.89727783203125 1.1019916534423828 123.10487365722656 35.882476806640625
