truck 0.99909323 117.87515258789062 175.92845153808594 147.05184936523438 205.1271209716797
airplane 0.998794 111.12191772460938 216.03854370117188 143.1436309814453 247.98513793945312
ship 0.9986737 110.1561279296875 47.16888427734375 139.04603576660156 75.99112701416016
bird 0.9986414 193.07290649414062 156.109130859375 222.08099365234375 185.01531982421875
automobile 0.99845386 202.11328125 14.884696960449219 234.23907470703125 47.209991455078125
automobile 0.9981235 14.124381065368652 20.10308837890625 43.197021484375 49.01618194580078
ship 0.9978227 195.21817016601562 197.07672119140625 232.967529296875 235.16024780273438
automobile 0.9975969 141.9759063720703 22.103309631347656 164.02601623535156 44.085121154785156
truck 0.9971492 148.06590270996094 75.00094604492188 182.9272918701172 110.08065795898438
automobile 0.99679565 151.15673828125 159.05628967285156 189.04620361328125 197.04273986816406
ship 0.9965291 63.12931823730469 39.941890716552734 98.06011962890625 74.87232971191406
ship 0.9920254 9.991617202758789 145.0380401611328 31.958860397338867 167.0192108154297
truck 0.99157196 49.06513214111328 171.0904998779297 75.07679748535156 196.9904327392578
dog 0.9852445 28.094318389892578 114.06900787353516 49.977352142333984 135.87319946289062
automobile 0.9843199 102.08296966552734 86.86490631103516 134.05953979492188 119.17549896240234
truck 0.98296106 193.83303833007812 94.11589050292969 232.04190063476562 132.1424560546875
cat 0.9402207 64.91898345947266 199.18890380859375 93.91301727294922 228.05194091796875
frog 0.8093376 13.022475242614746 209.9809112548828 32.042659759521484 229.0541229248047
truck 0.7559688 96.2231216430664 147.9268341064453 121.97248077392578 173.8325653076172
airplane 0.52544063 96.13772583007812 148.00262451171875 121.93557739257812 174.00152587890625
deer 0.43345553 191.459716796875 62.94866180419922 217.1187744140625 89.14273834228516
truck 0.37633324 13.022475242614746 209.9809112548828 32.042659759521484 229.0541229248047
automobile 0.2861234 13.052586555480957 209.95822143554688 32.01201629638672 229.02593994140625
airplane 0.28061953 13.011488914489746 209.9536895751953 31.973663330078125 229.0024871826172
truck 0.260741 102.09599304199219 86.95929718017578 134.06228637695312 119.18839263916016
