frog 0.99844897 37.29278564453125 75.04556274414062 66.24253845214844 104.08984375
automobile 0.9982003 66.94037628173828 139.03482055664062 89.1226577758789 161.01593017578125
truck 0.9980924 4.251845359802246 49.11223220825195 36.107444763183594 80.76882934570312
automobile 0.99795353 190.17018127441406 78.00370025634766 221.97804260253906 110.0688705444336
bird 0.99704736 67.9758071899414 89.96501159667969 97.09925079345703 119.0997314453125
truck 0.9956176 14.098485946655273 112.15914916992188 52.269561767578125 149.86080932617188
airplane 0.9953015 212.12762451171875 169.05528259277344 244.00942993164062 201.04151916503906
automobile 0.9952887 40.19074249267578 49.08190155029297 59.086151123046875 64.0904541015625
truck 0.99097675 85.09678649902344 208.1656036376953 107.04591369628906 230.05589294433594
truck 0.9906539 132.10787963867188 207.01707458496094 169.90249633789062 245.00267028808594
airplane 0.98601115 155.97691345214844 31.148500442504883 188.05137634277344 63.12316131591797
truck 0.96752906 134.62399291992188 157.45492553710938 165.91375732421875 187.76217651367188
cat 0.89871037 27.073596954345703 9.014383316040039 62.03470230102539 43.826446533203125
truck 0.8229249 27.02999496459961 166.19668579101562 58.903202056884766 197.91036987304688
bird 0.76468587 209.025634765625 32.218902587890625 246.92349243164062 70.02400970458984
deer 0.757324 137.91909790039062 115.87088775634766 172.82858276367188 150.9912109375
truck 0.6782092 71.31281280517578 7.030664443969727 97.02677154541016 32.757415771484375
automobile 0.6361539 27.06279754638672 166.2116241455078 58.95746612548828 197.95899963378906
bird 0.5924747 137.91909790039062 115.87088775634766 172.82858276367188 150.9912109375
truck 0.59210676 97.10750579833984 137.93829345703125 129.08433532714844 169.94381713867188
cat 0.51552904 208.96681213378906 32.21586990356445 247.1718292236328 69.95597839355469
ship 0.3868606 71.34786987304688 6.9990234375 97.04841613769531 32.723018646240234
ship 0.38240427 97.10750579833984 137.93829345703125 129.08433532714844 169.94381713867188
bird 0.33180565 156.1009521484375 31.09795570373535 187.95474243164062 63.1785888671875
cat 0.28514552 97.03695678710938 138.0271759033203 129.10116577148438 169.9915313720703
frog 0.27655768 208.98269653320312 32.05377960205078 247.15390014648438 69.63855743408203
airplane 0.25087786 97.02267456054688 138.10116577148438 129.13525390625 170.02291870117188
frog 0.24791154 97.10750579833984 137.93829345703125 129.08433532714844 169.94381713867188
frog 0.2111662 100.26957702636719 108.0719985961914 119.09022521972656 126.9830551147461
