frog 0.9975381 196.06851196289062 35.89080047607422 224.90078735351562 65.05989074707031
ship 0.9973407 215.1698455810547 77.94286346435547 247.0520477294922 110.41649627685547
ship 0.9963461 161.00772094726562 16.014144897460938 193.07904052734375 47.75213623046875
truck 0.9957339 42.024803161621094 156.0984649658203 63.97058868408203 177.9309844970703
airplane 0.993367 91.11656188964844 177.03143310546875 126.08502197265625 211.85568237304688
deer 0.9924248 44.055259704589844 27.047054290771484 66.12821197509766 48.96561813354492
frog 0.9882857 108.2174072265625 22.332157135009766 142.94749450683594 56.9776725769043
frog 0.9878224 78.02391052246094 213.07711791992188 113.05027770996094 247.87130737304688
dog 0.98253894 157.01235961914062 122.95785522460938 189.04132080078125 155.05435180664062
cat 0.95801723 107.99867248535156 116.9180908203125 142.91053771972656 151.82980346679688
deer 0.91221285 149.09262084960938 51.927940368652344 174.92001342773438 77.92662811279297
frog 0.8114135 69.02183532714844 70.97333526611328 94.96588134765625 97.09825897216797
ship 0.7050217 201.1556396484375 113.15879821777344 238.909912109375 151.1013641357422
cat 0.6730309 0.9124679565429688 210.0942840576172 26.948192596435547 236.0081024169922
dog 0.48105434 197.0767364501953 188.1102294921875 215.9597930908203 207.00927734375
dog 0.3744759 0.9124679565429688 210.0942840576172 26.948192596435547 236.0081024169922
cat 0.32183003 197.0767364501953 188.1102294921875 215.9597930908203 207.00927734375
truck 0.28752717 201.0465545654297 113.14633178710938 239.03416442871094 150.89266967773438
automobile 0.28069627 201.1556396484375 113.15879821777344 238.909912109375 151.1013641357422
airplane 0.27896678 197.0767364501953 188.1102294921875 215.9597930908203 207.00927734375
airplane 0.26886106 201.0465545654297 113.14633178710938 239.03416442871094 150.89266967773438
airplane 0.26718268 5.99655818939209 131.09747314453125 25.228729248046875 150.00506591796875
dog 0.2561856 69.12665557861328 70.93265533447266 95.08934783935547 97.05139923095703
dog 0.20256713 108.06080627441406 116.99173736572266 142.88937377929688 152.00648498535156
