frog 0.9984604 199.0198974609375 107.08264923095703 220.96536254882812 128.80177307128906
ship 0.998101 179.1325225830078 31.120574951171875 207.9569854736328 60.04315948486328
cat 0.9962902 20.0355281829834 29.82044792175293 52.12724304199219 62.11328887939453
frog 0.9961823 19.943029403686523 154.0381317138672 49.03839874267578 183.08262634277344
truck 0.99445546 76.03546905517578 204.0391845703125 108.23078155517578 236.06103515625
truck 0.9938942 152.02752685546875 85.13046264648438 177.955078125 111.10227966308594
cat 0.99226683 125.95563507080078 112.00405883789062 141.95037841796875 127.93342590332031
bird 0.9897029 205.49334716796875 130.48765563964844 236.90176391601562 161.95567321777344
dog 0.9880611 19.986778259277344 215.18312072753906 49.017730712890625 244.08067321777344
frog 0.9787977 136.0425262451172 8.100055694580078 155.0408477783203 26.96847152709961
automobile 0.9743542 70.04456329345703 10.95675277709961 108.02893829345703 49.00431442260742
automobile 0.94921815 77.06640625 161.9552459716797 93.101806640625 178.13572692871094
cat 0.90829307 2.0398545265197754 121.92100524902344 17.993364334106445 138.02210998535156
bird 0.85936856 73.01664733886719 119.14997863769531 95.01007080078125 141.02391052246094
ship 0.8327067 78.01331329345703 86.05754089355469 96.95099639892578 105.02485656738281
ship 0.7609497 183.95468139648438 195.07899475097656 202.98568725585938 214.0432891845703
airplane 0.7196392 184.01698303222656 195.062744140625 202.99220275878906 214.03707885742188
cat 0.655959 73.18807983398438 119.06978607177734 94.90945434570312 140.80862426757812
cat 0.60128164 133.05426025390625 194.00994873046875 159.019287109375 220.12982177734375
frog 0.56303334 133.11204528808594 194.0696563720703 158.94361877441406 220.01783752441406
ship 0.5367622 77.07894897460938 161.99009704589844 93.05569458007812 178.0909881591797
truck 0.52337754 176.7646942138672 121.08006286621094 196.14439392089844 140.2490997314453
dog 0.5175347 2.0398545265197754 121.92100524902344 17.993364334106445 138.02210998535156
truck 0.4035151 173.04466247558594 143.17080688476562 199.0277557373047 168.98623657226562
cat 0.38740796 78.01753997802734 86.11149597167969 96.9606704711914 105.00764465332031
deer 0.3637964 78.01753997802734 86.11149597167969 96.9606704711914 105.00764465332031
airplane 0.3622477 78.01753997802734 86.11149597167969 96.9606704711914 105.00764465332031
deer 0.35428646 34.93760681152344 85.9295654296875 67.07445526123047 117.99440002441406
cat 0.25320575 184.01698303222656 195.062744140625 202.99220275878906 214.03707885742188
dog 0.25239745 184.0096893310547 195.1792449951172 203.11082458496094 213.93394470214844
deer 0.24963602 77.07894897460938 161.99009704589844 93.05569458007812 178.0909881591797
