truck 0.9988648 161.98252868652344 124.00750732421875 181.0998992919922 143.10202026367188
frog 0.99886227 79.96290588378906 61.86735916137695 111.99417114257812 94.00338745117188
ship 0.9988567 209.02101135253906 12.060823440551758 244.0496368408203 47.00401306152344
deer 0.99758685 46.9575080871582 107.11835479736328 76.03349304199219 136.06167602539062
airplane 0.9974477 32.20610046386719 201.23289489746094 58.141761779785156 227.09654235839844
automobile 0.99715513 167.95883178710938 145.9908447265625 199.99465942382812 177.86227416992188
truck 0.99535704 40.06145477294922 158.08299255371094 78.08915710449219 196.0193634033203
airplane 0.9919645 66.04170227050781 29.196205139160156 94.78712463378906 58.1083984375
cat 0.9888643 132.03195190429688 45.786739349365234 161.04034423828125 75.01249694824219
bird 0.97916067 122.96086120605469 192.044921875 144.9998321533203 213.93453979492188
ship 0.96880066 130.029296875 98.01911926269531 159.05419921875 126.86390686035156
truck 0.9668071 24.960800170898438 45.04890441894531 46.9993896484375 67.10247039794922
dog 0.96383876 184.15415954589844 208.0225372314453 219.09657287597656 242.9720001220703
dog 0.9410262 79.99119567871094 192.98219299316406 117.91816711425781 230.96180725097656
deer 0.8973106 0.0 73.05699920654297 21.990076065063477 94.87653350830078
cat 0.89421177 183.9530792236328 104.94708251953125 200.06346130371094 120.93014526367188
cat 0.8601142 16.840126037597656 128.567138671875 36.8787841796875 147.046630859375
ship 0.46737283 186.01657104492188 59.04644775390625 221.09597778320312 94.04183959960938
cat 0.41646764 186.01657104492188 59.04644775390625 221.09597778320312 94.04183959960938
frog 0.3689732 183.9530792236328 104.94708251953125 200.06346130371094 120.93014526367188
truck 0.31381902 186.2900390625 59.078895568847656 221.04681396484375 94.14543914794922
bird 0.2974367 183.9530792236328 104.94708251953125 200.06346130371094 120.93014526367188
airplane 0.28922158 186.10824584960938 58.98908233642578 221.0791015625 94.06360626220703
automobile 0.2540292 25.109973907470703 45.03931427001953 46.812320709228516 66.88661193847656
dog 0.24765787 141.62396240234375 2.8389101028442383 166.89990234375 28.980266571044922
bird 0.21421307 141.63522338867188 2.9324722290039062 166.99020385742188 29.00020408630371
airplane 0.2113209 141.92303466796875 3.2100963592529297 166.96322631835938 28.913328170776367
