ship 0.99950206 0.08468055725097656 7.964433670043945 29.055225372314453 37.06950378417969
frog 0.9994872 55.07151794433594 38.18042755126953 83.95329284667969 67.01058959960938
truck 0.9967542 51.123077392578125 201.9888916015625 70.03414916992188 220.99942016601562
cat 0.99639714 142.19369506835938 73.31439208984375 180.13528442382812 110.9481201171875
dog 0.9952973 184.41339111328125 96.12969970703125 221.85031127929688 133.83099365234375
automobile 0.99505645 134.99061584472656 5.882458686828613 151.09898376464844 21.984539031982422
dog 0.9940543 17.117176055908203 99.14360809326172 49.08633804321289 131.14276123046875
bird 0.99355507 76.19441223144531 212.01519775390625 104.95832824707031 241.08633422851562
dog 0.98867214 151.20736694335938 153.1058349609375 185.95648193359375 187.98202514648438
frog 0.9729358 98.04923248291016 134.07200622558594 119.99817657470703 155.94358825683594
truck 0.96799636 57.99462127685547 113.04408264160156 80.04361724853516 135.04527282714844
truck 0.9678478 8.963966369628906 160.87908935546875 31.239646911621094 183.10635375976562
frog 0.9518096 92.13067626953125 67.04850769042969 124.02841186523438 98.96199035644531
cat 0.8845775 56.98810577392578 154.98301696777344 85.9728012084961 183.9973907470703
dog 0.74899673 171.97509765625 35.992488861083984 194.1329345703125 58.07418441772461
bird 0.7428557 112.97832489013672 26.159923553466797 148.22103881835938 61.058597564697266
ship 0.6845414 112.97832489013672 26.159923553466797 148.22103881835938 61.058597564697266
airplane 0.4641789 112.97832489013672 26.159923553466797 148.22103881835938 61.058597564697266
automobile 0.4611361 92.03988647460938 67.07466888427734 123.91033935546875 98.9013442993164
truck 0.42132208 187.0843505859375 9.078438758850098 205.883056640625 28.06151580810547
cat 0.3893199 17.117176055908203 99.14360809326172 49.08633804321289 131.14276123046875
airplane 0.36248237 205.17486572265625 146.23216247558594 236.97213745117188 177.9998016357422
bird 0.35784787 92.0853500366211 66.99471282958984 123.91841888427734 99.00969696044922
ship 0.3328569 58.07307815551758 113.0265121459961 80.18498992919922 135.04058837890625
deer 0.29961807 92.03988647460938 67.07466888427734 123.91033935546875 98.9013442993164
cat 0.28762972 92.03988647460938 67.07466888427734 123.91033935546875 98.9013442993164
automobile 0.28261656 9.114811897277832 160.8468780517578 30.77379608154297 182.9020233154297
dog 0.281013 92.03988647460938 67.07466888427734 123.91033935546875 98.9013442993164
airplane 0.2650236 56.98810577392578 154.98301696777344 85.9728012084961 183.9973907470703
deer 0.2288461 186.98837280273438 8.982673645019531 206.01025390625 27.977001190185547
cat 0.2184596 186.98837280273438 8.982673645019531 206.01025390625 27.977001190185547
cat 0.21649873 172.1422119140625 35.8273811340332 194.17080688476562 57.860286712646484
automobile 0.20433626 58.07307815551758 113.0265121459961 80.18498992919922 135.04058837890625
