ship 0.998284 76.11949920654297 98.03766632080078 107.94759368896484 130.09298706054688
bird 0.9975661 52.12800979614258 61.238670349121094 83.92047119140625 93.24951934814453
deer 0.9952767 73.18607330322266 202.89004516601562 108.12747955322266 237.88583374023438
deer 0.9934769 53.132972717285156 153.03578186035156 87.93157196044922 187.9361114501953
airplane 0.9928553 177.08731079101562 138.1079864501953 215.07073974609375 175.8878936767578
cat 0.98583907 179.03616333007812 208.05355834960938 208.08837890625 237.01223754882812
cat 0.9850178 202.09811401367188 89.99073791503906 240.04946899414062 127.92216491699219
dog 0.9567385 209.0591278076172 185.28192138671875 241.0363311767578 217.04537963867188
dog 0.9527755 16.060848236083984 92.99021911621094 42.24906921386719 119.05659484863281
cat 0.88872397 155.04539489746094 79.88761901855469 174.06361389160156 99.03408813476562
bird 0.87992966 212.0720977783203 57.012855529785156 231.0934600830078 75.97119903564453
dog 0.8750851 175.0055694580078 54.07076644897461 193.98988342285156 72.98381042480469
automobile 0.7415077 153.10992431640625 17.051902770996094 171.96102905273438 36.079254150390625
truck 0.7241235 26.978618621826172 38.061126708984375 45.9850959777832 56.9765625
automobile 0.72088367 26.978618621826172 38.061126708984375 45.9850959777832 56.9765625
truck 0.59493124 153.10992431640625 17.051902770996094 171.96102905273438 36.079254150390625
deer 0.46153817 16.060848236083984 92.99021911621094 42.24906921386719 119.05659484863281
ship 0.43578312 155.09913635253906 80.06716918945312 173.8560333251953 98.86875915527344
deer 0.4034093 122.08078002929688 57.171791076660156 148.17178344726562 83.04866790771484
airplane 0.38925734 30.997486114501953 149.02259826660156 50.15354537963867 167.99449157714844
automobile 0.32782584 212.12759399414062 57.02936553955078 231.03179931640625 75.9682388305664
ship 0.30754623 153.087890625 17.125106811523438 171.99365234375 36.066978454589844
deer 0.2636752 153.0347442626953 17.12934112548828 172.05223083496094 36.0564079284668
cat 0.24773341 175.26597595214844 53.5423583984375 193.8690643310547 73.1008529663086
ship 0.24434716 212.0720977783203 57.012855529785156 231.0934600830078 75.97119903564453
ship 0.22966444 16.060848236083984 92.99021911621094 42.24906921386719 119.05659484863281
airplane 0.22731361 153.087890625 17.125106811523438 171.99365234375 36.066978454589844
truck 0.22302175 155.04539489746094 79.88761901855469 174.06361389160156 99.03408813476562
