ship 0.9989189 82.98209381103516 213.06314086914062 104.95023345947266 235.07632446289062
ship 0.99804115 184.09303283691406 83.95036315917969 216.10789489746094 115.93167114257812
automobile 0.9974613 130.07949829101562 7.084965705871582 152.049560546875 29.01763153076172
bird 0.996783 150.86985778808594 34.02114486694336 179.7948760986328 63.00416946411133
dog 0.995993 207.0480499267578 208.11175537109375 233.0697784423828 234.03152465820312
deer 0.99391204 135.21197509765625 215.94509887695312 173.07473754882812 254.13162231445312
ship 0.9935602 64.99839782714844 147.9678192138672 99.93331909179688 182.96876525878906
airplane 0.99063385 201.6161346435547 117.15342712402344 240.17955017089844 155.2005157470703
automobile 0.9884672 22.144285202026367 130.8910369873047 44.13319396972656 152.9348907470703
ship 0.9696331 13.197713851928711 42.97063446044922 50.97334289550781 80.98627471923828
cat 0.96936965 165.08258056640625 133.09390258789062 197.22201538085938 165.07925415039062
dog 0.94644046 39.128543853759766 110.09654235839844 57.846988677978516 129.05670166015625
bird 0.7999822 127.07664489746094 82.21110534667969 152.9886016845703 108.07150268554688
ship 0.66538304 77.07532501220703 99.23743438720703 103.07244110107422 125.11724090576172
airplane 0.4009351 127.07664489746094 82.21110534667969 152.9886016845703 108.07150268554688
dog 0.34159333 165.07366943359375 133.14247131347656 197.11065673828125 165.00941467285156
airplane 0.3074609 77.12654876708984 99.21795654296875 103.02135467529297 125.12545776367188
airplane 0.298216 13.166521072387695 43.06619644165039 50.96631622314453 80.85305786132812
cat 0.21148306 39.150787353515625 110.09066009521484 57.825889587402344 129.09957885742188
