ship 0.99892616 107.08663177490234 177.99188232421875 126.0762710571289 196.92166137695312
truck 0.99808824 177.90420532226562 168.11021423339844 204.05111694335938 193.9399871826172
automobile 0.9975453 117.14231872558594 110.1052017211914 149.00953674316406 142.02207946777344
airplane 0.9970343 0.13298559188842773 186.9705810546875 16.037105560302734 203.0889892578125
frog 0.99647593 167.07015991210938 110.0699234008789 186.01812744140625 129.12135314941406
automobile 0.9958857 43.86646270751953 138.1326904296875 70.0007553100586 163.52432250976562
dog 0.9945614 95.93278503417969 45.87037658691406 131.03622436523438 81.23302459716797
deer 0.994227 153.98849487304688 154.0569305419922 175.91268920898438 176.18492126464844
deer 0.99102247 9.29350471496582 81.08064270019531 35.055908203125 106.92059326171875
truck 0.9898255 110.14181518554688 7.0638322830200195 138.8909149169922 35.7290153503418
bird 0.95807314 76.07752990722656 116.86451721191406 104.96357727050781 145.9579315185547
cat 0.9547669 108.95796203613281 83.63741302490234 125.24639892578125 100.1515121459961
bird 0.9445832 107.03794860839844 202.95526123046875 126.01112365722656 222.00579833984375
truck 0.92971617 54.08716583251953 175.01809692382812 73.04715728759766 194.08782958984375
cat 0.88267905 40.079376220703125 52.146759033203125 66.11467742919922 78.05638122558594
cat 0.86306155 179.12274169921875 70.12158203125 210.655029296875 101.89668273925781
dog 0.7479553 214.966796875 66.97877502441406 252.66983032226562 105.14360046386719
deer 0.7375362 50.11004638671875 96.12789154052734 72.02911376953125 117.98303985595703
deer 0.7288376 164.92117309570312 22.147663116455078 193.82525634765625 51.04045486450195
dog 0.66329247 41.2235107421875 195.11932373046875 59.93299865722656 213.99667358398438
dog 0.60013515 179.09852600097656 69.97956085205078 210.6971893310547 102.00226593017578
airplane 0.58365566 54.0302734375 175.01266479492188 73.00318908691406 194.0523681640625
cat 0.45276845 165.18116760253906 22.187196731567383 193.77024841308594 51.05712127685547
frog 0.43911552 215.16685485839844 66.92744445800781 252.94557189941406 105.16961669921875
airplane 0.2902273 107.06779479980469 203.14012145996094 125.80647277832031 221.8754119873047
bird 0.23011664 40.123836517333984 52.091552734375 66.13919067382812 77.99777221679688
airplane 0.21852344 50.074058532714844 96.11216735839844 72.030029296875 117.95405578613281
dog 0.20345691 165.081298828125 22.121801376342773 193.83331298828125 51.042152404785156
