ship 0.998729 110.11400604248047 130.0713348388672 132.04261779785156 151.9538116455078
truck 0.9983748 163.0623779296875 68.0289535522461 184.9600830078125 90.04608917236328
bird 0.9976407 203.03721618652344 48.26750564575195 231.94166564941406 76.97366333007812
bird 0.9974264 77.10929870605469 167.96441650390625 106.05906677246094 197.0025634765625
deer 0.9963419 14.113250732421875 175.09915161132812 43.049346923828125 203.84783935546875
automobile 0.9960779 45.079750061035156 149.98822021484375 71.16565704345703 176.04718017578125
truck 0.99603605 127.96044921875 24.959484100341797 159.81976318359375 56.933109283447266
frog 0.9924516 163.0591583251953 165.97084045410156 197.94447326660156 200.8997344970703
frog 0.98790884 146.8739776611328 133.95361328125 166.0184783935547 153.01724243164062
airplane 0.97157264 56.06858825683594 112.03201293945312 81.88230895996094 137.76979064941406
truck 0.9519398 114.08048248291016 89.9395751953125 146.0936737060547 122.27886962890625
dog 0.8794073 176.02552795410156 207.96458435058594 214.08018493652344 246.0135040283203
ship 0.8622414 11.037212371826172 107.13652801513672 49.09783935546875 144.95654296875
deer 0.8606745 26.127941131591797 2.050288200378418 48.04159164428711 24.018428802490234
truck 0.6650764 131.0690460205078 57.98084259033203 159.72767639160156 87.03661346435547
bird 0.6359494 208.9820556640625 139.01034545898438 238.0050048828125 168.0438232421875
truck 0.5962767 26.2246150970459 1.9741735458374023 47.89775085449219 24.046531677246094
airplane 0.56602967 11.035547256469727 107.16136932373047 49.25360870361328 144.9481201171875
cat 0.497268 26.2246150970459 1.9741735458374023 47.89775085449219 24.046531677246094
deer 0.4809241 45.32703399658203 189.94276428222656 67.15397644042969 212.17921447753906
frog 0.44053942 208.9820556640625 139.01034545898438 238.0050048828125 168.0438232421875
cat 0.3933072 208.9820556640625 139.01034545898438 238.0050048828125 168.0438232421875
cat 0.36226046 131.0690460205078 57.98084259033203 159.72767639160156 87.03661346435547
deer 0.30397135 205.1078643798828 6.218223571777344 236.97084045410156 38.09577178955078
ship 0.26243323 114.08048248291016 89.9395751953125 146.0936737060547 122.27886962890625
