ship 0.99903667 79.15769958496094 22.091299057006836 111.08319091796875 53.99146270751953
airplane 0.99684 10.018056869506836 104.09971618652344 31.925722122192383 125.99595642089844
bird 0.99676806 153.12010192871094 189.21450805664062 190.75697326660156 227.03900146484375
deer 0.9928714 163.0079345703125 155.081298828125 185.00634765625 177.0037841796875
bird 0.9880306 133.19154357910156 15.087244033813477 171.0253143310547 52.873687744140625
truck 0.986778 75.05410766601562 153.07081604003906 97.06831359863281 174.79698181152344
truck 0.9850625 146.029541015625 66.29190826416016 174.8138427734375 94.9884262084961
dog 0.9806067 176.35305786132812 76.94483184814453 192.01644897460938 93.2032241821289
bird 0.97036314 19.012916564941406 138.89390563964844 54.08238983154297 174.0768585205078
frog 0.9700476 82.05364990234375 181.0421600341797 119.85101318359375 218.4361114501953
bird 0.96195114 41.0238037109375 80.0175552368164 73.0452880859375 112.0598373413086
dog 0.9512743 40.966949462890625 80.02629089355469 73.00588989257812 112.09716796875
bird 0.91229 43.08064270019531 204.07723999023438 62.01464080810547 222.90121459960938
ship 0.8799342 177.8836669921875 95.88020324707031 197.03643798828125 115.11164855957031
ship 0.8374059 136.0174102783203 134.16981506347656 155.15281677246094 153.0116729736328
deer 0.81097734 191.16806030273438 147.12750244140625 209.98516845703125 165.82977294921875
deer 0.7817722 77.0809097290039 111.10798645019531 95.9483871459961 130.0479278564453
airplane 0.6183879 177.96539306640625 95.79314422607422 196.90713500976562 115.05811309814453
dog 0.4059844 136.0321807861328 134.10890197753906 155.09153747558594 152.8964080810547
cat 0.38939914 136.0321807861328 134.10890197753906 155.09153747558594 152.8964080810547
airplane 0.36223215 77.1375732421875 111.11603546142578 95.96577453613281 130.10914611816406
airplane 0.32473 191.16806030273438 147.12750244140625 209.98516845703125 165.82977294921875
airplane 0.32245272 43.047637939453125 204.04234313964844 61.94841003417969 222.9022979736328
airplane 0.31102276 136.0321807861328 134.10890197753906 155.09153747558594 152.8964080810547
bird 0.22828826 77.04531860351562 111.07220458984375 96.03038024902344 130.0298309326172
cat 0.21918684 177.96539306640625 95.79314422607422 196.90713500976562 115.05811309814453
deer 0.2096946 41.09716796875 80.03279876708984 73.07418823242188 112.11461639404297
