truck 0.99847627 189.0093536376953 130.0407257080078 214.95787048339844 156.0538787841797
automobile 0.99672234 11.0343017578125 183.1265106201172 29.985374450683594 201.9066619873047
automobile 0.9961917 106.99319458007812 19.236770629882812 145.02810668945312 57.129547119140625
automobile 0.9956214 60.93000793457031 211.96432495117188 96.0023193359375 247.00115966796875
cat 0.99378884 5.969919204711914 213.0471954345703 43.91033935546875 251.0707550048828
truck 0.9920936 182.10020446777344 54.049537658691406 219.9676055908203 92.02625274658203
ship 0.99132895 156.0358428955078 214.9958953857422 175.0557403564453 233.91392517089844
bird 0.9902303 75.16780090332031 148.04714965820312 112.97801208496094 185.60958862304688
deer 0.97786784 2.1192359924316406 54.181976318359375 40.31056594848633 91.96847534179688
dog 0.9776049 120.98652648925781 60.96022033691406 153.0376434326172 93.02667236328125
bird 0.9641851 117.95285034179688 150.09014892578125 140.07461547851562 172.04794311523438
dog 0.9586935 14.290470123291016 119.10383605957031 39.925418853759766 145.00694274902344
frog 0.95671177 160.05836486816406 52.21757888793945 179.0823211669922 71.11492919921875
truck 0.9436377 167.95941162109375 116.97605895996094 187.17132568359375 136.05792236328125
deer 0.80494994 41.124244689941406 108.01758575439453 79.01742553710938 145.93096923828125
dog 0.777459 177.0106658935547 11.96082878112793 196.0161590576172 31.051298141479492
bird 0.6950822 177.0813446044922 12.034420013427734 196.09986877441406 30.96866226196289
frog 0.6635891 41.124244689941406 108.01758575439453 79.01742553710938 145.93096923828125
deer 0.5729396 164.13107299804688 175.1090545654297 186.11471557617188 196.9470672607422
frog 0.49892616 117.95285034179688 150.09014892578125 140.07461547851562 172.04794311523438
ship 0.44005656 164.0288543701172 175.151123046875 186.1348114013672 197.084228515625
cat 0.34743375 164.13107299804688 175.1090545654297 186.11471557617188 196.9470672607422
frog 0.3099835 120.9791259765625 60.85871887207031 153.08740234375 92.94596862792969
deer 0.27587473 13.201851844787598 17.914222717285156 42.15507507324219 47.049461364746094
dog 0.27232713 42.19911575317383 70.6277847290039 74.0244140625 103.07274627685547
automobile 0.2597065 164.13107299804688 175.1090545654297 186.11471557617188 196.9470672607422
cat 0.24979499 177.08460998535156 12.06484603881836 196.03794860839844 31.022899627685547
truck 0.24653083 164.0288543701172 175.151123046875 186.1348114013672 197.084228515625
airplane 0.23881274 41.124244689941406 108.01758575439453 79.01742553710938 145.93096923828125
airplane 0.23156956 164.05665588378906 175.10154724121094 186.07664489746094 197.04771423339844
bird 0.23050475 42.19911575317383 70.6277847290039 74.0244140625 103.07274627685547
deer 0.20270658 160.0371551513672 52.17906951904297 179.04722595214844 71.0845947265625
