frog 0.9974881 84.05889892578125 12.077014923095703 113.1014404296875 41.04426956176758
automobile 0.9969945 154.19332885742188 3.936187744140625 191.91131591796875 42.097312927246094
truck 0.9969261 4.137578964233398 72.17931365966797 39.11504364013672 106.84705352783203
bird 0.9962357 92.90653991699219 210.00115966796875 128.0113067626953 244.85711669921875
automobile 0.9957831 62.98980712890625 180.66896057128906 88.8675537109375 207.0451202392578
ship 0.9949004 149.1135711669922 170.14186096191406 183.9788055419922 205.0757598876953
deer 0.99289453 163.97735595703125 112.07231903076172 195.95156860351562 144.1053924560547
automobile 0.9890938 179.04165649414062 209.02980041503906 217.0128173828125 247.1121368408203
deer 0.9890331 137.05824279785156 55.0263671875 172.04945373535156 90.11184692382812
truck 0.98818064 25.074386596679688 177.9397735595703 50.939186096191406 203.8402862548828
deer 0.98435044 74.07081604003906 88.90208435058594 99.914306640625 115.12188720703125
cat 0.95072556 202.3958282470703 120.92716979980469 230.9628448486328 149.8411407470703
airplane 0.7245805 126.98725891113281 104.98650360107422 162.18141174316406 140.01673889160156
deer 0.67919344 13.827815055847168 205.2309112548828 40.06047439575195 231.10292053222656
bird 0.6706948 96.48600769042969 128.054931640625 114.99514770507812 147.1446533203125
cat 0.63585055 8.98713207244873 127.97899627685547 31.13460922241211 150.00323486328125
deer 0.58817005 53.753578186035156 124.74308013916016 83.26737213134766 153.12908935546875
dog 0.51634717 9.019242286682129 127.95439910888672 31.11888885498047 150.0775146484375
cat 0.5095744 126.98725891113281 104.98650360107422 162.18141174316406 140.01673889160156
deer 0.4937602 67.15686798095703 211.1851043701172 88.91971588134766 233.03565979003906
dog 0.48691177 202.3618621826172 120.997314453125 231.0569305419922 149.86968994140625
frog 0.45909128 67.15686798095703 211.1851043701172 88.91971588134766 233.03565979003906
airplane 0.35219017 163.988037109375 112.19511413574219 195.99197387695312 144.2034149169922
bird 0.32635945 126.98725891113281 104.98650360107422 162.18141174316406 140.01673889160156
frog 0.32366145 127.05170440673828 105.1281967163086 162.04168701171875 140.08731079101562
cat 0.30546522 53.84845733642578 124.94157409667969 83.2345199584961 153.0783233642578
cat 0.30455 96.37307739257812 128.07191467285156 114.99275207519531 147.0399932861328
frog 0.29899353 13.763824462890625 205.34747314453125 39.976078033447266 231.0718994140625
airplane 0.26940447 9.119362831115723 128.13308715820312 30.952178955078125 150.02090454101562
truck 0.24839127 51.97594451904297 58.14285659790039 80.79833221435547 86.97309875488281
deer 0.22149414 126.98725891113281 104.98650360107422 162.18141174316406 140.01673889160156
ship 0.2210916 96.46670532226562 128.021728515625 114.97073364257812 147.006103515625
cat 0.20672783 13.959988594055176 205.18382263183594 40.06077575683594 231.0642547607422
