ship 0.99939495 201.89019775390625 131.93121337890625 231.05117797851562 160.7371826171875
truck 0.9975983 7.173164367675781 176.15176391601562 33.068458557128906 202.03146362304688
automobile 0.99738324 104.11581420898438 7.0679168701171875 136.1337432861328 38.978336334228516
truck 0.99734455 193.01303100585938 86.05823516845703 225.13265991210938 117.9907455444336
airplane 0.9953013 133.14500427246094 123.09982299804688 162.05360412597656 151.98233032226562
dog 0.99131775 50.05257034301758 13.169594764709473 68.98755645751953 31.94499969482422
bird 0.99046963 162.96946716308594 146.96865844726562 188.99510192871094 173.18728637695312
ship 0.9898733 157.02207946777344 90.01580047607422 186.0959014892578 112.51068878173828
automobile 0.9897424 197.09002685546875 163.00921630859375 231.87799072265625 197.17337036132812
cat 0.9861015 97.11170196533203 85.05464935302734 112.99645233154297 101.00218963623047
airplane 0.9847896 191.90695190429688 47.1128044128418 221.06936645507812 76.06041717529297
truck 0.9723296 89.87866973876953 188.23008728027344 121.93549346923828 219.9147186279297
frog 0.9693162 140.94281005859375 201.76136779785156 178.85415649414062 239.88246154785156
dog 0.96045375 113.97920989990234 48.188106536865234 135.93252563476562 70.1133804321289
frog 0.9416796 84.20103454589844 111.09464263916016 103.13706970214844 129.89505004882812
bird 0.93571085 86.0078353881836 149.06170654296875 124.06157684326172 186.66769409179688
dog 0.9062995 62.131813049316406 65.04533386230469 83.98075103759766 86.98335266113281
ship 0.8579259 20.971731185913086 100.13160705566406 53.08470916748047 131.9928436279297
airplane 0.84501696 21.05971908569336 100.10807800292969 53.10829544067383 132.05226135253906
airplane 0.8111032 191.07688903808594 3.259906768798828 212.98851013183594 25.013690948486328
airplane 0.80658925 56.970123291015625 215.099609375 75.89595031738281 234.06094360351562
bird 0.75741714 56.896270751953125 215.1365203857422 75.89311218261719 234.1104278564453
truck 0.44079763 191.1842498779297 3.087479591369629 213.06910705566406 24.886924743652344
cat 0.42325386 84.17378234863281 111.19349670410156 103.001220703125 129.840576171875
automobile 0.3618783 89.87866973876953 188.23008728027344 121.93549346923828 219.9147186279297
automobile 0.34093487 191.1842498779297 3.087479591369629 213.06910705566406 24.886924743652344
deer 0.32065004 97.11170196533203 85.05464935302734 112.99645233154297 101.00218963623047
truck 0.22860005 114.07659912109375 48.3271484375 135.90240478515625 70.24716186523438
frog 0.21623725 85.97409057617188 149.05593872070312 124.06513977050781 186.63323974609375
deer 0.21012014 85.97409057617188 149.05593872070312 124.06513977050781 186.63323974609375
cat 0.207905 114.01453399658203 48.1558723449707 136.01473999023438 70.16339874267578
automobile 0.20064786 114.07659912109375 48.3271484375 135.90240478515625 70.24716186523438
dog 0.200176 97.11170196533203 85.05464935302734 112.99645233154297 101.00218963623047
