automobile 0.9991181 175.03065490722656 158.08340454101562 197.0664825439453 180.08847045898438
truck 0.9986829 37.79335021972656 187.97952270507812 67.11813354492188 217.04556274414062
ship 0.9978304 13.076756477355957 110.03208923339844 34.83936309814453 131.9468231201172
truck 0.997821 73.92586517333984 40.05323791503906 111.92090606689453 78.2188491821289
automobile 0.99735403 174.1208038330078 187.03318786621094 202.99549865722656 215.8407745361328
ship 0.9945265 207.08724975585938 31.938899993896484 226.01495361328125 51.04703140258789
bird 0.99445057 35.97914123535156 102.00015258789062 74.0523681640625 140.1068115234375
frog 0.9932617 112.11811828613281 5.011788368225098 138.2163543701172 30.97441864013672
airplane 0.99279565 0.8555774688720703 166.9698944091797 36.02509307861328 202.9003448486328
bird 0.99228084 159.01284790039062 95.98800659179688 185.03646850585938 122.07037353515625
frog 0.99194956 151.98204040527344 5.044110298156738 184.04933166503906 37.024295806884766
frog 0.98681915 99.1291275024414 179.17503356933594 134.0463104248047 214.1032257080078
bird 0.9852542 143.11314392089844 61.019775390625 175.15940856933594 92.9146728515625
ship 0.979313 197.84710693359375 0.9876327514648438 223.89617919921875 26.984432220458984
deer 0.95157456 79.9202651977539 140.9773712158203 106.06258392333984 167.1244354248047
dog 0.9268898 213.7998809814453 203.01962280273438 243.1467742919922 231.8935546875
cat 0.8958247 196.13169860839844 102.99008178710938 234.15333557128906 140.9531707763672
dog 0.81796 49.02163314819336 39.17915725708008 71.05453491210938 61.06058883666992
automobile 0.70255476 49.03117370605469 39.12068557739258 71.04251861572266 60.94196701049805
dog 0.66356635 1.0163745880126953 208.2541046142578 36.27593994140625 243.1139678955078
deer 0.56153864 0.9841804504394531 208.22772216796875 36.137969970703125 243.162353515625
cat 0.54453176 143.06793212890625 61.019798278808594 175.07769775390625 92.90088653564453
cat 0.29578537 49.018497467041016 39.05438995361328 71.10572052001953 60.76318359375
frog 0.26212054 49.03117370605469 39.12068557739258 71.04251861572266 60.94196701049805
cat 0.23941359 0.9751472473144531 208.12725830078125 36.031307220458984 243.14468383789062
deer 0.20040148 196.09567260742188 103.02740478515625 234.08108520507812 141.0034637451172
