ship 0.99838316 198.1199188232422 125.14476013183594 220.0688934326172 147.0210418701172
truck 0.998088 161.9041290283203 57.11814880371094 200.0756072998047 95.13516235351562
automobile 0.99784887 146.1500244140625 4.259158134460449 164.858642578125 23.082889556884766
deer 0.99763215 85.11438751220703 68.16966247558594 123.06218719482422 106.11660766601562
automobile 0.99614584 67.95085906982422 154.12290954589844 106.04561614990234 191.87559509277344
frog 0.9932911 64.99237060546875 109.03839874267578 103.07913208007812 147.00643920898438
dog 0.98773706 136.04258728027344 150.0879364013672 154.98683166503906 169.01759338378906
dog 0.9873078 46.02341842651367 171.9073944091797 62.00278091430664 188.0435028076172
airplane 0.98532754 6.930202484130859 212.04551696777344 45.11301040649414 250.0098419189453
deer 0.98402476 212.21153259277344 68.9661865234375 237.9156951904297 94.98568725585938
bird 0.98277694 192.0738067626953 103.95195770263672 207.98561096191406 120.11695098876953
deer 0.9763764 211.9734649658203 177.0670166015625 250.09922790527344 214.871826171875
deer 0.8937719 207.04928588867188 17.01729965209961 222.98736572265625 32.99665832519531
frog 0.86218846 207.000244140625 16.96776008605957 223.0052490234375 33.00770568847656
cat 0.622319 156.98634338378906 186.09426879882812 191.9820098876953 220.95587158203125
bird 0.61612415 9.077679634094238 148.0992431640625 35.05143356323242 173.93170166015625
airplane 0.56661767 70.02030944824219 208.01437377929688 89.00459289550781 227.00643920898438
bird 0.5442763 100.52606201171875 197.7833251953125 139.02679443359375 235.63739013671875
cat 0.53661895 100.82352447509766 198.130859375 138.95713806152344 236.177490234375
cat 0.41495258 69.9710693359375 208.04698181152344 89.02169799804688 226.9633026123047
ship 0.39852554 69.9710693359375 208.04698181152344 89.02169799804688 226.9633026123047
deer 0.36153293 154.11245727539062 108.93523406982422 179.8870849609375 133.89173889160156
automobile 0.33790016 154.11245727539062 108.93523406982422 179.8870849609375 133.89173889160156
cat 0.3257271 192.06092834472656 103.95024108886719 207.9821319580078 120.11944580078125
airplane 0.30410823 154.11245727539062 108.93523406982422 179.8870849609375 133.89173889160156
bird 0.28494215 156.98634338378906 186.09426879882812 191.9820098876953 220.95587158203125
ship 0.26246417 100.82352447509766 198.130859375 138.95713806152344 236.177490234375
cat 0.24804091 72.2170639038086 13.119733810424805 98.14546966552734 39.03815460205078
cat 0.20569468 46.02341842651367 171.9073944091797 62.00278091430664 188.0435028076172
