airplane 0.99874824 6.167101860046387 100.11723327636719 35.076499938964844 128.91348266601562
dog 0.9978877 50.121726989746094 163.30604553222656 78.87506866455078 192.0098419189453
ship 0.9967718 83.99540710449219 120.93917083740234 100.02899169921875 137.02590942382812
truck 0.9955236 46.066078186035156 114.04431915283203 80.93754577636719 148.94085693359375
frog 0.9950347 159.0996856689453 63.14265060424805 180.96827697753906 85.0958251953125
dog 0.9932797 203.0798797607422 102.01271057128906 228.9008331298828 127.90168762207031
dog 0.9905366 96.11272430419922 165.93807983398438 134.02398681640625 203.95986938476562
deer 0.9880261 103.94482421875 35.057918548583984 142.04501342773438 73.0513916015625
deer 0.9871805 188.09164428710938 11.09249496459961 206.87109375 30.0146484375
cat 0.98685163 173.01010131835938 216.190673828125 207.92678833007812 251.03167724609375
airplane 0.98578227 32.96922302246094 45.079368591308594 67.93291473388672 80.05067443847656
deer 0.9747432 24.054841995239258 141.06654357910156 42.984840393066406 159.9658660888672
frog 0.9607456 209.2014617919922 211.9144287109375 243.87489318847656 247.13076782226562
ship 0.94237685 6.932188987731934 185.10147094726562 28.948699951171875 207.05593872070312
dog 0.8932923 155.12652587890625 98.18721008300781 181.02618408203125 123.96694946289062
frog 0.8925478 147.17869567871094 7.037192344665527 176.06736755371094 36.15022277832031
airplane 0.8896166 148.03623962402344 160.1889190673828 186.1622772216797 198.15733337402344
deer 0.8645372 215.05418395996094 162.9873809814453 247.05189514160156 195.23817443847656
deer 0.71722585 125.13089752197266 130.0731658935547 144.02198791503906 148.9932098388672
frog 0.70046645 215.1001434326172 162.95724487304688 247.02378845214844 195.08892822265625
ship 0.6776988 125.13089752197266 130.0731658935547 144.02198791503906 148.9932098388672
cat 0.41978338 155.09910583496094 98.19137573242188 181.01515197753906 124.04515075683594
airplane 0.40580273 6.902585983276367 185.1058349609375 29.04657554626465 207.17721557617188
bird 0.3749534 148.0732421875 160.3107452392578 186.046142578125 198.3618927001953
cat 0.37289506 147.26898193359375 7.074997901916504 175.97637939453125 36.02932357788086
cat 0.37046146 215.05418395996094 162.9873809814453 247.05189514160156 195.23817443847656
truck 0.3164038 125.13089752197266 130.0731658935547 144.02198791503906 148.9932098388672
cat 0.30200234 125.13089752197266 130.0731658935547 144.02198791503906 148.9932098388672
dog 0.3001653 124.95268249511719 130.01467895507812 143.82872009277344 149.04910278320312
truck 0.2566265 215.05418395996094 162.9873809814453 247.05189514160156 195.23817443847656
bird 0.24050367 125.13089752197266 130.0731658935547 144.02198791503906 148.9932098388672
bird 0.24002543 215.15611267089844 162.97727966308594 247.06532287597656 195.1120147705078
cat 0.20918062 209.1112518310547 212.07508850097656 243.8513641357422 247.05210876464844
