frog 0.9969207 213.9384002685547 175.10906982421875 243.03477478027344 203.733642578125
bird 0.99689686 140.0121307373047 4.950488090515137 168.9242706298828 34.08588409423828
bird 0.9963369 182.07583618164062 62.99828338623047 219.961181640625 101.04850006103516
deer 0.9951657 44.997169494628906 78.99888610839844 82.9592514038086 117.05299377441406
airplane 0.99441797 77.9706039428711 151.1160125732422 116.03821563720703 189.07167053222656
dog 0.9940897 8.976017951965332 116.17227935791016 35.022953033447266 142.0634307861328
dog 0.9930425 128.96356201171875 106.10546875 150.99905395507812 128.06903076171875
cat 0.99297166 161.87538146972656 111.34977722167969 196.8482208251953 145.94239807128906
bird 0.9924872 215.22616577148438 16.12343978881836 250.05181884765625 50.97159957885742
airplane 0.99243057 51.97309875488281 21.98062515258789 70.95703125 41.04861831665039
frog 0.98834836 104.08475494384766 121.09169006347656 126.03644561767578 142.99940490722656
automobile 0.9829473 187.0762481689453 207.38809204101562 225.1241912841797 245.568603515625
automobile 0.97305423 214.18878173828125 120.0108871459961 236.06332397460938 142.1875762939453
bird 0.9618248 149.95469665527344 192.26235961914062 176.02207946777344 218.15390014648438
cat 0.9307604 139.0429229736328 147.1199951171875 176.9320526123047 185.14691162109375
airplane 0.87832236 30.080110549926758 214.93589782714844 45.964698791503906 230.96495056152344
cat 0.85470456 62.031681060791016 190.22813415527344 87.96216583251953 215.8583221435547
automobile 0.849143 142.00469970703125 74.89952850341797 164.0556640625 97.04936981201172
cat 0.8331627 110.12776184082031 35.04341125488281 148.04347229003906 73.00492858886719
airplane 0.7197114 4.0408124923706055 172.13388061523438 35.93492889404297 204.05654907226562
dog 0.63033634 110.25586700439453 35.08333969116211 148.05264282226562 73.1446533203125
bird 0.5891493 30.102859497070312 215.0200958251953 45.980430603027344 230.97438049316406
frog 0.45597136 139.02760314941406 147.2510528564453 176.96766662597656 185.1072540283203
ship 0.44932398 30.080110549926758 214.93589782714844 45.964698791503906 230.96495056152344
deer 0.41030025 4.04440975189209 172.04815673828125 35.89043045043945 204.01864624023438
frog 0.38619316 141.98843383789062 74.92127990722656 164.01861572265625 96.92013549804688
truck 0.27306005 141.98843383789062 74.92127990722656 164.01861572265625 96.92013549804688
