automobile 0.9983041 141.98703002929688 156.10543823242188 161.02117919921875 175.0191650390625
automobile 0.9980625 146.21044921875 101.06298828125 174.89022827148438 130.07907104492188
bird 0.9979259 155.00115966796875 49.14016342163086 183.89450073242188 78.07205200195312
deer 0.99763197 175.08265686035156 9.06101131439209 207.0595245361328 41.00119400024414
ship 0.9974104 176.0350799560547 133.00930786132812 213.86097717285156 170.83425903320312
frog 0.9970594 42.06513977050781 5.257964134216309 68.07805633544922 31.121936798095703
dog 0.9963664 64.11827850341797 111.06536865234375 101.91349029541016 148.97442626953125
airplane 0.99543154 136.9205322265625 196.06056213378906 172.1251220703125 230.92649841308594
bird 0.99203753 87.00543975830078 65.93954467773438 121.9576187133789 101.04864501953125
bird 0.9895483 95.96092224121094 172.08526611328125 134.0336151123047 210.02151489257812
truck 0.9886843 3.984872817993164 210.00198364257812 41.769065856933594 247.89163208007812
frog 0.98377436 48.95671844482422 213.10781860351562 84.0002212524414 248.04837036132812
automobile 0.9771664 1.1967048645019531 58.11640167236328 35.94041442871094 93.11246490478516
cat 0.9726902 8.263702392578125 105.1769790649414 36.94029235839844 133.9801788330078
automobile 0.89952266 70.98585510253906 47.09561538696289 87.03115844726562 62.972232818603516
deer 0.8895973 106.15791320800781 213.99964904785156 122.09596252441406 230.08644104003906
bird 0.7982837 188.04229736328125 82.97651672363281 204.02120971679688 99.1363525390625
ship 0.70886385 71.01766204833984 47.11594772338867 87.00371551513672 62.88504409790039
automobile 0.66503114 175.18711853027344 215.927001953125 207.0199737548828 248.01205444335938
dog 0.56269234 136.9891357421875 4.009871482849121 155.97518920898438 23.010345458984375
dog 0.38755906 175.1729278564453 215.90805053710938 207.0071258544922 248.02374267578125
truck 0.3742906 71.01766204833984 47.11594772338867 87.00371551513672 62.88504409790039
truck 0.3351872 106.19113159179688 213.91827392578125 122.01115417480469 230.09274291992188
bird 0.3095196 175.18711853027344 215.927001953125 207.0199737548828 248.01205444335938
cat 0.287153 106.15791320800781 213.99964904785156 122.09596252441406 230.08644104003906
deer 0.27215868 175.18711853027344 215.927001953125 207.0199737548828 248.01205444335938
frog 0.23135054 71.01766204833984 47.11594772338867 87.00371551513672 62.88504409790039
frog 0.22991154 106.15791320800781 213.99964904785156 122.09596252441406 230.08644104003906
