bird 0.99869716 62.9725456237793 151.92144775390625 85.02845764160156 174.07302856445312
airplane 0.99826574 60.00414276123047 116.03679656982422 92.05841827392578 148.0219268798828
dog 0.9978025 170.03170776367188 94.42868041992188 196.15603637695312 119.85531616210938
frog 0.9976915 175.18719482421875 211.01150512695312 201.05911254882812 236.94149780273438
deer 0.99764955 179.02096557617188 55.18236541748047 213.94049072265625 90.12393951416016
airplane 0.9976262 30.118627548217773 45.15653991699219 61.981956481933594 77.07708740234375
airplane 0.99656796 185.9873504638672 129.99591064453125 212.07606506347656 155.98757934570312
automobile 0.99583983 33.067359924316406 85.84410095214844 62.061424255371094 114.9266357421875
dog 0.99369943 73.07064819335938 190.06735229492188 105.08930969238281 222.18789672851562
automobile 0.9877719 151.9990692138672 173.02334594726562 168.0242462158203 189.05838012695312
truck 0.983235 74.10840606689453 20.045562744140625 103.02645111083984 48.950958251953125
automobile 0.97928584 147.11940002441406 6.853536605834961 185.03208923339844 44.83744812011719
airplane 0.9741758 18.0855712890625 175.09271240234375 55.90629577636719 212.8280029296875
truck 0.9234693 5.017293930053711 6.085996627807617 21.03577995300293 22.10297203063965
deer 0.89603746 107.05575561523438 94.97442626953125 142.01708984375 129.9625244140625
frog 0.77616614 146.9980010986328 204.9064483642578 173.10023498535156 231.14353942871094
automobile 0.40779188 5.019806861877441 6.039680480957031 20.999263763427734 22.144458770751953
frog 0.37282658 38.01970672607422 6.082684516906738 64.04743957519531 32.025421142578125
automobile 0.34748992 38.01970672607422 6.082684516906738 64.04743957519531 32.025421142578125
truck 0.34081048 176.041748046875 172.1530303955078 198.01837158203125 194.1090850830078
dog 0.32464746 109.08049011230469 21.076385498046875 130.9311065673828 43.07542419433594
frog 0.27813867 5.019806861877441 6.039680480957031 20.999263763427734 22.144458770751953
truck 0.27119023 38.01970672607422 6.082684516906738 64.04743957519531 32.025421142578125
ship 0.2553106 151.9990692138672 173.02334594726562 168.0242462158203 189.05838012695312
airplane 0.24368805 152.02578735351562 173.02557373046875 168.05230712890625 189.01577758789062
automobile 0.23111653 146.8959503173828 205.03182983398438 173.00123596191406 231.07373046875
cat 0.20110074 108.93392944335938 20.981416702270508 131.0140380859375 43.11363220214844
