truck 0.99890304 98.15477752685547 196.11141967773438 129.66383361816406 227.95660400390625
ship 0.9981512 0.1728506088256836 175.07701110839844 31.867725372314453 207.0375518798828
dog 0.9974071 143.99118041992188 3.0466766357421875 176.12896728515625 35.10065841674805
deer 0.99663186 79.99620819091797 69.2094955444336 109.0909194946289 98.02864837646484
deer 0.99633443 158.15670776367188 99.14753723144531 192.95565795898438 133.8614501953125
ship 0.99589765 129.89822387695312 140.13381958007812 165.0810546875 175.1314697265625
ship 0.9956342 57.01849365234375 15.046201705932617 92.09269714355469 49.88098907470703
automobile 0.9947541 24.093097686767578 87.97940063476562 61.804813385009766 126.01541137695312
automobile 0.9918196 33.99522399902344 197.8632354736328 66.14984130859375 229.99293518066406
truck 0.9904589 203.02125549316406 117.12010955810547 219.0771942138672 133.00823974609375
cat 0.98989713 4.016168594360352 27.100929260253906 30.00239372253418 53.109039306640625
cat 0.9877521 124.94762420654297 68.13134002685547 153.8623046875 97.0526351928711
dog 0.98545766 206.1118621826172 201.85968017578125 240.88755798339844 236.98733520507812
automobile 0.9680469 87.07328033447266 165.05111694335938 108.9828109741211 187.12301635742188
bird 0.96716565 98.12574768066406 102.89462280273438 123.96766662597656 129.12742614746094
deer 0.9616173 153.99526977539062 183.03868103027344 188.96377563476562 218.0886688232422
airplane 0.9426541 33.10660934448242 167.97422790527344 58.968868255615234 194.5458221435547
dog 0.9055796 199.1232147216797 6.037224769592285 221.0401153564453 28.094024658203125
deer 0.90182436 160.12005615234375 38.87735366821289 188.96493530273438 67.96138000488281
deer 0.894519 100.00260925292969 17.029481887817383 138.00027465820312 54.74528503417969
automobile 0.5274999 203.02125549316406 117.12010955810547 219.0771942138672 133.00823974609375
cat 0.49780738 199.12973022460938 6.072076797485352 220.98809814453125 28.127424240112305
airplane 0.40586677 99.93753814697266 17.1624698638916 138.13221740722656 54.84673309326172
ship 0.24256754 202.9247589111328 117.04019927978516 219.0565643310547 133.00579833984375
truck 0.23579007 87.09867858886719 165.14466857910156 109.05952453613281 186.88710021972656
frog 0.21453029 202.9247589111328 117.04019927978516 219.0565643310547 133.00579833984375
frog 0.21258652 87.11470031738281 165.01016235351562 109.19178771972656 186.944091796875
