frog 0.99848187 205.01751708984375 150.12289428710938 237.03518676757812 182.0692138671875
truck 0.9982947 95.21512603759766 48.03132247924805 127.08731842041016 80.03428649902344
deer 0.99813235 178.04177856445312 94.94708251953125 206.93856811523438 124.0023193359375
truck 0.9969319 29.0238094329834 176.8555145263672 54.963218688964844 202.9190216064453
automobile 0.99635303 51.07493591308594 28.999053955078125 79.99012756347656 57.88157653808594
dog 0.99617076 77.23857116699219 178.07310485839844 98.96868896484375 200.16358947753906
bird 0.9957423 20.12217903137207 100.86869812011719 36.059837341308594 117.03410339355469
automobile 0.9949109 89.07929229736328 139.27194213867188 127.03447723388672 177.00228881835938
frog 0.99462926 166.23374938964844 185.02093505859375 200.8203582763672 219.99951171875
airplane 0.99414086 164.98452758789062 17.052770614624023 197.01458740234375 49.12336730957031
dog 0.9939054 11.015636444091797 119.69425201416016 33.1031494140625 142.04864501953125
airplane 0.99219334 42.99034881591797 119.87208557128906 59.002471923828125 135.9784393310547
truck 0.9921055 156.18736267089844 143.02932739257812 174.67149353027344 162.14620971679688
bird 0.9767535 55.999168395996094 85.105712890625 88.08617401123047 116.88323974609375
automobile 0.9766254 3.2147693634033203 25.136445999145508 21.891508102416992 44.10601806640625
automobile 0.8724786 204.88333129882812 34.02159118652344 224.0455322265625 53.050636291503906
frog 0.85966605 14.095258712768555 80.07723236083984 33.127044677734375 98.7779769897461
frog 0.85135067 45.998748779296875 153.17779541015625 68.11328887939453 175.13668823242188
frog 0.7789485 72.0399169921875 118.34754180908203 90.95921325683594 137.00592041015625
ship 0.77775395 204.8627471923828 34.01966857910156 224.0480499267578 53.042877197265625
bird 0.62673664 211.04762268066406 185.01394653320312 242.95289611816406 215.8565673828125
ship 0.58261395 42.99034881591797 119.87208557128906 59.002471923828125 135.9784393310547
cat 0.54529613 14.01050090789795 80.13150024414062 33.09398651123047 98.80195617675781
truck 0.40773177 211.05401611328125 185.03660583496094 242.92697143554688 215.89561462402344
dog 0.33155882 210.94473266601562 184.93505859375 242.90396118164062 215.84677124023438
deer 0.28248817 56.12753677368164 84.99639892578125 88.34291076660156 117.05976867675781
dog 0.2565335 72.0399169921875 118.34754180908203 90.95921325683594 137.00592041015625
ship 0.25064528 156.18736267089844 143.02932739257812 174.67149353027344 162.14620971679688
deer 0.25056374 43.046348571777344 119.93402862548828 59.05537414550781 135.93374633789062
truck 0.22508228 72.09503936767578 118.1612548828125 91.04651641845703 136.96829223632812
automobile 0.2145539 72.09503936767578 118.1612548828125 91.04651641845703 136.96829223632812
