truck 0.99855113 170.87181091308594 47.94814682006836 209.1104278564453 85.82052612304688
airplane 0.99780566 134.1878662109375 30.118579864501953 165.94119262695312 61.94858932495117
ship 0.9974061 102.0318603515625 153.933837890625 124.14695739746094 175.91473388671875
automobile 0.99723434 215.12962341308594 2.9772510528564453 234.09571838378906 22.07545280456543
frog 0.99705863 9.055423736572266 91.96165466308594 28.062381744384766 110.96104431152344
automobile 0.99496746 0.0 6.963163375854492 35.01818084716797 41.84125518798828
frog 0.9924221 206.02903747558594 100.09025573730469 240.95347595214844 134.9176788330078
truck 0.9921069 191.0389404296875 195.1288299560547 223.1083984375 227.0166778564453
bird 0.9893614 7.958829879760742 127.9600830078125 46.00141906738281 165.90380859375
automobile 0.986666 139.98719787597656 117.06177520751953 162.11058044433594 139.04324340820312
deer 0.9850913 83.26533508300781 45.99007034301758 108.97097778320312 72.0345687866211
frog 0.9220865 57.01765060424805 181.82130432128906 86.125244140625 211.05567932128906
frog 0.9074843 108.21443176269531 103.1624526977539 130.11366271972656 125.22382354736328
cat 0.8763821 15.069038391113281 54.19458770751953 40.94631576538086 79.9917221069336
airplane 0.8313355 152.15162658691406 160.09413146972656 190.06639099121094 197.8645782470703
frog 0.8070824 145.03982543945312 212.38772583007812 162.3148193359375 230.0125732421875
dog 0.6515384 15.069038391113281 54.19458770751953 40.94631576538086 79.9917221069336
cat 0.6132866 152.11134338378906 160.03524780273438 190.05665588378906 198.10675048828125
dog 0.601674 54.822959899902344 97.98831939697266 89.66393280029297 133.24476623535156
truck 0.55416477 107.985107421875 103.0986557006836 130.14208984375 125.1092758178711
deer 0.5172008 143.04461669921875 85.00382995605469 161.93753051757812 104.06895446777344
cat 0.45997986 54.92942810058594 98.02760314941406 89.95378112792969 133.23789978027344
dog 0.4421827 57.01765060424805 181.82130432128906 86.125244140625 211.05567932128906
bird 0.35702783 143.08340454101562 85.13694763183594 162.00054931640625 104.01911926269531
frog 0.3126642 143.08340454101562 85.13694763183594 162.00054931640625 104.01911926269531
cat 0.29002386 145.04969787597656 212.16000366210938 162.38414001464844 229.81924438476562
ship 0.21364862 152.15444946289062 160.04928588867188 189.99533081054688 198.02587890625
ship 0.21338773 139.96942138671875 117.06473541259766 162.11993408203125 138.99508666992188
deer 0.20925894 15.069038391113281 54.19458770751953 40.94631576538086 79.9917221069336
cat 0.20818985 143.08340454101562 85.13694763183594 162.00054931640625 104.01911926269531
