frog 0.9992597 48.846946716308594 63.91532897949219 77.84394073486328 93.05351257324219
frog 0.99848664 106.151123046875 179.98748779296875 137.99444580078125 212.20538330078125
bird 0.99782157 123.02151489257812 4.023050308227539 161.12152099609375 42.216331481933594
ship 0.99779814 107.76283264160156 135.93666076660156 145.9878387451172 173.87730407714844
ship 0.9973507 206.10484313964844 177.95347595214844 231.9696502685547 204.02427673339844
frog 0.9952731 101.07589721679688 93.14585876464844 119.8795166015625 111.95741271972656
deer 0.9949167 55.00287628173828 104.93623352050781 84.07305145263672 133.9779815673828
automobile 0.9948784 186.04049682617188 10.186765670776367 207.84713745117188 31.91624641418457
deer 0.9910705 56.888362884521484 184.9427947998047 92.03511047363281 220.0017852783203
deer 0.9814404 100.0773696899414 45.017921447753906 132.01165771484375 76.9255142211914
cat 0.97633964 178.95834350585938 60.66802978515625 210.94842529296875 91.9764404296875
frog 0.9616168 176.57672119140625 99.01229858398438 212.36087036132812 127.81463623046875
bird 0.9533944 74.1761703491211 141.9610595703125 105.91345977783203 173.84686279296875
airplane 0.93344545 15.194971084594727 78.0791015625 46.959693908691406 109.96263122558594
bird 0.77104795 175.04949951171875 146.24273681640625 200.8800048828125 172.083251953125
dog 0.6758001 106.06170654296875 214.9100799560547 131.92755126953125 240.9920196533203
deer 0.61801624 106.06170654296875 214.9100799560547 131.92755126953125 240.9920196533203
bird 0.53472924 106.06170654296875 214.9100799560547 131.92755126953125 240.9920196533203
ship 0.41628987 106.06170654296875 214.9100799560547 131.92755126953125 240.9920196533203
truck 0.37821808 15.251355171203613 78.0739974975586 46.96607208251953 110.0158462524414
dog 0.299007 74.1761703491211 141.9610595703125 105.91345977783203 173.84686279296875
automobile 0.283854 106.06170654296875 214.9100799560547 131.92755126953125 240.9920196533203
cat 0.27587783 106.06170654296875 214.9100799560547 131.92755126953125 240.9920196533203
dog 0.22230959 178.95834350585938 60.66802978515625 210.94842529296875 91.9764404296875
