ship 0.9984979 189.0994110107422 98.02841186523438 226.99876403808594 136.00474548339844
truck 0.9976812 195.04661560058594 45.92066192626953 232.99183654785156 83.97882843017578
frog 0.99717224 55.072322845458984 153.06304931640625 73.9243392944336 172.09326171875
truck 0.9965853 176.91506958007812 163.0109405517578 195.82711791992188 182.0311737060547
bird 0.9964553 7.006635665893555 36.98830795288086 45.066062927246094 74.94248962402344
airplane 0.9961611 24.918258666992188 145.0977020263672 43.955726623535156 163.9293975830078
automobile 0.99550605 5.069039344787598 84.17425537109375 37.01670837402344 115.87406921386719
automobile 0.9935028 130.17897033691406 100.04737854003906 159.19834899902344 129.10572814941406
deer 0.9910237 79.13143920898438 20.106447219848633 114.123779296875 54.956932067871094
deer 0.9888171 152.17027282714844 206.95115661621094 187.0204315185547 241.96372985839844
deer 0.98200446 120.02112579345703 33.17262268066406 155.0893096923828 67.97512817382812
dog 0.9614309 64.06664276123047 131.99964904785156 80.0119857788086 148.10499572753906
ship 0.94978213 201.13430786132812 202.1127471923828 235.98028564453125 237.1504364013672
automobile 0.92527974 202.0042724609375 2.118724822998047 227.94207763671875 27.926668167114258
automobile 0.79415333 10.987236976623535 13.227169036865234 30.02004623413086 32.159645080566406
truck 0.7909986 76.00829315185547 56.00337600708008 98.03290557861328 78.11141967773438
truck 0.7907932 10.987236976623535 13.227169036865234 30.02004623413086 32.159645080566406
ship 0.7859334 16.98318099975586 187.11767578125 42.89969253540039 212.89816284179688
bird 0.60030675 201.0962371826172 202.12266540527344 236.0098114013672 237.00035095214844
ship 0.4965573 76.11546325683594 56.16107940673828 97.85052490234375 78.21285247802734
truck 0.34888092 202.1510467529297 2.013652801513672 227.96592712402344 28.29075050354004
airplane 0.33686596 16.98318099975586 187.11767578125 42.89969253540039 212.89816284179688
cat 0.25146824 202.1510467529297 2.013652801513672 227.96592712402344 28.29075050354004
truck 0.24671817 84.97492980957031 102.1601791381836 116.96418762207031 134.16415405273438
bird 0.21314913 16.98318099975586 187.11767578125 42.89969253540039 212.89816284179688
cat 0.20099464 64.10418701171875 132.0000457763672 80.05256652832031 148.1453399658203
ship 0.20008072 202.1510467529297 2.013652801513672 227.96592712402344 28.29075050354004
