dog 0.99844277 192.11221313476562 110.01139068603516 220.9686279296875 139.0662384033203
automobile 0.9983041 213.95452880859375 32.01832962036133 239.9525146484375 58.133419036865234
bird 0.9980278 119.92115783691406 125.144287109375 149.02098083496094 154.1263427734375
truck 0.9971105 76.02397155761719 181.99685668945312 108.12002563476562 214.14959716796875
cat 0.9966463 15.117547988891602 142.1866455078125 53.12937927246094 180.1732177734375
bird 0.993072 144.14451599121094 72.89895629882812 179.07875061035156 107.94450378417969
truck 0.9877419 17.08587074279785 214.20201110839844 32.990684509277344 230.1778106689453
frog 0.9866129 213.9753875732422 78.00257873535156 243.18849182128906 107.04537963867188
frog 0.9864401 50.073326110839844 100.91177368164062 87.8855209350586 139.02708435058594
deer 0.98347485 103.12408447265625 37.516849517822266 140.87599182128906 74.88301086425781
cat 0.9819139 83.13184356689453 146.2398223876953 117.96910858154297 181.0509490966797
cat 0.98116815 94.02300262451172 128.953857421875 110.5103988647461 144.817138671875
airplane 0.9689065 51.02677536010742 37.13555908203125 69.96381378173828 56.01043701171875
automobile 0.9614542 5.042488098144531 96.11837768554688 40.00596618652344 131.011962890625
cat 0.9479313 143.224853515625 13.63176155090332 175.201416015625 46.057044982910156
airplane 0.9257841 108.99652862548828 188.18295288085938 146.9884033203125 226.20382690429688
airplane 0.87265605 75.03207397460938 64.92091369628906 97.08541870117188 87.12991333007812
bird 0.7922832 131.98109436035156 156.0487518310547 151.04930114746094 175.2093048095703
cat 0.73055285 131.98109436035156 156.0487518310547 151.04930114746094 175.2093048095703
bird 0.5665294 180.09153747558594 26.15088653564453 198.9508819580078 45.05168151855469
truck 0.55005604 109.37147521972656 188.26116943359375 147.02980041503906 226.09017944335938
bird 0.5345323 152.91651916503906 157.01007080078125 178.8231658935547 183.102783203125
cat 0.5338337 180.10775756835938 26.00897216796875 198.9613037109375 45.06623840332031
truck 0.330265 4.949951171875 96.07284545898438 40.19996643066406 130.96131896972656
frog 0.31752113 143.224853515625 13.63176155090332 175.201416015625 46.057044982910156
dog 0.29288927 94.01057434082031 129.00872802734375 110.39710998535156 144.81668090820312
frog 0.22929385 180.09153747558594 26.15088653564453 198.9508819580078 45.05168151855469
cat 0.2097922 75.12631225585938 65.05992889404297 97.33857727050781 87.28426361083984
