cat 0.99837565 177.17930603027344 118.9308090209961 209.0153350830078 151.07106018066406
automobile 0.9983265 52.08052062988281 38.14979553222656 81.04736328125 66.97261047363281
ship 0.99673295 208.0438995361328 33.05172348022461 246.1331024169922 71.1065673828125
automobile 0.9967108 11.011933326721191 83.08941650390625 27.072891235351562 99.04319763183594
truck 0.99627864 45.93332290649414 211.05169677734375 75.1249008178711 239.877685546875
truck 0.9940307 7.9179887771606445 204.0465545654297 27.069091796875 222.97511291503906
frog 0.9913269 20.073360443115234 158.1752471923828 46.10800552368164 184.0727081298828
airplane 0.9903068 100.13092041015625 186.0322265625 138.19308471679688 224.08395385742188
deer 0.98922366 116.168701171875 122.12763214111328 142.05718994140625 148.1195068359375
ship 0.9793217 89.98302459716797 103.04994201660156 109.08026885986328 121.91139221191406
bird 0.97066885 43.06104278564453 71.13534545898438 61.99419403076172 89.95759582519531
cat 0.9657072 50.098045349121094 139.12644958496094 65.95441436767578 155.02574157714844
bird 0.9089085 124.05796813964844 162.01077270507812 143.06666564941406 181.05313110351562
ship 0.894456 168.04312133789062 3.0723257064819336 200.0411376953125 34.905113220214844
ship 0.87258625 124.02874755859375 162.00027465820312 143.07980346679688 180.9879150390625
airplane 0.82356817 208.0723876953125 176.07708740234375 246.03103637695312 213.72247314453125
truck 0.776268 167.0838623046875 170.08480834960938 186.13201904296875 188.943115234375
dog 0.7721081 19.998035430908203 9.016395568847656 45.9787712097168 35.1436882019043
truck 0.69733584 156.989990234375 57.05772399902344 179.0325927734375 78.98985290527344
cat 0.61706597 156.989990234375 57.05772399902344 179.0325927734375 78.98985290527344
airplane 0.51691306 168.09857177734375 3.1373910903930664 200.04061889648438 34.97035217285156
ship 0.4975529 50.10823059082031 139.10801696777344 66.01688385009766 155.07398986816406
cat 0.428078 43.06104278564453 71.13534545898438 61.99419403076172 89.95759582519531
bird 0.42001522 208.5597686767578 176.45944213867188 246.20985412597656 213.86712646484375
truck 0.3232565 168.09857177734375 3.1373910903930664 200.04061889648438 34.97035217285156
cat 0.30878037 168.09857177734375 3.1373910903930664 200.04061889648438 34.97035217285156
cat 0.27850175 167.0303192138672 170.0325927734375 186.11387634277344 188.9593505859375
bird 0.26958644 50.10823059082031 139.10801696777344 66.01688385009766 155.07398986816406
frog 0.26351315 50.10823059082031 139.10801696777344 66.01688385009766 155.07398986816406
truck 0.26170218 50.099090576171875 139.12026977539062 66.0062484741211 155.04388427734375
airplane 0.24743566 50.10823059082031 139.10801696777344 66.01688385009766 155.07398986816406
deer 0.22134572 50.10823059082031 139.10801696777344 66.01688385009766 155.07398986816406
dog 0.20456532 50.098045349121094 139.12644958496094 65.95441436767578 155.02574157714844
