automobile 0.998814 44.143245697021484 71.14109802246094 72.89608764648438 100.00431823730469
automobile 0.9976655 176.01568603515625 3.918776512145996 194.96060180664062 23.041213989257812
automobile 0.99685395 116.12838745117188 216.03871154785156 154.06680297851562 253.87718200683594
frog 0.99499154 61.94752502441406 20.97241973876953 99.90707397460938 59.01026153564453
ship 0.99475133 141.1002655029297 132.98309326171875 159.9486846923828 151.984619140625
dog 0.9930732 200.019287109375 208.9872283935547 226.07647705078125 234.9368133544922
airplane 0.99191916 140.17532348632812 62.071475982666016 165.92111206054688 88.0266342163086
truck 0.9904949 68.12673950195312 146.97125244140625 99.9854736328125 179.0341796875
airplane 0.9574269 151.03338623046875 98.00714111328125 176.96734619140625 124.11871337890625
ship 0.9330991 92.97135925292969 87.01199340820312 122.1024169921875 116.03953552246094
bird 0.9157673 213.03944396972656 103.10296630859375 231.9779510498047 122.002685546875
dog 0.89932156 196.13735961914062 39.117919921875 225.01321411132812 68.12377166748047
deer 0.87008417 12.956769943237305 109.91162872314453 31.980119705200195 129.065185546875
dog 0.8600268 33.167747497558594 124.2502670288086 58.83209228515625 149.9451904296875
cat 0.80811447 214.05966186523438 12.928508758544922 230.08047485351562 29.23162078857422
frog 0.7989218 121.0694808959961 140.9327850341797 137.04571533203125 156.9955291748047
ship 0.7815896 13.05021858215332 0.6086301803588867 31.996042251586914 20.038875579833984
automobile 0.68404466 13.097968101501465 0.5595149993896484 32.03076171875 19.982601165771484
airplane 0.4835005 93.05010223388672 87.12220764160156 121.9736099243164 116.04655456542969
deer 0.44073194 24.072837829589844 211.15585327148438 43.191566467285156 229.93801879882812
ship 0.43022954 214.1112823486328 12.944074630737305 230.1412811279297 29.148405075073242
truck 0.39321175 214.1112823486328 12.944074630737305 230.1412811279297 29.148405075073242
airplane 0.32338005 12.956769943237305 109.91162872314453 31.980119705200195 129.065185546875
automobile 0.27671972 121.12076568603516 140.94781494140625 137.06678771972656 157.02816772460938
deer 0.2680465 213.0467987060547 103.12428283691406 231.9872589111328 121.90705871582031
cat 0.26538742 196.14639282226562 39.13797378540039 225.10171508789062 68.18924713134766
truck 0.2316604 12.910235404968262 110.00055694580078 31.947376251220703 128.88082885742188
frog 0.2277705 213.0467987060547 103.12428283691406 231.9872589111328 121.90705871582031
bird 0.22616374 12.997576713562012 0.5940580368041992 32.05493927001953 19.97342300415039
deer 0.2156376 13.05021858215332 0.6086301803588867 31.996042251586914 20.038875579833984
automobile 0.2090798 12.9334135055542 109.83883666992188 31.94964599609375 128.9394073486328
