ship 0.9985914 123.06658172607422 141.9720916748047 139.0191192626953 157.9868927001953
bird 0.9984611 164.11488342285156 126.05558776855469 192.9758758544922 155.06541442871094
automobile 0.99825907 49.09245300292969 84.05657958984375 67.92427062988281 103.03837585449219
ship 0.9980992 57.0404052734375 147.0865020751953 92.07427978515625 181.8877716064453
truck 0.997703 33.067718505859375 30.01300048828125 52.003021240234375 48.98943328857422
truck 0.9976702 171.12893676757812 52.16633605957031 206.03927612304688 86.73313903808594
truck 0.99745893 12.17871379852295 126.04542541503906 40.95058822631836 154.99009704589844
deer 0.99732554 140.84913635253906 3.9881296157836914 170.1187286376953 33.04169464111328
ship 0.994086 80.01731872558594 206.04248046875 114.84317016601562 240.8798828125
bird 0.99406403 126.00355529785156 57.067840576171875 163.9704132080078 95.12326049804688
ship 0.9918358 127.03285217285156 97.11552429199219 159.0436248779297 129.08824157714844
bird 0.9897872 47.22761154174805 53.87977981567383 73.09404754638672 79.99244689941406
dog 0.9825899 128.1739959716797 194.02175903320312 166.0751495361328 231.9951171875
airplane 0.9702218 3.1531124114990234 180.114990234375 41.036468505859375 217.92132568359375
truck 0.969857 212.02264404296875 100.97877502441406 231.04327392578125 119.96437072753906
deer 0.9678222 200.01698303222656 151.22323608398438 238.09474182128906 189.15945434570312
airplane 0.890219 119.00532531738281 2.9775123596191406 137.93946838378906 22.01569938659668
deer 0.8765608 10.01531982421875 54.003135681152344 42.06293487548828 86.24640655517578
airplane 0.8378949 177.96539306640625 186.10647583007812 197.28411865234375 204.9844970703125
bird 0.34106272 9.928436279296875 53.79733657836914 42.15819549560547 86.21464538574219
ship 0.32959536 177.95700073242188 186.05712890625 197.43911743164062 205.01779174804688
frog 0.30214015 10.01531982421875 54.003135681152344 42.06293487548828 86.24640655517578
dog 0.2965706 177.96539306640625 186.10647583007812 197.28411865234375 204.9844970703125
cat 0.2842044 177.96539306640625 186.10647583007812 197.28411865234375 204.9844970703125
dog 0.21197778 9.928436279296875 53.79733657836914 42.15819549560547 86.21464538574219
cat 0.21137828 9.928436279296875 53.79733657836914 42.15819549560547 86.21464538574219
