automobile 0.9977342 80.14478302001953 171.9191131591797 111.86739349365234 204.0303192138672
dog 0.99692535 89.03463745117188 68.65924835205078 111.16703796386719 91.0332260131836
frog 0.9964205 172.9161834716797 157.16900634765625 201.9998016357422 186.14825439453125
cat 0.99560136 198.12069702148438 107.17757415771484 233.04257202148438 142.02059936523438
airplane 0.9946747 25.170007705688477 171.0082244873047 53.957489013671875 199.8241424560547
bird 0.99463767 4.160011291503906 59.0421028137207 41.978458404541016 96.96537780761719
ship 0.9924228 81.01934814453125 212.2594757080078 116.02938842773438 247.2075653076172
frog 0.99208355 106.25215911865234 149.02545166015625 125.08150482177734 168.0284423828125
deer 0.9896264 202.0391082763672 66.04354858398438 224.0366973876953 88.00346374511719
dog 0.9889298 15.226224899291992 2.990865707397461 41.00260925292969 29.00857162475586
ship 0.9866638 53.11872100830078 79.1652603149414 74.86922454833984 100.96074676513672
automobile 0.9825523 36.134361267089844 138.88848876953125 62.35447692871094 164.86068725585938
cat 0.98030925 177.07688903808594 51.40376281738281 192.9721221923828 68.015625
automobile 0.9648957 48.06532669067383 25.799156188964844 67.00889587402344 44.980255126953125
deer 0.7768157 127.13053131103516 154.03811645507812 165.0123291015625 192.0413818359375
cat 0.7572863 128.66171264648438 105.5155029296875 147.63327026367188 126.59474182128906
cat 0.7411299 125.10393524169922 21.921279907226562 141.05572509765625 38.09025955200195
ship 0.7372414 72.04447937011719 109.13220977783203 94.11788940429688 131.14125061035156
deer 0.71911776 200.0568389892578 16.05881690979004 238.14381408691406 53.989784240722656
deer 0.54025453 137.9003143310547 77.06725311279297 160.0081024169922 98.92473602294922
deer 0.50750834 71.98491668701172 109.19261932373047 94.03278350830078 131.25344848632812
dog 0.48462114 36.134361267089844 138.88848876953125 62.35447692871094 164.86068725585938
frog 0.4580471 137.9003143310547 77.06725311279297 160.0081024169922 98.92473602294922
cat 0.43251535 137.9600067138672 77.07643127441406 159.9971466064453 98.95594787597656
frog 0.4126573 71.99417114257812 109.12446594238281 94.04347229003906 131.1804656982422
frog 0.35634243 200.16441345214844 16.112354278564453 238.00526428222656 54.01771926879883
airplane 0.34725335 127.05147552490234 154.01480102539062 164.99595642089844 192.02560424804688
bird 0.3408426 200.28732299804688 15.971757888793945 238.29611206054688 53.61150360107422
bird 0.3127103 128.84552001953125 105.29212188720703 148.11981201171875 126.54244232177734
deer 0.3081299 125.10393524169922 21.921279907226562 141.05572509765625 38.09025955200195
truck 0.30147904 125.11251831054688 21.903657913208008 141.0513916015625 38.10322570800781
cat 0.2989725 127.13053131103516 154.03811645507812 165.0123291015625 192.0413818359375
dog 0.23922896 137.9600067138672 77.07643127441406 159.9971466064453 98.95594787597656
dog 0.23344404 125.09441375732422 21.824169158935547 141.0483856201172 38.02328109741211
airplane 0.21573067 47.980377197265625 25.95676040649414 67.20848846435547 45.02772903442383
frog 0.20869732 128.90159606933594 105.1006088256836 147.9899444580078 126.61528778076172
