ship 0.9983027 55.21165466308594 208.096923828125 89.96534729003906 243.15338134765625
truck 0.9979591 163.07601928710938 203.03268432617188 195.13864135742188 234.91552734375
frog 0.9977703 73.2706069946289 36.0253791809082 104.90276336669922 67.65117645263672
cat 0.99587196 99.03411865234375 103.10099792480469 127.92575073242188 131.99237060546875
truck 0.9950642 200.01080322265625 205.0982208251953 232.03125 236.90565490722656
automobile 0.99476385 25.937049865722656 38.02159881591797 44.973297119140625 57.012481689453125
bird 0.99461746 93.25765991210938 212.90650939941406 131.10284423828125 251.12876892089844
automobile 0.9945106 6.117002487182617 183.9488067626953 43.901832580566406 221.8470916748047
frog 0.9942111 99.97254180908203 161.08750915527344 119.04126739501953 180.12525939941406
bird 0.9682728 77.06696319580078 134.8926544189453 93.16094207763672 151.01612854003906
dog 0.9161643 191.0572509765625 102.22187042236328 225.88821411132812 136.88844299316406
cat 0.8896753 19.8834285736084 124.95118713378906 58.0101318359375 163.38255310058594
bird 0.8516463 135.94168090820312 33.13297653198242 168.05374145507812 65.11962127685547
frog 0.7650753 23.08572006225586 70.95344543457031 48.98441696166992 97.02896118164062
automobile 0.75037056 191.9959259033203 181.9679412841797 211.10231018066406 201.0469207763672
bird 0.71181154 160.12164306640625 6.10044002532959 179.03594970703125 25.063247680664062
dog 0.6326444 64.14691162109375 102.97213745117188 86.03504943847656 125.00900268554688
deer 0.6095389 160.12164306640625 6.10044002532959 179.03594970703125 25.063247680664062
truck 0.50964224 192.02011108398438 181.97561645507812 211.08016967773438 201.0865478515625
bird 0.47916284 191.18453979492188 102.24451446533203 225.981689453125 136.9195556640625
deer 0.46947977 135.90672302246094 33.114009857177734 168.02735900878906 65.16995239257812
bird 0.35396415 64.1933822631836 103.08348846435547 85.96387481689453 125.01070404052734
frog 0.30571294 64.1933822631836 103.08348846435547 85.96387481689453 125.01070404052734
deer 0.2956637 23.08572006225586 70.95344543457031 48.98441696166992 97.02896118164062
truck 0.2919246 64.14691162109375 102.97213745117188 86.03504943847656 125.00900268554688
ship 0.26269004 191.18453979492188 102.24451446533203 225.981689453125 136.9195556640625
airplane 0.22433782 64.12467956542969 102.91979217529297 86.03172302246094 124.8725357055664
bird 0.22404507 73.28414916992188 36.02307891845703 104.94624328613281 67.73509216308594
automobile 0.21952179 64.26188659667969 102.86378479003906 86.03327941894531 124.85357666015625
dog 0.21881747 19.947072982788086 125.05770874023438 57.825050354003906 163.07406616210938
frog 0.20942304 48.13199996948242 169.16949462890625 67.11870574951172 187.99200439453125
cat 0.20259598 135.90672302246094 33.114009857177734 168.02735900878906 65.16995239257812
airplane 0.20149615 77.1695327758789 134.91404724121094 93.20194244384766 151.0324249267578
