automobile 0.99880075 53.047393798828125 10.01331901550293 84.99671936035156 42.04107666015625
truck 0.99763095 90.9466323852539 54.06257247924805 109.98348236083984 72.93340301513672
dog 0.99745786 150.10403442382812 190.01260375976562 172.10415649414062 212.01312255859375
airplane 0.9968491 181.9186553955078 157.19049072265625 210.89137268066406 185.96987915039062
truck 0.99675864 183.1052703857422 209.1785888671875 205.0269012451172 231.13626098632812
automobile 0.99463236 87.74742889404297 7.108336448669434 107.03736114501953 26.10352325439453
automobile 0.99441695 189.11219787597656 80.97819519042969 207.9257354736328 99.96034240722656
ship 0.99379176 133.11521911621094 19.181228637695312 167.8978729248047 54.08049774169922
frog 0.99323416 183.07073974609375 27.967880249023438 201.898681640625 47.02135467529297
automobile 0.99038166 43.90800476074219 57.981563568115234 82.13398742675781 95.97293090820312
truck 0.9832724 64.14703369140625 207.99923706054688 93.11824035644531 236.98263549804688
bird 0.97657096 111.03690338134766 93.96631622314453 137.01824951171875 120.13294219970703
deer 0.97391176 107.0452651977539 190.2350616455078 139.12635803222656 221.89027404785156
frog 0.9698588 19.118099212646484 163.52671813964844 53.92635726928711 198.04798889160156
ship 0.9475106 167.04574584960938 106.13338470458984 196.04861450195312 135.13980102539062
airplane 0.8599472 64.03663635253906 167.0493621826172 79.97996520996094 183.0421600341797
bird 0.85468817 8.93521499633789 120.0782470703125 47.053707122802734 158.28549194335938
ship 0.6222003 64.01217651367188 166.98568725585938 80.031005859375 183.03744506835938
cat 0.49070525 9.079265594482422 120.06130981445312 47.19133377075195 158.0924072265625
airplane 0.2189807 167.04574584960938 106.13338470458984 196.04861450195312 135.13980102539062
dog 0.204916 8.883869171142578 120.0501480102539 47.16183090209961 158.3099822998047
