dog 0.99750125 163.76373291015625 161.2937469482422 193.06884765625 190.9679718017578
automobile 0.996976 179.02651977539062 198.97410583496094 214.10458374023438 234.1117401123047
deer 0.9942967 181.97772216796875 9.900146484375 208.05685424804688 36.04538345336914
bird 0.9926399 69.05421447753906 91.15044403076172 107.04446411132812 129.05690002441406
dog 0.9925583 95.99097442626953 205.21286010742188 133.25938415527344 243.0911865234375
dog 0.98188996 205.98178100585938 155.0688934326172 240.894775390625 189.96836853027344
bird 0.9574814 136.23446655273438 83.21577453613281 162.010498046875 109.15399169921875
automobile 0.9225379 117.16669464111328 34.246036529541016 132.97372436523438 50.13583755493164
frog 0.8988394 134.11178588867188 123.00137329101562 166.03274536132812 155.001220703125
frog 0.8916926 93.00931549072266 149.0568389892578 131.0368194580078 187.2375946044922
airplane 0.8250694 88.99061584472656 46.066890716552734 105.03144836425781 62.09385299682617
truck 0.8206023 117.16669464111328 34.246036529541016 132.97372436523438 50.13583755493164
truck 0.79212254 180.0188751220703 118.1012954711914 209.0329132080078 146.98731994628906
frog 0.73545265 25.95372772216797 78.08668518066406 55.07106018066406 107.10574340820312
frog 0.72021943 56.08295440673828 196.23338317871094 93.9479751586914 234.0161590576172
cat 0.67970055 74.95014190673828 7.20964241027832 113.10228729248047 44.998497009277344
deer 0.6365092 25.95372772216797 78.08668518066406 55.07106018066406 107.10574340820312
cat 0.63354933 88.99061584472656 46.066890716552734 105.03144836425781 62.09385299682617
deer 0.5886061 30.204315185546875 8.133073806762695 67.74480438232422 46.127220153808594
deer 0.5296706 56.08295440673828 196.23338317871094 93.9479751586914 234.0161590576172
airplane 0.52290255 180.0188751220703 118.1012954711914 209.0329132080078 146.98731994628906
frog 0.5021024 88.99061584472656 46.066890716552734 105.03144836425781 62.09385299682617
cat 0.48490256 93.00931549072266 149.0568389892578 131.0368194580078 187.2375946044922
bird 0.47534844 134.11178588867188 123.00137329101562 166.03274536132812 155.001220703125
frog 0.4662507 74.90890502929688 7.221891403198242 113.05186462402344 44.80480194091797
airplane 0.43468463 117.10006713867188 34.15655517578125 132.95143127441406 50.11293029785156
dog 0.41220453 30.083818435668945 8.137184143066406 68.56560516357422 45.729164123535156
cat 0.40206525 30.204315185546875 8.133073806762695 67.74480438232422 46.127220153808594
bird 0.38370782 30.083818435668945 8.137184143066406 68.56560516357422 45.729164123535156
cat 0.35910228 56.031394958496094 196.3020477294922 93.82750701904297 234.06349182128906
deer 0.30650318 88.98536682128906 46.11852264404297 105.04277038574219 61.96794891357422
truck 0.29842094 88.99061584472656 46.066890716552734 105.03144836425781 62.09385299682617
ship 0.29802382 179.9466552734375 118.06842803955078 209.15594482421875 146.89527893066406
bird 0.27893937 74.90890502929688 7.221891403198242 113.05186462402344 44.80480194091797
frog 0.26169506 117.06686401367188 34.171836853027344 133.0032501220703 50.140960693359375
dog 0.23711848 74.76461791992188 7.045614242553711 112.56475830078125 44.447967529296875
automobile 0.22200796 179.9466552734375 118.06842803955078 209.15594482421875 146.89527893066406
frog 0.21277383 30.204315185546875 8.133073806762695 67.74480438232422 46.127220153808594
