airplane 0.99925876 17.103435516357422 139.06333923339844 48.962215423583984 171.0425567626953
automobile 0.9983118 2.97780704498291 176.89881896972656 32.10911560058594 206.08946228027344
truck 0.99708295 64.08551025390625 143.01708984375 90.08448791503906 169.05386352539062
frog 0.99582696 210.11219787597656 115.0074691772461 231.9430694580078 137.06878662109375
frog 0.995306 98.14511108398438 81.0719985961914 135.9739227294922 119.18073272705078
bird 0.9947343 132.089111328125 32.95630645751953 163.96173095703125 65.09527587890625
bird 0.99415827 101.0570068359375 160.99539184570312 133.08360290527344 193.07846069335938
cat 0.99042434 65.15940856933594 28.04646873474121 103.11761474609375 66.02897644042969
truck 0.985613 61.22260284423828 79.99647521972656 93.04291534423828 111.77838134765625
ship 0.9262026 116.19672393798828 199.99676513671875 154.0656280517578 238.09136962890625
deer 0.8987017 158.1577911376953 81.88835906982422 174.19517517089844 97.97771453857422
airplane 0.8915106 205.13282775878906 77.92584228515625 239.8157196044922 113.13848876953125
cat 0.88771003 210.9896697998047 204.14352416992188 246.1310272216797 238.90792846679688
cat 0.85019886 29.994077682495117 89.04361724853516 52.067657470703125 111.09741973876953
frog 0.83652914 184.0903778076172 73.31159973144531 203.0844268798828 92.05403137207031
automobile 0.7035169 39.06382751464844 195.1418914794922 58.14965057373047 214.0910186767578
dog 0.66862905 140.006103515625 111.89676666259766 165.93441772460938 137.9075927734375
dog 0.572691 182.02023315429688 48.16504669189453 201.02920532226562 67.03057098388672
dog 0.542658 210.9896697998047 204.14352416992188 246.1310272216797 238.90792846679688
ship 0.5356559 38.99080276489258 195.07652282714844 58.142940521240234 214.0648651123047
truck 0.5029556 205.05416870117188 78.20089721679688 239.85256958007812 113.19758605957031
automobile 0.4702561 61.22260284423828 79.99647521972656 93.04291534423828 111.77838134765625
bird 0.44345754 191.1717071533203 167.96351623535156 225.86875915527344 203.0603485107422
airplane 0.3140849 116.11929321289062 199.9833984375 154.03433227539062 238.11929321289062
airplane 0.30824873 39.01096725463867 195.12271118164062 58.13473129272461 214.00582885742188
dog 0.2717129 191.19775390625 167.96339416503906 226.06954956054688 202.9808807373047
dog 0.2665394 29.992826461791992 89.0519790649414 51.98124694824219 111.0550765991211
bird 0.2504466 182.19631958007812 48.209110260009766 201.00137329101562 67.32508087158203
deer 0.23865104 140.006103515625 111.89676666259766 165.93441772460938 137.9075927734375
deer 0.22778097 184.04791259765625 73.09719848632812 203.02410888671875 92.05975341796875
truck 0.21717086 39.06382751464844 195.1418914794922 58.14965057373047 214.0910186767578
