ship 0.9993782 164.21023559570312 84.84082794189453 192.833740234375 113.82941436767578
truck 0.99865127 45.26292037963867 28.011600494384766 67.02354431152344 49.9134407043457
automobile 0.9984435 85.11575317382812 2.201949119567871 111.05552673339844 27.828472137451172
dog 0.99765104 152.0120849609375 50.186668395996094 180.95538330078125 79.02899932861328
truck 0.99576783 13.004382133483887 187.11456298828125 38.98290252685547 213.12185668945312
truck 0.9942527 41.1347541809082 199.02996826171875 73.05682373046875 231.17343139648438
dog 0.99411297 215.0508575439453 94.18899536132812 246.99635314941406 126.11759948730469
deer 0.9894451 134.09483337402344 150.02792358398438 156.06126403808594 172.03369140625
cat 0.9869508 205.99668884277344 26.067163467407227 234.98121643066406 54.839385986328125
ship 0.9862554 175.1244354248047 5.036689758300781 204.10023498535156 34.004173278808594
ship 0.9842055 113.01445770263672 20.942668914794922 129.05169677734375 36.802181243896484
ship 0.9812105 3.142301559448242 49.99139404296875 41.243263244628906 88.02262878417969
airplane 0.978792 43.13083267211914 131.07037353515625 81.03892517089844 169.00357055664062
truck 0.9685133 22.053661346435547 93.86821746826172 47.99907302856445 120.05249786376953
truck 0.9654559 99.99836730957031 191.10255432128906 118.97994995117188 209.98497009277344
deer 0.872008 117.09426879882812 88.97090911865234 155.01748657226562 126.78223419189453
dog 0.8127289 215.094482421875 216.1240692138672 252.96575927734375 254.2334442138672
cat 0.7457798 67.10258483886719 70.08264923095703 83.17628479003906 86.0252456665039
bird 0.6735883 117.0238037109375 88.98883056640625 155.07684326171875 126.97506713867188
ship 0.5979344 67.10258483886719 70.08264923095703 83.17628479003906 86.0252456665039
truck 0.5330837 113.01445770263672 20.942668914794922 129.05169677734375 36.802181243896484
automobile 0.52069885 22.053661346435547 93.86821746826172 47.99907302856445 120.05249786376953
bird 0.51285696 214.84249877929688 216.19772338867188 252.8531494140625 253.87442016601562
bird 0.3678552 67.12779235839844 70.08040618896484 83.137939453125 86.09741973876953
bird 0.3330531 43.171085357666016 131.00193786621094 80.95794677734375 168.8445281982422
cat 0.2291233 214.84249877929688 216.19772338867188 252.8531494140625 253.87442016601562
