automobile 0.9973824 22.195871353149414 192.89004516601562 54.00300598144531 224.78594970703125
truck 0.9962243 59.072174072265625 207.9669647216797 97.1038818359375 245.8947296142578
automobile 0.99571216 64.87715148925781 19.94524383544922 97.12498474121094 51.86663818359375
dog 0.99548984 157.06600952148438 159.2190399169922 195.01211547851562 196.99623107910156
airplane 0.9935224 63.13544845581055 70.0855484008789 101.07752990722656 107.9675064086914
bird 0.9927503 12.102388381958008 83.0973892211914 46.88682556152344 117.99710845947266
airplane 0.99084747 109.03363800048828 215.12042236328125 144.08084106445312 250.06332397460938
deer 0.9883059 31.2130126953125 155.1339874267578 63.04998779296875 186.88670349121094
airplane 0.98619497 198.0071563720703 198.9346160888672 226.8858184814453 227.9000701904297
ship 0.96523273 198.0772705078125 99.158935546875 232.94866943359375 133.85641479492188
dog 0.9624772 189.00624084472656 20.00516700744629 224.0699005126953 55.11682891845703
truck 0.9460604 86.01399230957031 137.94525146484375 102.02407836914062 153.95120239257812
frog 0.91992235 2.977017402648926 33.905479431152344 25.131572723388672 55.93595886230469
frog 0.916772 30.969249725341797 32.936248779296875 57.09457778930664 58.9779052734375
frog 0.912443 109.20133209228516 29.798748016357422 130.97044372558594 52.05612564086914
cat 0.8826746 159.34469604492188 135.85394287109375 178.025634765625 154.70877075195312
deer 0.6372627 138.18020629882812 34.970603942871094 175.99249267578125 72.91609191894531
truck 0.40768883 3.196136474609375 33.998512268066406 25.035280227661133 55.97547149658203
cat 0.26103398 109.29383087158203 29.662792205810547 130.98211669921875 51.97737503051758
airplane 0.22488624 86.02579498291016 137.97108459472656 102.0826644897461 153.9573211669922
frog 0.21301031 200.08010864257812 75.07178497314453 218.91796875 94.1843032836914
