ship 0.9980265 199.09909057617188 137.01675415039062 230.92202758789062 168.9808349609375
ship 0.9979371 62.96429443359375 151.97093200683594 101.03555297851562 190.0011749267578
automobile 0.9978994 136.0598907470703 7.1497650146484375 174.0814971923828 45.21339416503906
truck 0.99789375 32.011497497558594 193.20565795898438 70.0057601928711 230.93508911132812
automobile 0.99784833 182.0831756591797 53.95647430419922 214.0153350830078 86.05695343017578
ship 0.9970362 127.10096740722656 195.0086669921875 146.0182342529297 213.97662353515625
truck 0.99554884 6.04583740234375 50.05130386352539 22.069520950317383 65.99089050292969
truck 0.9921 136.9298553466797 154.0570526123047 159.1082305908203 175.8125457763672
airplane 0.9870161 99.14572143554688 76.06611633300781 121.04325866699219 98.0699462890625
bird 0.97312236 39.53116989135742 115.99034881591797 59.110965728759766 135.1071014404297
bird 0.9698179 93.96945190429688 115.9093017578125 119.96742248535156 142.10552978515625
ship 0.9674584 163.01583862304688 100.99482727050781 181.94805908203125 120.01837158203125
bird 0.957705 186.93382263183594 17.964555740356445 213.07066345214844 44.114891052246094
dog 0.8909441 158.0728302001953 179.9898681640625 193.1780242919922 214.93539428710938
airplane 0.84949744 24.029285430908203 19.05736541748047 43.013790130615234 37.93022537231445
automobile 0.77153224 130.92233276367188 48.06178283691406 169.03265380859375 86.02426147460938
cat 0.72822237 125.01972961425781 108.10601806640625 144.0203094482422 126.94158935546875
truck 0.664142 130.94012451171875 48.26516342163086 168.98077392578125 85.97389221191406
bird 0.6549845 80.17898559570312 27.18851661682129 117.88795471191406 64.9797134399414
ship 0.54052633 24.029285430908203 19.05736541748047 43.013790130615234 37.93022537231445
ship 0.4599531 80.08653259277344 27.16671371459961 117.9189453125 65.01786804199219
bird 0.41925943 19.002899169921875 116.95565795898438 38.49613952636719 135.96710205078125
deer 0.3277052 163.11415100097656 101.03399658203125 182.01795959472656 119.9727783203125
ship 0.2987507 125.18714904785156 108.00788879394531 143.8236846923828 126.70681762695312
bird 0.2522674 24.00863265991211 19.04550552368164 43.01326370239258 37.928287506103516
cat 0.24617752 80.02350616455078 27.379898071289062 117.50882720947266 65.10538482666016
deer 0.2354759 158.02102661132812 179.9733123779297 193.17343139648438 214.9803924560547
cat 0.23466459 158.02102661132812 179.9733123779297 193.17343139648438 214.9803924560547
frog 0.21739826 130.8859100341797 48.150665283203125 169.17750549316406 86.11337280273438
bird 0.20099083 163.0452423095703 100.99766540527344 181.9413299560547 120.00968933105469
