frog 0.9993267 172.90902709960938 204.19808959960938 202.025146484375 232.98092651367188
ship 0.9976975 45.09698486328125 2.0739097595214844 66.97171783447266 24.03005027770996
dog 0.9972513 215.1129150390625 18.046022415161133 247.10205078125 50.06205749511719
truck 0.996575 7.867283821105957 162.97308349609375 24.227367401123047 178.99282836914062
ship 0.9955033 70.06786346435547 189.0212860107422 85.95453643798828 204.98875427246094
airplane 0.9923676 115.02545166015625 119.19654846191406 153.00436401367188 157.0476531982422
ship 0.99231684 29.035173416137695 144.1415252685547 50.99433898925781 166.23048400878906
cat 0.9894546 147.12828063964844 45.1231689453125 169.1408233642578 67.03192901611328
frog 0.941277 163.01597595214844 115.95333862304688 179.0332794189453 131.99803161621094
dog 0.9103749 26.392927169799805 168.0666961669922 63.91215515136719 206.01255798339844
bird 0.89895433 173.13308715820312 74.99353790283203 210.8453369140625 113.04047393798828
dog 0.88648915 60.129539489746094 124.19139862060547 95.12847137451172 159.14918518066406
dog 0.47593263 176.99900817871094 31.139713287353516 196.0685577392578 49.93545150756836
deer 0.3570602 173.0817413330078 75.00315856933594 211.0356903076172 113.02555847167969
automobile 0.30152565 163.0275115966797 115.88926696777344 179.03306579589844 132.02745056152344
truck 0.29318726 163.04052734375 115.84944915771484 178.9287109375 131.98095703125
deer 0.256682 27.214399337768555 168.63311767578125 63.346641540527344 206.54730224609375
cat 0.23392057 177.1017303466797 31.20075225830078 196.0565643310547 50.02764129638672
