frog 0.9983766 189.06871032714844 112.88948059082031 218.0567169189453 142.0242919921875
ship 0.9980749 123.05205535888672 67.01327514648438 144.9993438720703 89.10089111328125
automobile 0.99783814 127.13165283203125 27.172321319580078 158.92276000976562 59.24042892456055
frog 0.99770296 83.122314453125 41.028682708740234 115.22787475585938 73.08651733398438
frog 0.9963597 143.03564453125 204.11968994140625 171.9588623046875 232.97525024414062
automobile 0.99627876 113.99942016601562 100.9955062866211 148.93905639648438 135.9208221435547
airplane 0.9957926 2.0970945358276367 187.03683471679688 23.99510955810547 209.02490234375
automobile 0.9948599 191.03074645996094 68.14363861083984 223.1938018798828 99.92757415771484
frog 0.99128467 42.94429016113281 16.054004669189453 68.90692901611328 41.79530715942383
automobile 0.9887152 188.94253540039062 162.93043518066406 218.19155883789062 191.8092803955078
frog 0.98443466 60.989463806152344 201.13229370117188 87.10395050048828 227.19683837890625
bird 0.96807647 107.8696517944336 168.9815673828125 137.124755859375 198.20913696289062
bird 0.9581374 197.2210235595703 3.2447776794433594 235.04640197753906 41.033634185791016
frog 0.95262825 35.05823516845703 133.1225128173828 70.08963775634766 168.00047302246094
automobile 0.9296407 68.98321533203125 77.07736206054688 98.11944580078125 105.82261657714844
truck 0.49048683 69.08451080322266 76.9914779663086 98.0981216430664 105.93022918701172
cat 0.4406265 35.05823516845703 133.1225128173828 70.08963775634766 168.00047302246094
automobile 0.32282418 60.81028747558594 201.1272430419922 87.08274841308594 227.0346221923828
deer 0.23530743 197.17227172851562 3.206239700317383 234.94735717773438 41.03123474121094
cat 0.21241143 107.8696517944336 168.9815673828125 137.124755859375 198.20913696289062
