automobile 0.9984486 156.0854949951172 194.97390747070312 188.15122985839844 226.92153930664062
truck 0.9966646 211.09776306152344 206.10159301757812 233.0459442138672 228.0003662109375
bird 0.9964944 143.97991943359375 109.04393768310547 170.087646484375 135.04563903808594
truck 0.99556506 25.06769561767578 96.04682922363281 53.997169494628906 125.04763793945312
deer 0.99461067 106.13838195800781 181.04856872558594 143.85020446777344 219.06971740722656
bird 0.99408716 4.8388214111328125 51.19124221801758 43.21270751953125 89.23646545410156
deer 0.9929525 215.10910034179688 169.0784149169922 236.98080444335938 191.11228942871094
ship 0.9911581 208.05230712890625 31.027196884155273 226.97824096679688 50.011199951171875
frog 0.9904032 139.99215698242188 48.048828125 159.05569458007812 67.04364776611328
ship 0.9899086 119.01435852050781 101.07106018066406 138.13572692871094 120.04234313964844
bird 0.96776915 177.057861328125 168.12037658691406 196.1195068359375 186.9872283935547
bird 0.96003795 77.94859313964844 121.40847778320312 104.01335144042969 147.04278564453125
bird 0.9550278 102.86205291748047 51.968170166015625 138.00758361816406 87.07696533203125
truck 0.94371915 191.12335205078125 1.0009193420410156 209.96896362304688 19.970335006713867
frog 0.93281317 162.00753784179688 70.99528503417969 184.02871704101562 93.07275390625
ship 0.73421055 6.843469619750977 192.65277099609375 41.9102783203125 227.9373779296875
cat 0.666994 79.00308227539062 98.032470703125 101.04212951660156 120.06594848632812
cat 0.58902186 6.951211929321289 192.7149658203125 42.01399230957031 228.07009887695312
ship 0.37611994 191.1352996826172 1.0132665634155273 209.9746856689453 20.054107666015625
deer 0.3533149 162.10926818847656 71.07976531982422 184.00987243652344 92.89391326904297
dog 0.30536407 20.925119400024414 154.0234375 47.032562255859375 180.14910888671875
bird 0.28262654 78.98245239257812 98.20674133300781 100.94502258300781 120.0076904296875
ship 0.26377958 79.00083923339844 98.07125091552734 101.07966613769531 120.21991729736328
deer 0.25802153 79.00083923339844 98.07125091552734 101.07966613769531 120.21991729736328
dog 0.22691777 79.00083923339844 98.07125091552734 101.07966613769531 120.21991729736328
airplane 0.22674006 119.01435852050781 101.07106018066406 138.13572692871094 120.04234313964844
truck 0.20724747 79.00083923339844 98.07125091552734 101.07966613769531 120.21991729736328
