frog 0.99950826 36.19263458251953 39.114532470703125 64.87907409667969 67.92982482910156
ship 0.9989797 90.12395477294922 45.331058502197266 119.03597259521484 73.94905090332031
ship 0.9977241 149.09303283691406 64.33683776855469 186.8354034423828 101.92936706542969
truck 0.9974196 40.087623596191406 128.1509246826172 65.87995147705078 153.97581481933594
automobile 0.9970939 110.07809448242188 22.204925537109375 132.11032104492188 43.934051513671875
automobile 0.9962359 195.12783813476562 101.08885955810547 213.98712158203125 120.03319549560547
automobile 0.9923637 27.067611694335938 199.92526245117188 61.98797607421875 234.96438598632812
bird 0.990068 123.29443359375 177.05218505859375 158.28579711914062 212.17520141601562
bird 0.9887414 181.00865173339844 17.08502197265625 209.9758758544922 45.98781204223633
dog 0.9877591 105.05278778076172 190.1706085205078 120.94945526123047 206.0552520751953
cat 0.987044 201.0037384033203 153.82583618164062 239.0790252685547 191.92019653320312
dog 0.9856541 80.95406341552734 94.07718658447266 103.02083587646484 116.02030181884766
frog 0.9836175 65.09587860107422 207.182373046875 103.03351593017578 245.01580810546875
truck 0.97932315 200.96060180664062 70.93426513671875 226.91778564453125 97.27761840820312
truck 0.9064057 193.987060546875 207.17572021484375 220.06369018554688 233.1812744140625
frog 0.8381315 0.15250301361083984 34.835670471191406 28.88152313232422 63.96428680419922
airplane 0.7790781 0.15250301361083984 34.835670471191406 28.88152313232422 63.96428680419922
bird 0.7338877 166.08349609375 103.32499694824219 191.72836303710938 129.093505859375
airplane 0.55542654 119.891357421875 136.13999938964844 138.9661865234375 154.9694366455078
ship 0.47455436 120.04975891113281 136.28143310546875 138.88182067871094 155.05352783203125
automobile 0.34103256 194.02284240722656 207.2686309814453 220.02223205566406 233.2792205810547
truck 0.25703526 119.891357421875 136.13999938964844 138.9661865234375 154.9694366455078
frog 0.23820671 165.9062957763672 103.76593780517578 191.55079650878906 129.09983825683594
dog 0.22954535 166.03378295898438 103.45285034179688 191.73104858398438 128.96310424804688
