truck 0.998672 95.11946868896484 140.0067901611328 117.0530014038086 161.96180725097656
airplane 0.9986466 56.83334732055664 3.7563705444335938 89.28504943847656 35.92576217651367
automobile 0.9984417 143.19952392578125 2.8799095153808594 175.166259765625 35.171348571777344
ship 0.99821544 69.96833038330078 66.1556396484375 107.97911834716797 103.84312438964844
ship 0.9970547 3.110044479370117 214.0259246826172 41.027923583984375 252.31993103027344
airplane 0.9967857 36.05609893798828 17.969833374023438 55.17497253417969 36.947566986083984
deer 0.99588555 120.02822875976562 20.088512420654297 139.08526611328125 39.000919342041016
automobile 0.9953319 183.95938110351562 132.30999755859375 221.86813354492188 169.98489379882812
frog 0.9938773 74.83526611328125 165.88253784179688 94.17262268066406 185.1890869140625
dog 0.9934764 204.15505981445312 195.07635498046875 239.13528442382812 229.97137451171875
dog 0.9933474 6.124731063842773 84.94932556152344 44.113197326660156 123.0244140625
deer 0.98873574 89.90454864501953 188.0457305908203 127.91681671142578 226.0486297607422
dog 0.96317124 45.1391487121582 126.0859375 83.01930236816406 164.15118408203125
frog 0.96267176 22.21950912475586 44.849273681640625 60.26017379760742 83.00584411621094
automobile 0.92235637 128.06910705566406 122.11041259765625 165.82789611816406 159.99014282226562
bird 0.88875806 125.1998519897461 90.90436553955078 151.1202850341797 116.89368438720703
dog 0.7494279 125.1998519897461 90.90436553955078 151.1202850341797 116.89368438720703
cat 0.33339143 22.220874786376953 45.03557586669922 59.98835372924805 82.96337890625
deer 0.27873015 191.13243103027344 92.8958740234375 217.23829650878906 118.76803588867188
