bird 0.998449 83.94401550292969 15.034623146057129 113.01785278320312 43.893775939941406
bird 0.99779105 77.01255798339844 113.97103118896484 105.81671142578125 143.0545196533203
ship 0.9967195 211.14334106445312 11.200812339782715 237.01318359375 37.2176399230957
ship 0.99600375 124.99463653564453 196.1136474609375 157.11724853515625 228.06570434570312
ship 0.9957471 65.04022979736328 173.98468017578125 83.96851348876953 193.05245971679688
airplane 0.99537873 21.117481231689453 209.98670959472656 46.962032318115234 236.12413024902344
truck 0.9928777 214.04177856445312 106.9910888671875 246.00054931640625 138.95578002929688
deer 0.9806117 188.99476623535156 51.07964324951172 215.0535430908203 77.05329132080078
ship 0.97705746 43.11680221557617 30.07391929626465 78.085693359375 65.52159881591797
truck 0.95233905 134.0227813720703 27.048622131347656 160.0176544189453 53.12273406982422
bird 0.90871185 172.96112060546875 197.82142639160156 202.33160400390625 226.9919891357422
truck 0.8926972 12.147719383239746 115.27454376220703 33.92079544067383 137.14772033691406
truck 0.88941413 150.09120178222656 69.18882751464844 169.07679748535156 87.95780944824219
deer 0.8839789 173.05160522460938 86.88013458251953 189.1317138671875 103.03058624267578
frog 0.8384328 205.92547607421875 205.11888122558594 237.94320678710938 236.8557891845703
automobile 0.80811334 80.20973205566406 64.11003875732422 102.28233337402344 85.75138092041016
automobile 0.65973514 150.11016845703125 69.15205383300781 169.01925659179688 88.05825805664062
cat 0.6089403 205.7462615966797 205.08636474609375 237.8799285888672 237.07073974609375
truck 0.5229569 20.159950256347656 165.07847595214844 39.093475341796875 183.97560119628906
automobile 0.49562502 12.077985763549805 115.41338348388672 34.05876159667969 137.09161376953125
dog 0.3797604 109.19913482666016 112.00492095947266 131.11190795898438 134.14207458496094
frog 0.3382309 109.17193603515625 112.24127197265625 131.15518188476562 134.1792449951172
truck 0.28065658 80.12345123291016 64.50480651855469 102.10164642333984 85.97761535644531
automobile 0.2502088 124.97107696533203 196.1112518310547 157.0619659423828 228.03062438964844
dog 0.21593723 80.12345123291016 64.50480651855469 102.10164642333984 85.97761535644531
