truck 0.9994324 53.90329360961914 60.93187713623047 83.03157043457031 89.93402862548828
ship 0.99887276 78.00872802734375 171.25357055664062 107.10847473144531 199.99703979492188
frog 0.9984851 168.9529266357422 209.232177734375 197.96128845214844 238.04302978515625
bird 0.99782664 127.0658187866211 101.93048095703125 162.04385375976562 136.955322265625
airplane 0.9905824 210.0582275390625 49.125885009765625 247.98373413085938 86.79930114746094
truck 0.987733 11.980667114257812 190.04417419433594 50.21245193481445 228.1570281982422
bird 0.9851963 119.113037109375 216.09609985351562 138.10324096679688 235.11221313476562
frog 0.9820885 205.06951904296875 211.739013671875 223.78848266601562 231.1036376953125
bird 0.9811667 107.04141235351562 139.06497192382812 135.90689086914062 167.88494873046875
automobile 0.97743905 52.344764709472656 9.137937545776367 87.05115509033203 43.94721221923828
cat 0.849697 185.2467803955078 173.13778686523438 220.00987243652344 207.81121826171875
truck 0.84934103 54.02447509765625 154.30709838867188 72.97456359863281 173.048828125
automobile 0.8449429 16.230064392089844 19.256622314453125 50.520118713378906 53.70789337158203
deer 0.782341 92.10372924804688 54.081600189208984 123.98707580566406 86.0503158569336
truck 0.7602748 57.03178405761719 116.59834289550781 88.48175048828125 149.0442352294922
frog 0.59408325 16.230064392089844 19.256622314453125 50.520118713378906 53.70789337158203
automobile 0.56371444 54.02447509765625 154.30709838867188 72.97456359863281 173.048828125
bird 0.53006464 162.15911865234375 169.20242309570312 183.98397827148438 190.78994750976562
airplane 0.5147921 164.9489288330078 85.07624053955078 203.05589294433594 123.03412628173828
bird 0.49369106 165.07980346679688 85.18394470214844 203.00753784179688 123.08331298828125
truck 0.48484838 164.9489288330078 85.07624053955078 203.05589294433594 123.03412628173828
automobile 0.43221715 162.15911865234375 169.20242309570312 183.98397827148438 190.78994750976562
deer 0.36967093 164.91030883789062 85.01979064941406 202.9368896484375 123.08924865722656
frog 0.2744096 162.15911865234375 169.20242309570312 183.98397827148438 190.78994750976562
bird 0.27200007 91.89993286132812 53.99224853515625 123.98681640625 86.05751037597656
cat 0.26082432 162.0123291015625 169.0973663330078 184.01980590820312 190.91929626464844
airplane 0.25745827 185.46067810058594 173.15919494628906 219.9793243408203 207.9493865966797
dog 0.24635363 56.8971061706543 116.40132141113281 88.39444732666016 148.9084930419922
truck 0.2276628 161.9993896484375 169.0207977294922 184.04934692382812 190.99229431152344
deer 0.20713472 161.99087524414062 168.99948120117188 184.07183837890625 190.94189453125
airplane 0.20633581 54.02447509765625 154.30709838867188 72.97456359863281 173.048828125
cat 0.20214942 91.89993286132812 53.99224853515625 123.98681640625 86.05751037597656
