ship 0.99845004 65.03802490234375 137.24169921875 97.07182312011719 168.96237182617188
ship 0.99717367 11.143096923828125 108.16818237304688 43.00089645385742 139.7490234375
truck 0.9957708 136.04356384277344 155.1429443359375 171.01466369628906 190.1527099609375
ship 0.9954306 20.082916259765625 165.1292724609375 58.02162170410156 202.741943359375
frog 0.99535006 24.7982177734375 71.07642364501953 56.88462829589844 103.31050872802734
airplane 0.99093294 204.98130798339844 203.1132049560547 236.9646453857422 234.8363494873047
airplane 0.9894761 183.2159881591797 112.00419616699219 205.0469512939453 133.90023803710938
truck 0.9861857 159.06272888183594 12.928778648376465 175.0445098876953 29.06021499633789
cat 0.95175755 137.06015014648438 55.09037780761719 158.97531127929688 77.02925109863281
frog 0.93752277 37.951087951660156 209.93348693847656 72.79106903076172 245.2307891845703
frog 0.90365255 173.03179931640625 139.96629333496094 195.05612182617188 162.0297393798828
cat 0.8529237 109.03117370605469 12.953352928161621 125.04295349121094 29.034198760986328
frog 0.8317976 82.9916763305664 83.0036392211914 102.0193099975586 101.97151947021484
bird 0.7879767 173.09913635253906 139.96974182128906 194.97706604003906 162.19554138183594
truck 0.75614583 91.10926818847656 175.18780517578125 129.19810485839844 212.87844848632812
cat 0.74197817 175.03021240234375 33.08897399902344 212.74911499023438 71.08837890625
bird 0.7231577 189.90579223632812 163.7266082763672 206.06170654296875 180.0649871826172
bird 0.702836 36.169769287109375 28.133317947387695 70.97865295410156 63.09162902832031
frog 0.650707 165.06845092773438 210.23886108398438 197.37637329101562 242.10821533203125
cat 0.5404234 165.0719451904297 210.24131774902344 197.15525817871094 242.0198516845703
deer 0.5032974 189.92080688476562 163.66448974609375 205.970703125 179.99618530273438
cat 0.4151475 2.6769981384277344 16.263797760009766 29.03766441345215 40.58820724487305
cat 0.37547755 37.951087951660156 209.93348693847656 72.79106903076172 245.2307891845703
airplane 0.34760308 2.6769981384277344 16.263797760009766 29.03766441345215 40.58820724487305
bird 0.34039468 83.01742553710938 83.0549087524414 102.02020263671875 101.95294952392578
dog 0.33505297 174.75399780273438 33.48062515258789 212.8594970703125 71.27139282226562
dog 0.3071924 109.0799331665039 13.0187349319458 124.96520233154297 29.007808685302734
deer 0.29122853 109.09953308105469 12.993985176086426 125.0396728515625 29.031803131103516
cat 0.2765357 36.169769287109375 28.133317947387695 70.97865295410156 63.09162902832031
frog 0.27485391 137.08404541015625 55.088539123535156 159.0865478515625 77.04503631591797
ship 0.2741772 2.6769981384277344 16.263797760009766 29.03766441345215 40.58820724487305
frog 0.24613857 2.6769981384277344 16.263797760009766 29.03766441345215 40.58820724487305
airplane 0.2370413 36.19280242919922 28.13388442993164 70.9950180053711 63.03945541381836
ship 0.22234082 91.07054901123047 175.1254119873047 129.20306396484375 212.98545837402344
cat 0.2185134 83.0191650390625 83.00128173828125 102.0064697265625 102.02505493164062
bird 0.21835744 2.4036293029785156 16.602811813354492 29.239990234375 41.08104705810547
truck 0.2144705 174.75399780273438 33.48062515258789 212.8594970703125 71.27139282226562
bird 0.21362555 165.0719451904297 210.24131774902344 197.15525817871094 242.0198516845703
airplane 0.20328239 165.0719451904297 210.24131774902344 197.15525817871094 242.0198516845703
