bird 0.9980813 50.98185348510742 85.0445327758789 80.07654571533203 114.11544036865234
ship 0.9971192 77.12994384765625 196.94895935058594 102.93473815917969 223.18666076660156
frog 0.99700075 136.9885711669922 200.19216918945312 163.1376190185547 226.02593994140625
ship 0.9963567 179.13600158691406 167.90904235839844 200.9160919189453 190.0066375732422
automobile 0.9951451 204.12503051757812 92.28680419921875 229.87179565429688 118.06343078613281
airplane 0.9944798 3.900589942932129 135.10421752929688 26.090499877929688 157.06298828125
truck 0.9943501 34.001731872558594 12.034384727478027 50.06068420410156 28.257343292236328
airplane 0.9929719 20.081233978271484 178.08248901367188 54.864192962646484 213.06826782226562
truck 0.99183345 211.19003295898438 122.18122863769531 236.92269897460938 147.77394104003906
automobile 0.9788269 33.005897521972656 31.883005142211914 68.06815338134766 66.95865631103516
airplane 0.9787271 64.01199340820312 116.77373504638672 101.97824096679688 155.21359252929688
dog 0.9776654 202.73556518554688 160.99351501464844 228.2325439453125 187.0976104736328
bird 0.9549895 147.08348083496094 138.1416015625 169.0723114013672 160.04745483398438
airplane 0.88663816 79.97268676757812 28.277809143066406 106.11892700195312 54.122642517089844
deer 0.8817775 0.5566692352294922 98.09953308105469 19.99400520324707 117.0330810546875
automobile 0.816985 193.00482177734375 8.206358909606934 219.12030029296875 33.87803268432617
deer 0.7657576 75.03412628173828 11.121484756469727 91.0573959350586 26.96558952331543
ship 0.72932035 192.92181396484375 8.311165809631348 219.11181640625 33.88843536376953
truck 0.70471144 75.06839752197266 11.120931625366211 91.0842056274414 26.956754684448242
ship 0.6950349 75.03412628173828 11.121484756469727 91.0573959350586 26.96558952331543
cat 0.38562375 75.03412628173828 11.121484756469727 91.0573959350586 26.96558952331543
ship 0.37889373 147.0814971923828 138.1114959716797 169.26283264160156 160.04689025878906
cat 0.3706037 79.79129028320312 28.147266387939453 106.043212890625 54.10280990600586
bird 0.36969602 0.5089244842529297 98.10733795166016 19.943513870239258 116.98894500732422
frog 0.35648823 0.5566692352294922 98.09953308105469 19.99400520324707 117.0330810546875
dog 0.30184078 79.97268676757812 28.277809143066406 106.11892700195312 54.122642517089844
dog 0.2813656 75.03412628173828 11.121484756469727 91.0573959350586 26.96558952331543
automobile 0.24720529 75.03412628173828 11.121484756469727 91.0573959350586 26.96558952331543
