ship 0.9991257 5.151247024536133 164.16580200195312 31.05861473083496 189.90444946289062
automobile 0.998026 17.94938087463379 3.0698280334472656 55.94834899902344 40.8263053894043
ship 0.9969698 124.07630920410156 134.0099639892578 159.0984649658203 168.95521545410156
frog 0.99660224 63.0249137878418 165.04745483398438 98.057373046875 200.01324462890625
truck 0.99640036 63.90660858154297 6.058917045593262 95.8808822631836 38.01237487792969
airplane 0.99611545 91.9814453125 81.051513671875 114.07804870605469 103.03392028808594
ship 0.99561846 210.03231811523438 191.20213317871094 248.0352783203125 229.0420379638672
bird 0.9889761 31.21133041381836 124.84613800048828 49.85499954223633 142.38233947753906
dog 0.98552036 157.120361328125 102.09075927734375 179.02096557617188 124.06916809082031
airplane 0.979633 126.982421875 59.789554595947266 152.9246826171875 86.12834167480469
deer 0.95993733 85.01595306396484 119.12618255615234 101.00127410888672 135.05038452148438
automobile 0.9443628 179.9497833251953 164.00885009765625 208.88902282714844 188.8995361328125
deer 0.9302825 41.23207092285156 42.192481994628906 75.86460876464844 76.86640167236328
airplane 0.8802161 184.9612274169922 77.99148559570312 219.94227600097656 112.92828369140625
frog 0.8783728 155.0640411376953 33.158241271972656 190.04930114746094 67.87882995605469
bird 0.86100626 119.1530990600586 19.071556091308594 153.95947265625 54.23694610595703
truck 0.81715274 154.9171600341797 8.991467475891113 174.0876922607422 28.127071380615234
automobile 0.7778017 110.10942840576172 177.91061401367188 126.0027847290039 194.00265502929688
dog 0.73894894 110.1980209350586 177.86502075195312 125.92621612548828 194.0283203125
bird 0.63265437 184.82077026367188 78.00631713867188 219.99688720703125 112.86244201660156
frog 0.5389621 110.10416412353516 177.82363891601562 125.97504425048828 194.02890014648438
frog 0.50340873 179.9497833251953 164.00885009765625 208.88902282714844 188.8995361328125
deer 0.5029455 154.85995483398438 8.964592933654785 174.04241943359375 28.08431625366211
cat 0.45283106 155.17697143554688 33.01161575317383 190.00640869140625 68.02473449707031
dog 0.37077212 118.9942855834961 18.800466537475586 153.93655395507812 54.15038299560547
deer 0.36308938 110.10942840576172 177.91061401367188 126.0027847290039 194.00265502929688
truck 0.32867306 110.1980209350586 177.86502075195312 125.92621612548828 194.0283203125
frog 0.31165603 119.07431030273438 18.831953048706055 153.80532836914062 54.142669677734375
ship 0.29210877 85.01595306396484 119.12618255615234 101.00127410888672 135.05038452148438
airplane 0.263416 41.17576217651367 42.1201171875 75.9661865234375 76.8459701538086
airplane 0.2358864 84.97938537597656 119.08041381835938 101.01092529296875 135.00552368164062
airplane 0.21988359 154.85995483398438 8.964592933654785 174.04241943359375 28.08431625366211
frog 0.21597436 154.83982849121094 8.975249290466309 174.01426696777344 28.143863677978516
