airplane 0.99798644 60.981685638427734 99.91724395751953 90.06674194335938 129.07618713378906
ship 0.9974772 92.04420471191406 214.87562561035156 117.90885925292969 240.96885681152344
deer 0.99687207 210.94691467285156 184.9957275390625 227.0083465576172 200.95062255859375
truck 0.9965861 128.78170776367188 52.98672866821289 161.004638671875 84.87220764160156
bird 0.9957608 75.42633819580078 39.70437240600586 107.02191925048828 70.93635559082031
automobile 0.995504 123.0904769897461 149.3968963623047 154.9539794921875 181.41319274902344
truck 0.99470496 180.9735107421875 179.20343017578125 206.94155883789062 204.82101440429688
bird 0.9936687 177.2567901611328 67.14183044433594 211.9967498779297 102.01435852050781
truck 0.9931905 111.01808166503906 3.230998992919922 146.0507049560547 38.037086486816406
airplane 0.9924592 3.0588502883911133 5.994572639465332 29.032146453857422 32.02073287963867
frog 0.9919597 91.02779388427734 80.91796875 107.13365936279297 97.11903381347656
truck 0.9863117 123.09552001953125 186.18081665039062 155.00558471679688 218.19158935546875
cat 0.9807817 29.09729766845703 101.01966857910156 55.17121124267578 127.16497802734375
automobile 0.96334064 108.2085189819336 67.20356750488281 126.95633697509766 85.77265930175781
deer 0.9580048 211.97572326660156 211.9833221435547 233.97605895996094 234.03428649902344
cat 0.91495013 16.272232055664062 152.06822204589844 42.099281311035156 178.08030700683594
airplane 0.88238466 171.9728546142578 159.16464233398438 188.0089874267578 174.95474243164062
deer 0.69370276 37.88191223144531 189.06231689453125 67.00373840332031 217.93826293945312
cat 0.6656085 37.88191223144531 189.06231689453125 67.00373840332031 217.93826293945312
dog 0.59967434 23.961204528808594 57.884864807128906 40.10533905029297 74.0354995727539
frog 0.56487113 37.95157241821289 188.99627685546875 67.06681060791016 217.99380493164062
ship 0.46412778 171.92657470703125 159.1264190673828 188.0469970703125 175.02342224121094
bird 0.3468705 171.9158477783203 159.1261749267578 188.05686950683594 175.0204315185547
truck 0.31746367 108.0441665649414 67.22505187988281 126.93035125732422 85.73724365234375
frog 0.2943527 16.272232055664062 152.06822204589844 42.099281311035156 178.08030700683594
truck 0.27035916 103.08253479003906 120.95657348632812 122.21803283691406 140.138427734375
ship 0.25614274 108.0441665649414 67.22505187988281 126.93035125732422 85.73724365234375
frog 0.23315164 211.9911651611328 212.0790557861328 233.95994567871094 233.9347381591797
