deer 0.99715686 101.95966339111328 3.960756301879883 133.8484344482422 36.08070373535156
airplane 0.9970845 151.0408172607422 85.02890014648438 176.9181671142578 110.02500915527344
deer 0.9968881 186.0482940673828 209.8921661376953 215.1401824951172 238.9196014404297
airplane 0.9949467 1.1040267944335938 192.76364135742188 35.9539909362793 227.89599609375
cat 0.99462616 148.1016082763672 119.98761749267578 176.81248474121094 148.87887573242188
automobile 0.99047035 185.21981811523438 126.30281829833984 214.059814453125 155.04464721679688
frog 0.9880384 144.03070068359375 183.88368225097656 170.14593505859375 210.05543518066406
deer 0.98794496 214.0200958251953 88.02632904052734 236.1042938232422 110.00609588623047
dog 0.98493993 57.010345458984375 106.08047485351562 92.07328796386719 141.0890655517578
cat 0.9845171 78.05902099609375 158.3314971923828 115.99249267578125 195.9139862060547
deer 0.9796816 194.09042358398438 32.07115936279297 225.93310546875 63.952720642089844
bird 0.87820005 49.87049102783203 8.278148651123047 72.05941772460938 30.07015609741211
cat 0.86449975 96.86295318603516 89.76946258544922 122.79039764404297 115.02591705322266
dog 0.68923366 48.11277770996094 65.51782989501953 77.01774597167969 95.06208038330078
automobile 0.46045807 49.87049102783203 8.278148651123047 72.05941772460938 30.07015609741211
airplane 0.3876341 100.07921600341797 52.87335205078125 135.12229919433594 87.79025268554688
airplane 0.28327823 49.87049102783203 8.278148651123047 72.05941772460938 30.07015609741211
bird 0.23598778 144.03070068359375 183.88368225097656 170.14593505859375 210.05543518066406
bird 0.21171847 213.83563232421875 88.12490844726562 235.86447143554688 110.09664916992188
dog 0.2024667 95.16499328613281 207.24710083007812 126.772216796875 238.94613647460938
