ship 0.998958 116.12511444091797 173.24395751953125 145.2217254638672 201.82293701171875
ship 0.9989135 120.09719848632812 47.53715515136719 151.9183349609375 79.06884765625
truck 0.9972646 132.16415405273438 213.16226196289062 164.05841064453125 244.96926879882812
bird 0.9962145 81.10163879394531 211.12139892578125 113.01170349121094 243.11517333984375
dog 0.99585474 13.97535514831543 60.15768814086914 52.06090545654297 97.84835815429688
dog 0.99545497 152.89056396484375 18.072765350341797 191.31668090820312 55.9548454284668
cat 0.99539155 106.20692443847656 103.0836181640625 143.97607421875 141.0362548828125
dog 0.9949122 155.8863067626953 69.00148010253906 184.99790954589844 97.97764587402344
bird 0.99451864 148.00274658203125 154.04730224609375 176.96121215820312 183.12966918945312
frog 0.9928338 35.078487396240234 140.2655792236328 69.92373657226562 174.9907684326172
frog 0.98867977 200.99671936035156 196.96572875976562 239.06419372558594 234.88580322265625
dog 0.98678434 42.144203186035156 180.545166015625 79.94798278808594 218.94564819335938
automobile 0.98598224 192.16043090820312 69.9671630859375 218.13946533203125 95.96435546875
dog 0.97312224 204.2047882080078 173.02053833007812 225.96324157714844 195.110107421875
ship 0.9354446 178.06361389160156 124.87055969238281 193.8740692138672 141.0204315185547
bird 0.9028899 169.1380615234375 198.0599365234375 190.986328125 219.9771728515625
deer 0.51362425 106.9775619506836 18.133487701416016 129.1083221435547 40.12156677246094
frog 0.49570644 169.1380615234375 198.0599365234375 190.986328125 219.9771728515625
dog 0.42231733 22.05907440185547 23.974315643310547 54.10816955566406 56.0594367980957
airplane 0.24958706 178.06361389160156 124.87055969238281 193.8740692138672 141.0204315185547
