ship 0.9994467 91.25714111328125 15.045805931091309 119.7763671875 43.866676330566406
automobile 0.99801993 124.93444061279297 140.70291137695312 154.04571533203125 170.097412109375
frog 0.9977061 149.9709930419922 188.27821350097656 182.2604217529297 219.9490203857422
ship 0.99765176 192.1400909423828 82.04803466796875 227.01719665527344 116.99966430664062
truck 0.99693626 110.01492309570312 209.21070861816406 145.16989135742188 244.0534210205078
dog 0.99523246 51.018104553222656 153.05435180664062 86.13488006591797 187.91012573242188
ship 0.9938944 62.115394592285156 198.10147094726562 84.00276947021484 220.03289794921875
ship 0.99301165 39.028480529785156 81.13578796386719 64.99894714355469 107.06820678710938
dog 0.9926865 11.943115234375 147.13897705078125 33.98883056640625 169.12649536132812
ship 0.9914698 16.054786682128906 113.88445281982422 48.04258728027344 145.8605499267578
frog 0.98378205 174.1181640625 161.17626953125 199.97421264648438 187.07528686523438
truck 0.9696117 207.15480041503906 150.15316772460938 225.98045349121094 169.00341796875
truck 0.93744224 10.992785453796387 58.96006393432617 30.00390625 78.07798767089844
deer 0.90445614 184.23593139648438 190.9075164794922 210.01507568359375 217.0167999267578
deer 0.8796166 105.94740295410156 102.98768615722656 140.91445922851562 137.64610290527344
cat 0.6246306 143.05828857421875 1.9814033508300781 178.027099609375 37.0033073425293
cat 0.6205566 158.86598205566406 136.13934326171875 178.0089569091797 155.02627563476562
airplane 0.54919285 10.992785453796387 58.96006393432617 30.00390625 78.07798767089844
dog 0.4831759 158.8750457763672 136.08901977539062 178.03724670410156 155.05508422851562
deer 0.41295215 143.05418395996094 2.061830520629883 177.96070861816406 36.86534881591797
frog 0.32484728 143.05828857421875 1.9814033508300781 178.027099609375 37.0033073425293
airplane 0.31376606 207.13905334472656 150.1002197265625 226.0475616455078 169.04241943359375
