airplane 0.99913585 200.06100463867188 41.92787170410156 231.97103881835938 74.13582611083984
airplane 0.9988437 77.08826446533203 98.91364288330078 108.97235870361328 131.0095977783203
airplane 0.9965075 179.9397430419922 5.152170181274414 202.1738739013672 27.06510353088379
airplane 0.9928939 69.17964935302734 138.11785888671875 106.8300552368164 175.98687744140625
deer 0.9848567 148.9984588623047 13.10661506652832 171.09788513183594 34.96735382080078
dog 0.97863305 90.05664825439453 205.05117797851562 109.0198745727539 223.9471435546875
bird 0.9764809 122.05723571777344 29.994157791137695 141.0344696044922 48.94438171386719
ship 0.97336483 0.0 108.96456909179688 22.08298110961914 131.17608642578125
ship 0.96915925 142.0404510498047 112.10189819335938 168.05299377441406 138.00601196289062
bird 0.96799386 63.03685760498047 23.120304107666016 92.01512908935547 51.862552642822266
bird 0.96306145 147.05813598632812 62.06620407104492 169.01211547851562 84.06071472167969
airplane 0.9541004 63.99440002441406 62.109127044677734 99.13642883300781 96.99560546875
dog 0.9493991 153.00843811035156 147.38348388671875 178.9204559326172 173.14242553710938
dog 0.9417281 169.97396850585938 97.18052673339844 189.15219116210938 116.02099609375
cat 0.8016021 111.1868896484375 144.1684112548828 139.9765625 173.18287658691406
cat 0.71214205 112.0532455444336 71.60147857666016 140.98440551757812 99.9714126586914
bird 0.65271187 211.07479858398438 84.08009338378906 229.977294921875 103.08583068847656
frog 0.5879475 211.02394104003906 84.1563949584961 229.9807586669922 103.0163803100586
ship 0.48662397 63.99440002441406 62.109127044677734 99.13642883300781 96.99560546875
deer 0.31238735 211.02394104003906 84.1563949584961 229.9807586669922 103.0163803100586
bird 0.30559295 149.0493927001953 13.134273529052734 171.1129913330078 34.98651123046875
truck 0.28479433 142.0404510498047 112.10189819335938 168.05299377441406 138.00601196289062
dog 0.28289175 112.0532455444336 71.60147857666016 140.98440551757812 99.9714126586914
truck 0.26584166 112.13278198242188 71.66669464111328 140.9217987060547 100.05680084228516
airplane 0.25994396 142.0404510498047 112.10189819335938 168.05299377441406 138.00601196289062
ship 0.23575419 112.0532455444336 71.60147857666016 140.98440551757812 99.9714126586914
