automobile 0.99881697 30.121204376220703 51.97199249267578 59.020999908447266 80.65790557861328
bird 0.9977206 196.08804321289062 161.10520935058594 217.96231079101562 182.9900665283203
airplane 0.99760306 210.09844970703125 206.11959838867188 228.93545532226562 224.87966918945312
deer 0.9966676 150.00473022460938 120.22321319580078 179.00106811523438 149.00872802734375
automobile 0.99584025 215.06983947753906 84.15616607666016 253.0821075439453 121.94654083251953
automobile 0.99565315 31.957355499267578 147.03469848632812 47.94716262817383 162.97024536132812
ship 0.99343 69.06074523925781 135.05401611328125 88.03826904296875 153.98590087890625
airplane 0.9870986 5.113895416259766 135.12359619140625 23.968515396118164 153.93179321289062
deer 0.9825702 94.91561126708984 131.1558837890625 124.0432357788086 159.85906982421875
cat 0.9539368 82.00575256347656 211.04225158691406 101.10514831542969 230.0559844970703
airplane 0.9325716 110.01024627685547 44.04128646850586 126.09276580810547 60.06797409057617
deer 0.92481256 68.10758972167969 1.8373003005981445 83.99516296386719 18.164348602294922
cat 0.90423584 117.02168273925781 86.0651626586914 143.0836639404297 112.09302520751953
dog 0.9011659 65.12616729736328 23.98526954650879 102.78791046142578 62.08887481689453
automobile 0.8893981 160.04345703125 181.98214721679688 188.95745849609375 211.21774291992188
frog 0.83621097 40.95155715942383 83.87224578857422 59.920528411865234 102.99195098876953
frog 0.76667523 179.02027893066406 4.002285003662109 205.0309295654297 30.14212417602539
automobile 0.74004495 163.9781494140625 215.00360107421875 183.05538940429688 234.03887939453125
cat 0.63899124 208.0170440673828 141.0347900390625 227.0806121826172 159.85812377929688
cat 0.5263841 110.06657409667969 44.05389404296875 126.07786560058594 60.03038024902344
deer 0.51086885 107.01335906982422 203.1266326904297 126.0331039428711 221.91835021972656
dog 0.50043726 117.02168273925781 86.0651626586914 143.0836639404297 112.09302520751953
deer 0.48485672 163.9781494140625 215.00360107421875 183.05538940429688 234.03887939453125
ship 0.44270745 160.04345703125 181.98214721679688 188.95745849609375 211.21774291992188
airplane 0.4267926 68.10758972167969 1.8373003005981445 83.99516296386719 18.164348602294922
ship 0.39965925 164.05422973632812 214.85498046875 182.9813232421875 233.98272705078125
cat 0.35652763 40.90913772583008 84.04149627685547 59.984989166259766 102.98856353759766
bird 0.32499126 164.14291381835938 214.794921875 183.05889892578125 234.02914428710938
truck 0.32210553 110.06657409667969 44.05389404296875 126.07786560058594 60.03038024902344
truck 0.31830573 117.02168273925781 86.0651626586914 143.0836639404297 112.09302520751953
deer 0.31243747 208.0003662109375 141.06228637695312 227.0655517578125 159.87744140625
cat 0.30226165 107.0797119140625 203.04454040527344 125.6370849609375 221.90687561035156
truck 0.29542136 160.04345703125 181.98214721679688 188.95745849609375 211.21774291992188
deer 0.273642 40.90913772583008 84.04149627685547 59.984989166259766 102.98856353759766
truck 0.2728363 68.11634063720703 1.8758172988891602 83.95442962646484 18.20193099975586
airplane 0.2586527 208.0003662109375 141.06228637695312 227.0655517578125 159.87744140625
frog 0.24059129 82.0309829711914 211.10025024414062 101.04668426513672 229.96307373046875
automobile 0.23289728 94.91561126708984 131.1558837890625 124.0432357788086 159.85906982421875
bird 0.20478642 65.12616729736328 23.98526954650879 102.78791046142578 62.08887481689453
truck 0.20055813 40.90913772583008 84.04149627685547 59.984989166259766 102.98856353759766
