ship 0.9985889 139.293212890625 170.005859375 171.01669311523438 202.39242553710938
bird 0.99782485 91.12596130371094 168.08224487304688 120.08436584472656 197.03378295898438
automobile 0.99735427 84.94944763183594 93.930908203125 122.98866271972656 132.00059509277344
cat 0.9965651 38.070777893066406 76.13168334960938 67.13715362548828 104.94813537597656
ship 0.99651873 119.84447479248047 42.04198455810547 158.070068359375 79.73896026611328
ship 0.9963229 38.71575927734375 116.9241714477539 55.20093536376953 132.84934997558594
truck 0.9943099 150.02740478515625 206.94895935058594 185.13327026367188 241.8434600830078
cat 0.9895377 31.9410400390625 36.18213653564453 54.075645446777344 58.01636505126953
cat 0.98949045 32.945587158203125 169.16259765625 71.07669067382812 206.969482421875
airplane 0.9893522 85.94615173339844 18.941791534423828 107.9031982421875 40.88134765625
frog 0.98902345 160.22915649414062 64.24219512939453 182.01809692382812 86.0527572631836
bird 0.98327565 10.184381484985352 116.96124267578125 35.87303161621094 143.04391479492188
dog 0.97360355 187.9738006591797 177.09251403808594 223.16270446777344 211.9183807373047
frog 0.9704609 75.89692687988281 49.05133056640625 113.94863891601562 87.02786254882812
deer 0.9681964 164.95794677734375 139.87973022460938 181.00155639648438 155.98626708984375
cat 0.87602055 116.56085968017578 138.87969970703125 142.87986755371094 164.53250122070312
bird 0.79784703 196.13461303710938 9.011751174926758 233.84884643554688 47.19740295410156
automobile 0.46337003 123.03885650634766 9.171481132507324 152.1277618408203 38.14329147338867
ship 0.4564073 116.56085968017578 138.87969970703125 142.87986755371094 164.53250122070312
dog 0.43053007 196.07855224609375 9.063329696655273 233.72686767578125 47.15222930908203
frog 0.40814844 123.03885650634766 9.171481132507324 152.1277618408203 38.14329147338867
truck 0.39643106 123.03885650634766 9.171481132507324 152.1277618408203 38.14329147338867
bird 0.38468063 164.95794677734375 139.87973022460938 181.00155639648438 155.98626708984375
cat 0.37466893 123.03659057617188 9.098797798156738 152.08816528320312 38.10147476196289
dog 0.24099568 116.55762481689453 138.71275329589844 142.87008666992188 164.81764221191406
