frog 0.99857306 63.99192810058594 73.0990219116211 95.9088134765625 104.85785675048828
airplane 0.99845433 107.9681396484375 67.06637573242188 137.15394592285156 96.18524169921875
truck 0.9981542 77.96432495117188 161.02752685546875 100.05775451660156 183.03060913085938
frog 0.9980359 187.1732177734375 160.23687744140625 216.04046630859375 188.85556030273438
dog 0.9962371 36.062957763671875 25.014907836914062 74.0213394165039 62.855712890625
frog 0.9957979 212.06015014648438 208.00718688964844 234.11614990234375 229.95314025878906
airplane 0.9946934 107.00305938720703 192.07228088378906 128.92678833007812 213.9335479736328
frog 0.9944695 51.02231216430664 213.10682678222656 76.94862365722656 238.96324157714844
dog 0.99229693 34.087581634521484 190.1149139404297 55.91183853149414 211.76368713378906
automobile 0.98859394 168.07684326171875 96.00784301757812 200.2259521484375 128.16455078125
airplane 0.9874406 14.031340599060059 125.1103286743164 43.09576416015625 154.23446655273438
cat 0.9776962 165.25454711914062 9.20998764038086 191.19998168945312 35.063079833984375
ship 0.970133 111.03839111328125 21.92512321472168 136.9907989501953 47.939300537109375
automobile 0.970062 209.14378356933594 102.06137084960938 238.11985778808594 131.0496063232422
dog 0.87714255 138.90875244140625 135.27593994140625 177.05108642578125 173.13076782226562
bird 0.84663725 19.205768585205078 160.48785400390625 37.907447814941406 178.63763427734375
cat 0.5816408 155.93031311035156 61.98877716064453 172.03428649902344 78.0487289428711
cat 0.5013248 138.98184204101562 135.16195678710938 176.98516845703125 173.04339599609375
airplane 0.46084547 101.93486022949219 151.99212646484375 118.01153564453125 168.02902221679688
airplane 0.44215283 110.94969177246094 21.98883819580078 137.065185546875 48.1131591796875
deer 0.39043158 34.90044021606445 78.20980834960938 53.92494583129883 96.89126586914062
automobile 0.27838868 35.09526062011719 78.1644058227539 53.945343017578125 96.66197967529297
truck 0.2756086 209.11802673339844 102.12068939208984 238.0226593017578 131.0731658935547
deer 0.2597391 155.9431610107422 62.053619384765625 171.99037170410156 78.09819030761719
airplane 0.2563252 34.944969177246094 78.12032318115234 53.999481201171875 96.84650421142578
airplane 0.24359244 155.93031311035156 61.98877716064453 172.03428649902344 78.0487289428711
