ship 0.9979556 201.0061798095703 208.75250244140625 230.05113220214844 238.10586547851562
airplane 0.9972279 181.11570739746094 1.106292724609375 210.1558074951172 29.994794845581055
automobile 0.9964527 21.2514705657959 214.0911102294922 59.008934020996094 251.9640350341797
deer 0.99558246 179.08067321777344 79.1385498046875 216.8861846923828 117.03108215332031
ship 0.9952135 148.02813720703125 180.1196746826172 167.09649658203125 199.1253204345703
frog 0.9948882 205.10398864746094 122.07698822021484 223.8938446044922 140.99581909179688
airplane 0.9924333 149.05624389648438 137.99807739257812 171.026611328125 160.0616455078125
cat 0.9917177 126.19426727294922 11.036520957946777 154.94363403320312 39.838321685791016
dog 0.9905883 36.04692840576172 123.14576721191406 61.82035827636719 149.00779724121094
airplane 0.98925763 117.04410552978516 117.12016296386719 142.82545471191406 142.89463806152344
frog 0.96986806 5.0921125411987305 185.00270080566406 31.03314971923828 211.2329864501953
automobile 0.9354206 177.03213500976562 43.02906799316406 195.95407104492188 61.98194885253906
airplane 0.90582454 102.04209899902344 167.10179138183594 133.98260498046875 198.9206085205078
airplane 0.89840955 61.103919982910156 63.10942840576172 83.03926849365234 85.1020736694336
airplane 0.8759221 86.1353988647461 105.180908203125 114.99820709228516 134.07801818847656
deer 0.8378577 101.93278503417969 167.11326599121094 133.93283081054688 198.9777374267578
airplane 0.82960856 26.978992462158203 80.01175689697266 43.2131233215332 95.9187240600586
truck 0.6079554 176.9351348876953 43.062007904052734 195.9689483642578 62.08657455444336
bird 0.57257354 61.11285400390625 63.188636779785156 83.00102233886719 85.13208770751953
cat 0.32024813 85.95177459716797 105.08009338378906 114.86473846435547 133.9838104248047
cat 0.31182733 176.99835205078125 167.1182861328125 214.91506958007812 204.95147705078125
deer 0.23166168 26.98853302001953 80.11225891113281 43.1800537109375 95.88565063476562
ship 0.22579959 149.07456970214844 137.88442993164062 171.13926696777344 159.9383544921875
