truck 0.9982289 79.92062377929688 182.97735595703125 105.99009704589844 208.98611450195312
frog 0.9973495 193.993896484375 175.0855255126953 219.99954223632812 200.9431915283203
deer 0.9928974 93.13003540039062 6.998897552490234 131.38162231445312 45.20305633544922
bird 0.9921387 119.01053619384766 60.07371520996094 154.3843231201172 95.04159545898438
airplane 0.98676 138.02755737304688 153.02548217773438 175.93991088867188 190.91360473632812
airplane 0.9819094 16.112518310546875 84.12345886230469 53.972068786621094 121.96900939941406
cat 0.9737152 160.0064239501953 21.00240707397461 195.05702209472656 55.85928726196289
automobile 0.9713186 172.12948608398438 120.24617767333984 203.91189575195312 151.97470092773438
cat 0.9673574 37.9929313659668 46.073692321777344 57.015316009521484 64.98509216308594
cat 0.9585153 58.001068115234375 193.91049194335938 73.88899230957031 210.36575317382812
frog 0.9530846 201.1514129638672 14.062135696411133 236.0078887939453 49.02131652832031
truck 0.9416133 6.974250793457031 148.0078887939453 38.85116195678711 179.8469696044922
dog 0.8363131 34.218109130859375 214.0531463623047 71.91068267822266 251.94300842285156
dog 0.765597 156.0926513671875 58.79611587524414 191.01998901367188 94.09930419921875
truck 0.73530567 90.02847290039062 85.15343475341797 115.97792053222656 111.03141021728516
bird 0.64128006 34.0866584777832 213.9579620361328 71.94033813476562 252.0618438720703
deer 0.5010264 5.043091773986816 4.936059951782227 33.88526916503906 34.06354522705078
dog 0.46918216 58.001068115234375 193.91049194335938 73.88899230957031 210.36575317382812
frog 0.45371482 90.02847290039062 85.15343475341797 115.97792053222656 111.03141021728516
bird 0.4518786 200.92201232910156 153.99838256835938 219.9654998779297 173.316650390625
truck 0.38075346 5.035139083862305 4.965276718139648 33.86895751953125 34.11695861816406
cat 0.37169516 200.92201232910156 153.99838256835938 219.9654998779297 173.316650390625
dog 0.3431056 37.9929313659668 46.073692321777344 57.015316009521484 64.98509216308594
ship 0.31469667 58.020545959472656 193.92181396484375 73.81629180908203 210.42245483398438
truck 0.25357172 58.001068115234375 193.91049194335938 73.88899230957031 210.36575317382812
dog 0.25101757 199.89456176757812 51.88327407836914 222.08099365234375 73.93959045410156
bird 0.22555664 59.02256774902344 121.05763244628906 93.98745727539062 155.98802185058594
