airplane 0.9993999 112.07357025146484 133.19305419921875 140.9592742919922 161.87353515625
bird 0.99871814 182.23731994628906 148.92323303222656 214.11302185058594 180.9793243408203
deer 0.998284 119.30301666259766 68.247802734375 153.94903564453125 102.93878173828125
automobile 0.9978634 75.1153564453125 35.25606918334961 100.87153625488281 60.796939849853516
automobile 0.9977821 15.067455291748047 213.87435913085938 53.045658111572266 252.09561157226562
automobile 0.997331 112.08155822753906 215.85308837890625 138.25625610351562 242.02593994140625
automobile 0.9973035 36.108062744140625 54.93036651611328 68.11114501953125 86.9986801147461
automobile 0.9970093 74.95642852783203 208.85324096679688 97.11748504638672 229.03427124023438
airplane 0.99655163 69.09010314941406 170.06430053710938 104.06370544433594 204.9305419921875
airplane 0.9915714 24.007802963256836 173.8519744873047 62.25538635253906 212.10133361816406
truck 0.9890907 165.07235717773438 95.17158508300781 183.93716430664062 113.89016723632812
deer 0.9877696 92.02971649169922 73.9863052368164 114.14617156982422 95.85655975341797
airplane 0.98564935 145.14500427246094 161.05905151367188 176.8866729736328 192.94876098632812
bird 0.9724709 3.9754743576049805 18.059814453125 26.073318481445312 40.245338439941406
deer 0.9568076 174.23995971679688 198.8954315185547 200.03427124023438 224.9950714111328
dog 0.81213367 4.992022514343262 42.74125671386719 26.904632568359375 65.04934692382812
deer 0.66213477 197.9528045654297 74.05758666992188 232.97923278808594 108.97685241699219
truck 0.41124192 4.951977729797363 42.956878662109375 26.529468536376953 65.1049575805664
deer 0.32141808 182.13311767578125 13.947226524353027 210.94143676757812 43.16678237915039
truck 0.28201804 159.1499481201172 44.98445129394531 191.0851287841797 76.9383544921875
ship 0.2795659 4.951977729797363 42.956878662109375 26.529468536376953 65.1049575805664
truck 0.27280962 145.23635864257812 160.92825317382812 177.162353515625 192.90667724609375
dog 0.26911664 159.1499481201172 44.98445129394531 191.0851287841797 76.9383544921875
automobile 0.25189358 4.951977729797363 42.956878662109375 26.529468536376953 65.1049575805664
