ship 0.999086 155.134033203125 171.0048065185547 177.02459716796875 193.0907440185547
bird 0.998855 32.913612365722656 69.00935363769531 54.97919464111328 91.14617919921875
automobile 0.9980451 15.98610782623291 203.98263549804688 32.06244659423828 220.04470825195312
bird 0.997995 204.06448364257812 214.0167999267578 225.95831298828125 235.91065979003906
ship 0.99797785 92.92696380615234 178.02847290039062 109.01390838623047 194.066162109375
automobile 0.9979559 164.99917602539062 57.07331085205078 186.93023681640625 79.03150177001953
dog 0.99663377 134.98983764648438 209.9681854248047 156.91921997070312 232.02528381347656
bird 0.9949795 55.97150421142578 100.09966278076172 81.93560028076172 126.14864349365234
truck 0.9945528 211.87278747558594 103.14258575439453 241.04151916503906 131.9290771484375
truck 0.9942455 41.12427520751953 183.0022430419922 76.03731536865234 218.0797576904297
airplane 0.99192077 0.764129638671875 63.10929870605469 22.990863800048828 85.0137939453125
deer 0.9915006 133.1308135986328 8.17608642578125 167.9474334716797 43.016578674316406
deer 0.99114084 70.0900650024414 53.06647491455078 102.0446548461914 84.99022674560547
dog 0.98614454 169.05487060546875 203.04742431640625 188.0103759765625 222.03152465820312
dog 0.9821417 210.03826904296875 43.12092590332031 248.20181274414062 80.81059265136719
airplane 0.975454 143.10098266601562 111.09174346923828 164.98660278320312 133.07550048828125
bird 0.9498813 16.898609161376953 150.15298461914062 42.98875427246094 176.16488647460938
ship 0.94721365 94.07563781738281 116.03331756591797 109.94796752929688 132.06134033203125
cat 0.9213813 2.009685516357422 111.99600219726562 37.058589935302734 146.98199462890625
ship 0.8002747 118.87225341796875 104.95311737060547 135.00917053222656 120.9926986694336
cat 0.48814878 94.07563781738281 116.03331756591797 109.94796752929688 132.06134033203125
airplane 0.41679156 94.07563781738281 116.03331756591797 109.94796752929688 132.06134033203125
deer 0.39926782 118.87793731689453 105.07464599609375 134.99569702148438 121.05766296386719
ship 0.33620197 142.96578979492188 111.14855194091797 164.97967529296875 133.0853729248047
airplane 0.32391042 16.898609161376953 150.15298461914062 42.98875427246094 176.16488647460938
airplane 0.31008816 118.89173889160156 105.0 135.05694580078125 121.045166015625
deer 0.30558422 94.07563781738281 116.03331756591797 109.94796752929688 132.06134033203125
bird 0.2702399 94.25222778320312 116.07612609863281 109.98631286621094 132.0546417236328
