ship 0.999029 140.04937744140625 49.17729949951172 161.98452758789062 71.3087158203125
frog 0.9986236 139.18780517578125 76.12710571289062 168.10540771484375 104.97323608398438
ship 0.9984511 9.954654693603516 123.05119323730469 31.881134033203125 145.02305603027344
automobile 0.9983208 56.088043212890625 207.22476196289062 85.08274841308594 235.79916381835938
dog 0.9971198 189.16990661621094 133.23849487304688 226.95277404785156 171.01443481445312
truck 0.99698687 128.1225128173828 212.94839477539062 159.97898864746094 245.03106689453125
dog 0.9952612 39.96788024902344 145.17994689941406 77.77265167236328 182.94432067871094
frog 0.99514663 154.9803009033203 18.206615447998047 180.9405975341797 43.99813461303711
truck 0.99366266 89.11445617675781 180.96705627441406 124.04692077636719 216.0535125732422
truck 0.9936385 53.07840347290039 109.25375366210938 81.74378967285156 137.9297637939453
ship 0.99081135 40.094879150390625 54.04057693481445 62.021644592285156 76.0063247680664
dog 0.9901208 202.0684356689453 188.029052734375 218.14073181152344 204.16934204101562
ship 0.9826816 84.18486022949219 84.14834594726562 122.01930236816406 122.05439758300781
deer 0.9730463 110.00798797607422 147.18582153320312 132.0851593017578 168.99295043945312
truck 0.9707434 193.89230346679688 69.40995025634766 222.94241333007812 97.66886138916016
ship 0.90808547 63.942081451416016 48.99476623535156 90.1580581665039 74.81721496582031
cat 0.68929267 132.9864501953125 182.00291442871094 155.07235717773438 204.4402618408203
dog 0.6584883 132.93899536132812 182.1428985595703 155.04147338867188 204.06077575683594
cat 0.55143386 4.145984649658203 31.314041137695312 38.67726516723633 65.95115661621094
ship 0.2931658 132.9472198486328 182.14633178710938 155.06483459472656 203.9747314453125
bird 0.2867546 132.9864501953125 182.00291442871094 155.07235717773438 204.4402618408203
airplane 0.24317312 63.952083587646484 48.95909881591797 90.11575317382812 74.79585266113281
frog 0.20146996 132.9864501953125 182.00291442871094 155.07235717773438 204.4402618408203
