automobile 0.9969688 181.98524475097656 39.15473937988281 219.94837951660156 76.94429779052734
ship 0.9968532 94.97886657714844 159.96665954589844 127.03126525878906 192.0694122314453
automobile 0.99596715 207.96556091308594 95.20333099365234 239.81419372558594 127.13875579833984
airplane 0.9957327 138.01968383789062 170.03294372558594 173.12399291992188 204.9535675048828
frog 0.99521375 147.16616821289062 107.12666320800781 169.06903076171875 129.01809692382812
frog 0.99178416 125.05529022216797 21.109981536865234 146.9786376953125 42.98728561401367
dog 0.9864142 34.83467102050781 138.22006225585938 70.022705078125 173.03604125976562
truck 0.9841869 208.0010528564453 166.26779174804688 234.0082244873047 191.95175170898438
deer 0.9736267 189.0336456298828 133.94485473632812 214.94313049316406 159.87615966796875
automobile 0.94155097 148.0662841796875 88.3153076171875 163.99795532226562 104.36041259765625
cat 0.9393598 2.026988983154297 193.9100341796875 36.98228073120117 228.93832397460938
cat 0.93769103 176.9746551513672 80.97880554199219 192.9801483154297 97.04020690917969
dog 0.89777386 73.15010833740234 60.16120910644531 99.0041275024414 85.97065734863281
dog 0.8596796 7.102090358734131 162.9765167236328 22.953046798706055 179.0761260986328
bird 0.8147986 119.19794464111328 214.1641845703125 154.11117553710938 248.9482421875
ship 0.81364226 77.98431396484375 20.940711975097656 96.97868347167969 39.889488220214844
airplane 0.72856843 177.02175903320312 81.02095794677734 193.0244140625 96.99588775634766
deer 0.721052 119.2544174194336 214.13040161132812 154.0135040283203 248.90863037109375
deer 0.62501943 32.04126739501953 50.08275604248047 57.776763916015625 76.29842376708984
truck 0.6110673 78.04159545898438 21.096263885498047 96.97384643554688 39.816619873046875
cat 0.59266603 73.15010833740234 60.16120910644531 99.0041275024414 85.97065734863281
airplane 0.50227976 32.04126739501953 50.08275604248047 57.776763916015625 76.29842376708984
truck 0.49681535 148.0662841796875 88.3153076171875 163.99795532226562 104.36041259765625
ship 0.39018217 148.07456970214844 88.2874755859375 163.97557067871094 104.23881530761719
airplane 0.3861302 73.15010833740234 60.16120910644531 99.0041275024414 85.97065734863281
truck 0.38399383 6.993226528167725 162.9986572265625 22.948383331298828 179.1004638671875
truck 0.30358183 73.15010833740234 60.16120910644531 99.0041275024414 85.97065734863281
automobile 0.28414372 78.04159545898438 21.096263885498047 96.97384643554688 39.816619873046875
automobile 0.22367266 6.993226528167725 162.9986572265625 22.948383331298828 179.1004638671875
ship 0.20804486 176.9746551513672 80.97880554199219 192.9801483154297 97.04020690917969
ship 0.20463425 73.15010833740234 60.16120910644531 99.0041275024414 85.97065734863281
