truck 0.9973619 39.98994445800781 98.96707153320312 62.0322265625 121.02755737304688
automobile 0.9964055 172.13320922851562 204.11509704589844 188.03237915039062 220.07264709472656
airplane 0.9956465 207.08828735351562 184.08428955078125 236.00070190429688 213.01998901367188
automobile 0.9932327 173.0880126953125 32.9255256652832 205.07720947265625 65.06587219238281
truck 0.9913764 125.07662200927734 49.87955093383789 147.03189086914062 72.06884765625
ship 0.9883074 101.14322662353516 21.355419158935547 123.06502532958984 43.04648971557617
ship 0.9871838 28.09864044189453 151.9306182861328 59.895965576171875 183.92213439941406
airplane 0.9833928 50.09222412109375 24.136032104492188 87.91867065429688 61.92865753173828
bird 0.979969 6.955182075500488 209.1032257080078 29.05939483642578 231.0315704345703
frog 0.9589733 214.03428649902344 66.12158203125 230.05897521972656 82.09605407714844
cat 0.95658404 4.14912223815918 28.09394073486328 41.92683410644531 66.20382690429688
frog 0.9500364 168.8421173095703 94.2342300415039 198.0401153564453 123.16681671142578
truck 0.9471482 103.0762710571289 3.0281105041503906 119.04747772216797 19.077322006225586
bird 0.8954177 88.0407485961914 139.03451538085938 107.01741790771484 158.01553344726562
frog 0.88155425 134.10484313964844 28.069528579711914 153.0183868408203 47.110130310058594
cat 0.8531625 95.8944091796875 46.16793441772461 114.90678405761719 64.9731216430664
frog 0.71081066 143.10879516601562 177.02352905273438 165.10202026367188 198.9473876953125
airplane 0.68082285 131.06764221191406 132.9348907470703 153.0631866455078 155.04554748535156
bird 0.66626376 84.15770721435547 88.01533508300781 112.9303207397461 116.88801574707031
automobile 0.6333388 143.1347198486328 177.0221710205078 165.0387725830078 198.8778839111328
airplane 0.5473412 143.1347198486328 177.0221710205078 165.0387725830078 198.8778839111328
automobile 0.46909046 168.8421173095703 94.2342300415039 198.0401153564453 123.16681671142578
deer 0.46906957 88.05810546875 139.10340881347656 107.02217102050781 158.0183868408203
frog 0.39159372 130.95526123046875 132.96377563476562 153.00347900390625 154.93209838867188
cat 0.38589355 214.03428649902344 66.12158203125 230.05897521972656 82.09605407714844
airplane 0.3579703 95.8944091796875 46.16793441772461 114.90678405761719 64.9731216430664
bird 0.31574255 131.06764221191406 132.9348907470703 153.0631866455078 155.04554748535156
cat 0.31368256 130.95526123046875 132.96377563476562 153.00347900390625 154.93209838867188
bird 0.3101139 95.8944091796875 46.16793441772461 114.90678405761719 64.9731216430664
airplane 0.25265414 7.0260009765625 209.19635009765625 29.16008758544922 230.95147705078125
truck 0.24122497 4.0420074462890625 28.15248680114746 42.309513092041016 65.89306640625
ship 0.23377812 95.8944091796875 46.16793441772461 114.90678405761719 64.9731216430664
airplane 0.20928055 103.00819396972656 2.933765411376953 118.99900817871094 19.14508056640625
automobile 0.20171109 103.05924224853516 3.0023622512817383 119.09453582763672 19.123180389404297
