truck 0.997742 89.94054412841797 120.97315979003906 124.88089752197266 156.08509826660156
automobile 0.9970058 199.04649353027344 7.98149299621582 231.01329040527344 40.11988067626953
airplane 0.99668384 1.0485649108886719 203.0439910888672 20.013656616210938 222.0519256591797
automobile 0.9964551 57.09459686279297 28.107646942138672 86.0284194946289 56.93471145629883
frog 0.9961505 136.0465545654297 213.08505249023438 168.13795471191406 244.9652099609375
truck 0.995926 30.108997344970703 207.10986328125 65.08113098144531 242.05535888671875
dog 0.99017817 136.9492645263672 3.9325523376464844 172.0132293701172 38.97254180908203
truck 0.98148215 154.04080200195312 70.96717834472656 173.00244140625 90.00053405761719
airplane 0.975947 74.1039047241211 64.1174545288086 103.05667877197266 92.89403533935547
truck 0.9470951 34.90883255004883 107.09291076660156 51.0163688659668 123.120361328125
cat 0.9136505 161.00616455078125 118.2208023071289 196.06344604492188 152.9221954345703
dog 0.913641 208.96630859375 143.0546875 225.06591796875 159.08050537109375
cat 0.89956933 159.01092529296875 45.13347625732422 177.97476196289062 63.99891662597656
bird 0.800616 187.0531768798828 204.04348754882812 206.05189514160156 222.95205688476562
cat 0.7095504 192.0302276611328 55.91920471191406 227.0619354248047 91.16371154785156
truck 0.67847854 208.9047088623047 143.0664825439453 225.0093536376953 159.0516815185547
airplane 0.58838075 112.0790786743164 69.21319580078125 131.16281127929688 87.91004943847656
deer 0.5061514 160.99386596679688 118.0772705078125 196.04010009765625 153.01153564453125
deer 0.46683434 192.1072540283203 56.021480560302734 227.10353088378906 91.01287841796875
cat 0.3893486 187.06289672851562 204.0569610595703 206.01055908203125 222.9219207763672
airplane 0.3807513 159.01092529296875 45.13347625732422 177.97476196289062 63.99891662597656
truck 0.3221925 159.01092529296875 45.13347625732422 177.97476196289062 63.99891662597656
frog 0.28939867 187.06289672851562 204.0569610595703 206.01055908203125 222.9219207763672
truck 0.27631712 74.03987884521484 64.10722351074219 103.04239654541016 93.02276611328125
airplane 0.25905716 34.93645477294922 107.07539367675781 51.06025695800781 123.12106323242188
deer 0.23108914 34.884765625 107.0610580444336 51.07262420654297 123.13956451416016
ship 0.22098127 159.10157775878906 45.09062576293945 178.08741760253906 64.08963012695312
