airplane 0.99890244 24.117244720458984 80.12779235839844 50.13191604614258 106.05540466308594
dog 0.99873143 144.26300048828125 40.01748275756836 174.15911865234375 71.87921142578125
ship 0.9979812 77.00420379638672 138.9959716796875 95.94857025146484 158.00509643554688
automobile 0.9978225 206.0861358642578 106.08385467529297 228.0429229736328 127.97313690185547
ship 0.9972065 165.03936767578125 115.95494079589844 197.12872314453125 147.9184112548828
airplane 0.9954634 32.147281646728516 120.02579498291016 53.99526596069336 141.99623107910156
bird 0.99186534 177.12368774414062 87.08613586425781 193.06008911132812 102.96934509277344
frog 0.9770789 176.82049560546875 156.13943481445312 205.9603271484375 185.0167236328125
cat 0.9768684 45.03755569458008 153.1184844970703 73.6732177734375 182.20106506347656
ship 0.967363 61.95228576660156 121.8924331665039 78.02186584472656 138.01580810546875
frog 0.93395454 140.07864379882812 112.09264373779297 162.0545654296875 134.12718200683594
deer 0.9110122 58.99931716918945 38.10618591308594 78.04400634765625 57.040809631347656
cat 0.8067938 156.14956665039062 191.51625061035156 187.83493041992188 223.0348358154297
dog 0.8006731 0.0 61.069664001464844 18.94873809814453 79.87955474853516
ship 0.77942604 195.18788146972656 208.87432861328125 211.1064910888672 224.97418212890625
airplane 0.74423933 195.0939483642578 208.83828735351562 211.07569885253906 225.0284423828125
airplane 0.5875103 211.70314025878906 186.14151000976562 250.3090057373047 221.43765258789062
deer 0.5529272 76.2374267578125 63.09463119506836 101.6087646484375 89.31390380859375
dog 0.41103885 156.14956665039062 191.51625061035156 187.83493041992188 223.0348358154297
bird 0.35172167 76.0726318359375 63.211402893066406 101.6324462890625 89.31995391845703
deer 0.32750398 140.0902557373047 112.04679870605469 162.0692901611328 134.17645263671875
bird 0.30558875 156.06768798828125 191.30821228027344 187.69775390625 222.9846649169922
bird 0.28468636 114.085693359375 212.0327606201172 133.01251220703125 231.0271453857422
cat 0.27534628 114.085693359375 212.0327606201172 133.01251220703125 231.0271453857422
deer 0.27379686 61.95228576660156 121.8924331665039 78.02186584472656 138.01580810546875
cat 0.2619636 0.0 61.089088439941406 18.79684829711914 80.06990814208984
cat 0.22954655 15.226726531982422 210.22438049316406 49.879398345947266 244.84144592285156
ship 0.21875879 156.10511779785156 191.50070190429688 187.8690948486328 223.04476928710938
truck 0.20877004 195.0939483642578 208.83828735351562 211.07569885253906 225.0284423828125
