bird 0.9994035 47.42702102661133 189.10528564453125 79.02471923828125 220.87646484375
truck 0.9983667 121.26831817626953 196.0377655029297 150.09474182128906 224.95689392089844
automobile 0.9980502 70.1120834350586 3.0945863723754883 96.02922821044922 29.018596649169922
ship 0.9977616 74.98616027832031 154.07875061035156 97.05648803710938 176.01747131347656
automobile 0.9976002 197.1730499267578 129.0802764892578 216.0352020263672 147.90101623535156
airplane 0.9963574 156.8002471923828 185.8411407470703 179.01255798339844 207.9430694580078
automobile 0.9956098 107.05166625976562 32.171913146972656 126.16317749023438 51.204986572265625
frog 0.99550796 63.14448547363281 44.09832000732422 88.75856018066406 70.04143524169922
truck 0.99542403 38.03532409667969 111.9692611694336 73.11837768554688 147.07064819335938
deer 0.9945645 128.9296875 121.9466781616211 161.0986328125 153.93276977539062
automobile 0.99232113 112.03359985351562 52.27806854248047 128.100341796875 68.05071258544922
deer 0.9863014 81.06182098388672 72.97244262695312 113.04796600341797 105.06668090820312
truck 0.9757061 192.04759216308594 195.9674072265625 210.95506286621094 214.85336303710938
airplane 0.9719488 27.107765197753906 38.987037658691406 61.549766540527344 74.06497955322266
deer 0.9631487 2.0319747924804688 210.06663513183594 39.991844177246094 248.30540466308594
ship 0.9595592 168.00294494628906 48.00400161743164 183.9795379638672 63.74787521362305
deer 0.9305992 13.008363723754883 0.8934040069580078 47.95298767089844 36.228477478027344
bird 0.92484045 127.06244659423828 73.14117431640625 159.08013916015625 105.02682495117188
airplane 0.62497854 105.31014251708984 146.18983459472656 127.01016998291016 167.9317169189453
dog 0.6010289 1.9862422943115234 210.00299072265625 39.98444366455078 248.31546020507812
truck 0.51551783 105.31014251708984 146.18983459472656 127.01016998291016 167.9317169189453
frog 0.44917625 126.95980834960938 73.08219146728516 159.10562133789062 104.97876739501953
automobile 0.44253734 167.9735870361328 48.01376724243164 183.98655700683594 63.8114128112793
ship 0.3464984 105.31014251708984 146.18983459472656 127.01016998291016 167.9317169189453
airplane 0.3128276 168.00294494628906 48.00400161743164 183.9795379638672 63.74787521362305
deer 0.26479256 3.1677188873291016 169.29129028320312 37.82129669189453 203.90689086914062
bird 0.20717165 80.99800872802734 73.02702331542969 113.11084747314453 105.02664184570312
