ship 0.99811697 63.142730712890625 31.198396682739258 95.06216430664062 63.3919677734375
bird 0.9979291 96.91786193847656 180.05142211914062 126.07380676269531 208.96725463867188
truck 0.9979141 14.024374961853027 190.167724609375 33.065120697021484 208.94827270507812
dog 0.9969577 54.961212158203125 133.94158935546875 80.96066284179688 159.846923828125
frog 0.99497604 171.9310760498047 188.22740173339844 204.02330017089844 219.85047912597656
bird 0.99276763 157.00608825683594 5.330317497253418 186.0409698486328 34.02034378051758
truck 0.989411 147.308837890625 155.24468994140625 172.77001953125 181.0355224609375
deer 0.9880694 119.9674072265625 43.05162811279297 135.9564971923828 59.02043914794922
ship 0.9872256 215.0735321044922 129.05947875976562 250.0839080810547 163.9854736328125
ship 0.98618007 11.091148376464844 146.06637573242188 42.97307205200195 178.01992797851562
truck 0.97405803 137.03411865234375 96.09451293945312 159.05752563476562 118.31129455566406
dog 0.9442606 109.74200439453125 136.1689910888672 142.15879821777344 168.97862243652344
frog 0.93121326 129.0446014404297 212.05307006835938 158.02455139160156 240.980712890625
dog 0.8894135 169.06956481933594 41.65156173706055 191.19850158691406 63.87588119506836
frog 0.7442574 150.1455078125 190.01406860351562 169.0987548828125 209.06051635742188
dog 0.7386544 150.1455078125 190.01406860351562 169.0987548828125 209.06051635742188
bird 0.6986494 166.95738220214844 83.992431640625 201.8520965576172 118.92239379882812
ship 0.6712957 167.1616973876953 84.05976104736328 201.8995819091797 119.02165985107422
cat 0.48120207 109.86099243164062 136.10540771484375 142.24264526367188 168.94537353515625
bird 0.42178172 150.1455078125 190.01406860351562 169.0987548828125 209.06051635742188
bird 0.38986206 213.13475036621094 91.10506439208984 241.9314422607422 120.37767791748047
ship 0.35536572 169.02883911132812 41.73405838012695 191.05767822265625 63.96316146850586
truck 0.29909122 119.9674072265625 43.05162811279297 135.9564971923828 59.02043914794922
cat 0.26328343 169.28497314453125 41.61299133300781 191.13986206054688 63.91572570800781
cat 0.25164345 150.1455078125 190.01406860351562 169.0987548828125 209.06051635742188
automobile 0.24151373 137.04360961914062 96.00447082519531 159.07015991210938 118.13722229003906
