truck 0.99916834 61.055328369140625 13.996499061584473 89.93992614746094 43.0397834777832
truck 0.99858034 124.11139678955078 208.97686767578125 155.99615478515625 240.96469116210938
truck 0.9985752 198.01734924316406 110.00888061523438 217.0132598876953 129.00340270996094
automobile 0.99716395 193.03152465820312 24.06500816345215 212.04135131835938 43.00720977783203
truck 0.9970974 107.17879486083984 71.06147003173828 126.00701141357422 89.87360382080078
dog 0.9927127 136.28343200683594 103.16105651855469 161.9695587158203 129.0601043701172
deer 0.9893385 96.9239730834961 10.031017303466797 113.05115509033203 25.94487762451172
truck 0.98524326 31.067916870117188 177.20960998535156 69.12266540527344 214.9861297607422
ship 0.9834306 139.12928771972656 144.11489868164062 165.10801696777344 170.237548828125
cat 0.98168683 80.04461669921875 207.04898071289062 105.95782470703125 232.99716186523438
bird 0.9762814 31.059616088867188 143.96795654296875 49.99235534667969 163.01861572265625
bird 0.97379255 31.1048526763916 121.25162506103516 50.062232971191406 140.27011108398438
bird 0.9648175 187.0792236328125 71.18728637695312 219.15374755859375 102.88035583496094
airplane 0.945955 154.98733520507812 72.04419708251953 180.94888305664062 98.0359878540039
bird 0.91687775 170.07481384277344 129.85279846191406 201.83982849121094 161.93067932128906
bird 0.8231164 0.7922029495239258 162.99488830566406 17.004241943359375 179.1252899169922
deer 0.72972614 170.05203247070312 129.9133758544922 201.9373779296875 161.8975067138672
deer 0.6770146 59.09394073486328 106.1854476928711 85.0206069946289 131.98121643066406
frog 0.4705002 59.09394073486328 106.1854476928711 85.0206069946289 131.98121643066406
frog 0.4367267 0.7922029495239258 162.99488830566406 17.004241943359375 179.1252899169922
deer 0.34647638 0.8946495056152344 163.11073303222656 17.011545181274414 179.0071563720703
dog 0.34391025 80.04461669921875 207.04898071289062 105.95782470703125 232.99716186523438
airplane 0.293765 30.981412887573242 143.71487426757812 49.93950653076172 162.946533203125
bird 0.2868324 59.03959274291992 106.17195129394531 85.05741882324219 131.95294189453125
dog 0.2719022 29.190715789794922 96.90982055664062 48.10891342163086 115.79896545410156
cat 0.26183587 96.95735168457031 9.98171615600586 112.9639892578125 25.939353942871094
bird 0.2470293 155.0240478515625 71.9521255493164 180.8875732421875 97.95169830322266
frog 0.23508617 29.190715789794922 96.90982055664062 48.10891342163086 115.79896545410156
cat 0.21692798 59.09394073486328 106.1854476928711 85.0206069946289 131.98121643066406
truck 0.21691504 139.12928771972656 144.11489868164062 165.10801696777344 170.237548828125
cat 0.21557084 29.110803604125977 97.0323486328125 48.038177490234375 115.87594604492188
airplane 0.20961168 59.03959274291992 106.17195129394531 85.05741882324219 131.95294189453125
truck 0.20001704 29.017627716064453 97.10235595703125 48.11123275756836 115.83802795410156
