frog 0.9989444 137.02259826660156 93.19856262207031 165.9150848388672 121.95137023925781
ship 0.9986547 61.979515075683594 203.0189666748047 84.08844757080078 225.0878143310547
frog 0.9985139 143.9887237548828 209.07901000976562 160.04200744628906 225.00326538085938
airplane 0.9974663 210.15524291992188 120.02813720703125 238.89767456054688 148.97006225585938
automobile 0.9970217 31.345291137695312 164.0500030517578 63.182708740234375 196.24671936035156
truck 0.99639475 23.159521102905273 64.91265106201172 61.02185821533203 102.99315643310547
dog 0.99595636 151.04522705078125 131.99253845214844 185.96112060546875 167.1666717529297
cat 0.9958644 118.46724700927734 167.37152099609375 149.9956817626953 199.03622436523438
truck 0.995576 93.20104217529297 134.21829223632812 124.93689727783203 165.9649658203125
frog 0.9943938 147.10726928710938 1.0530471801757812 169.05667114257812 23.06340217590332
airplane 0.993986 87.986328125 40.020286560058594 123.07110595703125 74.9227066040039
deer 0.99377596 182.0087127685547 5.128578186035156 219.98716735839844 43.04267120361328
frog 0.98249185 66.00921630859375 121.16093444824219 87.96343994140625 143.08946228027344
deer 0.9818084 27.151485443115234 112.04743957519531 55.95284652709961 141.04891967773438
ship 0.95748097 207.10072326660156 188.11151123046875 232.9065704345703 214.09042358398438
truck 0.85440934 154.9771270751953 33.90092086791992 171.0192413330078 50.04561233520508
cat 0.8009815 5.171048164367676 106.95336151123047 21.075077056884766 123.1218032836914
ship 0.7800219 5.171048164367676 106.95336151123047 21.075077056884766 123.1218032836914
automobile 0.6640848 211.85247802734375 85.01887512207031 238.0877685546875 110.86161804199219
automobile 0.65798783 155.0089874267578 33.90110778808594 171.0861053466797 50.01116180419922
cat 0.5850977 28.05628204345703 19.986297607421875 56.96443176269531 48.94657897949219
frog 0.58148366 155.0089874267578 33.90110778808594 171.0861053466797 50.01116180419922
dog 0.5694925 5.171048164367676 106.95336151123047 21.075077056884766 123.1218032836914
airplane 0.5584061 154.96868896484375 33.909698486328125 171.03277587890625 50.01795959472656
automobile 0.5131754 5.182210445404053 106.8814697265625 21.112592697143555 123.09986877441406
bird 0.40325207 28.108131408691406 19.93383026123047 57.02806091308594 48.99372863769531
ship 0.3487903 155.0089874267578 33.90110778808594 171.0861053466797 50.01116180419922
deer 0.28347802 155.0089874267578 33.90110778808594 171.0861053466797 50.01116180419922
deer 0.2674675 28.108131408691406 19.93383026123047 57.02806091308594 48.99372863769531
frog 0.25821036 28.108131408691406 19.93383026123047 57.02806091308594 48.99372863769531
frog 0.25373217 5.171048164367676 106.95336151123047 21.075077056884766 123.1218032836914
deer 0.2497204 5.183209419250488 106.96256256103516 21.085643768310547 123.12689971923828
truck 0.23848242 5.194845676422119 106.9736557006836 21.096830368041992 123.05204010009766
bird 0.22627735 5.182210445404053 106.8814697265625 21.112592697143555 123.09986877441406
dog 0.2146663 28.05628204345703 19.986297607421875 56.96443176269531 48.94657897949219
automobile 0.20625013 207.25169372558594 188.04449462890625 232.85047912597656 213.915283203125
