bird 0.99753976 208.0492401123047 7.068248748779297 237.0894317626953 36.00080871582031
automobile 0.99659544 211.0093231201172 82.03358459472656 245.9189910888672 117.10379028320312
bird 0.9950595 15.968554496765137 197.99864196777344 44.9769401550293 227.0492401123047
bird 0.9947841 73.131591796875 7.984941482543945 110.85006713867188 46.27776336669922
cat 0.99441874 133.21368408203125 173.93272399902344 166.69915771484375 208.81690979003906
ship 0.99432373 168.88865661621094 171.16192626953125 207.02870178222656 208.9951171875
automobile 0.99418783 172.05665588378906 128.20787048339844 204.02833557128906 159.95774841308594
dog 0.99284106 186.87460327148438 49.81232452392578 213.142333984375 76.06905364990234
deer 0.99231786 210.02874755859375 176.02366638183594 244.96578979492188 211.0037384033203
automobile 0.99216115 184.02621459960938 88.027587890625 200.009765625 104.04792785644531
automobile 0.99164957 30.94922637939453 79.18933868408203 65.94031524658203 114.6030044555664
bird 0.9912201 31.160642623901367 29.771820068359375 65.88407897949219 64.8406753540039
dog 0.99119395 152.05752563476562 45.045013427734375 184.02615356445312 76.85594940185547
automobile 0.9783118 51.046817779541016 200.0403289794922 67.10234832763672 216.06044006347656
frog 0.9637805 170.07083129882812 17.96895980834961 189.34634399414062 37.116661071777344
bird 0.96202075 20.691444396972656 117.053955078125 55.58258056640625 153.01278686523438
airplane 0.96153903 99.02070617675781 181.98939514160156 118.06167602539062 200.9783477783203
bird 0.95591855 97.41862487792969 49.16401290893555 134.99154663085938 86.89605712890625
cat 0.9537598 69.1014633178711 215.8645782470703 97.80321502685547 245.0514373779297
cat 0.92584 132.08055114746094 5.950987815856934 161.05030822753906 35.07540512084961
ship 0.5751919 51.03925323486328 200.0277099609375 67.06840515136719 216.07833862304688
deer 0.47985762 184.02529907226562 87.93214416503906 200.0128173828125 104.07542419433594
frog 0.4552789 132.01695251464844 5.900885581970215 161.11228942871094 35.1798095703125
ship 0.41308334 184.02529907226562 87.93214416503906 200.0128173828125 104.07542419433594
truck 0.33976042 170.07083129882812 17.96895980834961 189.34634399414062 37.116661071777344
truck 0.29535818 184.02529907226562 87.93214416503906 200.0128173828125 104.07542419433594
airplane 0.2869535 183.9895782470703 87.96472930908203 200.00856018066406 104.03832244873047
ship 0.26767716 98.86521911621094 182.0614471435547 118.12921142578125 200.8683319091797
cat 0.25086647 170.07083129882812 17.96895980834961 189.34634399414062 37.116661071777344
truck 0.20654324 51.046817779541016 200.0403289794922 67.10234832763672 216.06044006347656
