ship 0.99823105 109.90266418457031 39.04486846923828 145.0271759033203 73.81525421142578
ship 0.9976618 10.037607192993164 77.06573486328125 45.00865936279297 111.97523498535156
frog 0.9974793 60.096588134765625 114.0182113647461 82.00390625 136.09396362304688
truck 0.99626017 171.13661193847656 80.1529769897461 196.95909118652344 106.03411102294922
truck 0.9950001 87.97545623779297 76.07608032226562 110.0189437866211 98.01565551757812
ship 0.9948714 90.04601287841797 160.08309936523438 111.89046478271484 181.97369384765625
bird 0.9916489 186.22164916992188 141.1012420654297 223.834228515625 179.10789489746094
cat 0.991292 65.98641204833984 32.04336166381836 92.04962921142578 58.07424545288086
deer 0.99090093 48.13275909423828 147.9619598388672 67.04110717773438 167.1385955810547
automobile 0.9908984 94.1482162475586 114.14714813232422 123.01805877685547 143.03366088867188
bird 0.9853456 0.7203731536865234 199.9680938720703 33.08936309814453 231.8336944580078
cat 0.9743577 161.17013549804688 45.931495666503906 186.94418334960938 72.2068099975586
frog 0.9479625 181.89881896972656 193.15371704101562 204.19749450683594 214.99905395507812
automobile 0.9252169 168.11317443847656 126.0472183227539 184.0139617919922 142.06642150878906
bird 0.8930812 213.75997924804688 52.45133972167969 242.92245483398438 81.86012268066406
cat 0.8861226 55.90061950683594 180.98223876953125 81.96546936035156 207.03085327148438
airplane 0.88382894 3.928338050842285 127.95255279541016 30.081748962402344 153.97218322753906
airplane 0.8491596 135.13821411132812 144.214111328125 172.93572998046875 181.90924072265625
airplane 0.7988308 168.0570831298828 126.01847839355469 184.0437469482422 142.0813751220703
bird 0.68502843 20.969758987426758 39.161842346191406 39.907203674316406 57.966835021972656
dog 0.51880866 168.11317443847656 126.0472183227539 184.0139617919922 142.06642150878906
cat 0.49779117 135.09490966796875 144.01846313476562 172.99636840820312 181.99258422851562
ship 0.38069105 168.11317443847656 126.0472183227539 184.0139617919922 142.06642150878906
frog 0.38041925 20.996410369873047 39.10459899902344 39.906494140625 58.05595397949219
truck 0.37508094 168.11317443847656 126.0472183227539 184.0139617919922 142.06642150878906
airplane 0.35086882 213.75997924804688 52.45133972167969 242.92245483398438 81.86012268066406
ship 0.3130503 135.11915588378906 144.32882690429688 173.51512145996094 181.881103515625
truck 0.30315754 135.09490966796875 144.01846313476562 172.99636840820312 181.99258422851562
deer 0.21517015 181.86117553710938 193.19630432128906 204.1011962890625 215.08055114746094
truck 0.2004467 55.96215057373047 181.0402069091797 81.9446029663086 206.95619201660156
