airplane 0.9990696 22.096553802490234 31.19799041748047 50.78293228149414 59.870277404785156
bird 0.9980645 52.07134246826172 30.021259307861328 84.03910064697266 62.030635833740234
automobile 0.9974829 78.19052124023438 100.96961975097656 115.96345520019531 138.96774291992188
deer 0.99731255 173.1752166748047 147.09323120117188 205.2238006591797 178.93618774414062
dog 0.99634755 196.20718383789062 116.94367980957031 224.9599609375 145.71107482910156
deer 0.99311197 13.127570152282715 200.13304138183594 31.967552185058594 218.9289093017578
automobile 0.9922582 169.20083618164062 52.95629119873047 201.07916259765625 84.7618637084961
automobile 0.9888027 49.152671813964844 187.85104370117188 86.9269790649414 225.08889770507812
airplane 0.9867177 112.8985824584961 140.08187866210938 139.17103576660156 165.73361206054688
truck 0.9799267 123.09315490722656 72.08924865722656 151.8289031982422 101.11085510253906
frog 0.9645492 123.10994720458984 37.17851257324219 141.8817596435547 55.94001770019531
cat 0.94207025 99.88404083251953 203.45858764648438 118.97882843017578 222.6435546875
deer 0.93569535 173.91378784179688 23.831302642822266 200.36700439453125 49.82594680786133
frog 0.875945 119.09777069091797 171.89840698242188 135.0537872314453 187.9578857421875
automobile 0.8182192 7.272493362426758 73.09259796142578 41.88499450683594 107.80071258544922
automobile 0.7468132 152.0513153076172 131.13539123535156 171.2347869873047 149.91941833496094
dog 0.735063 202.17007446289062 29.011211395263672 220.98016357421875 48.0936393737793
dog 0.6463258 205.98182678222656 203.03472900390625 228.0507049560547 225.09793090820312
bird 0.63037944 202.13809204101562 28.983489990234375 220.98486328125 48.16850280761719
frog 0.6093801 2.143050193786621 179.94601440429688 20.984848022460938 198.974365234375
airplane 0.56649894 7.281522750854492 73.04066467285156 42.04499816894531 107.85055541992188
bird 0.56337327 119.09777069091797 171.89840698242188 135.0537872314453 187.9578857421875
ship 0.5040085 99.78550720214844 203.1182098388672 118.74154663085938 223.00767517089844
truck 0.450901 152.11138916015625 131.05514526367188 171.01278686523438 150.00057983398438
ship 0.41140667 169.1554412841797 52.750946044921875 201.09825134277344 84.85322570800781
dog 0.30244714 2.2252016067504883 179.9881591796875 20.984989166259766 198.96697998046875
airplane 0.2488952 152.11138916015625 131.05514526367188 171.01278686523438 150.00057983398438
ship 0.20842502 152.11138916015625 131.05514526367188 171.01278686523438 150.00057983398438
deer 0.20073402 99.78550720214844 203.1182098388672 118.74154663085938 223.00767517089844
