ship 0.9985452 4.003569602966309 77.02738952636719 35.91617965698242 108.8607177734375
truck 0.9983729 44.04716110229492 172.06080627441406 60.02627944946289 188.1723175048828
ship 0.9981805 162.0296173095703 11.044676780700684 191.2129364013672 40.139991760253906
deer 0.99762654 203.07334899902344 155.05612182617188 241.1287078857422 192.88385009765625
frog 0.9975532 54.999637603759766 41.83625793457031 83.97030639648438 71.09971618652344
ship 0.9951655 31.107601165771484 54.08701705932617 53.0466194152832 76.11274719238281
deer 0.9935858 128.12139892578125 125.10079956054688 156.97726440429688 153.76022338867188
bird 0.9896894 133.03228759765625 74.29439544677734 162.09271240234375 102.96894073486328
ship 0.98957616 71.03245544433594 19.999279022216797 90.12153625488281 38.96506118774414
deer 0.98910475 160.14306640625 174.0460968017578 189.0362548828125 203.0028533935547
ship 0.9803107 0.8543758392333984 205.97100830078125 35.932090759277344 240.9071044921875
truck 0.9788685 75.07933044433594 143.10174560546875 112.93115234375 181.15228271484375
ship 0.9456529 113.01021575927734 192.95277404785156 150.94332885742188 231.1028289794922
bird 0.93662333 96.12240600585938 46.07842254638672 121.93792724609375 72.01081085205078
dog 0.9136715 127.1270523071289 30.194950103759766 159.032470703125 61.95344161987305
truck 0.84208655 185.9830780029297 127.17845153808594 207.80992126464844 148.8350067138672
dog 0.6073107 215.2070770263672 194.22042846679688 244.01414489746094 223.13525390625
dog 0.5156568 5.03115177154541 152.00888061523438 23.92379379272461 170.9722900390625
cat 0.50748867 185.98104858398438 127.17798614501953 207.79318237304688 148.88307189941406
cat 0.38331494 215.17054748535156 194.0939483642578 243.95506286621094 223.14076232910156
deer 0.37236267 127.26219177246094 30.080821990966797 158.9084014892578 61.85551834106445
cat 0.25629053 127.26219177246094 30.080821990966797 158.9084014892578 61.85551834106445
frog 0.23276064 132.94960021972656 74.29055786132812 162.12550354003906 102.92961120605469
truck 0.22648928 5.062067985534668 152.1131134033203 23.961151123046875 171.1079864501953
