deer 0.99905443 182.11581420898438 214.07931518554688 214.0794677734375 245.83566284179688
frog 0.9984386 212.10775756835938 163.9973907470703 238.00051879882812 190.1872100830078
dog 0.9980796 112.9132080078125 46.06107711791992 142.07957458496094 74.88085174560547
truck 0.997425 163.89114379882812 19.993288040161133 196.0592041015625 52.159889221191406
truck 0.997164 10.190526962280273 79.20122528076172 47.78895568847656 117.12415313720703
ship 0.99657583 72.92716979980469 3.8732337951660156 107.9898681640625 39.090614318847656
automobile 0.9959419 49.156158447265625 89.95681762695312 86.92327880859375 127.77360534667969
truck 0.99565923 91.13627624511719 191.0332794189453 116.95405578613281 217.00816345214844
airplane 0.9952753 199.07789611816406 51.114898681640625 237.0246124267578 89.04391479492188
dog 0.99463165 18.07392120361328 197.86813354492188 55.984718322753906 236.02142333984375
ship 0.98588425 82.06855010986328 72.99870300292969 98.04708099365234 89.09779357910156
airplane 0.9762582 95.1350326538086 104.07268524169922 130.0022735595703 138.91226196289062
automobile 0.9744477 136.01007080078125 212.05685424804688 162.04840087890625 238.029052734375
dog 0.9430324 21.28514862060547 0.8336706161499023 42.95556640625 23.01409912109375
frog 0.92482 135.9366455078125 159.09519958496094 154.97903442382812 177.88340759277344
cat 0.90901494 213.19485473632812 92.40513610839844 235.00741577148438 114.00779724121094
cat 0.8941003 140.1990966796875 117.97174072265625 174.99191284179688 152.75961303710938
cat 0.86196494 199.09039306640625 6.956233024597168 224.93374633789062 32.91481399536133
airplane 0.78941286 19.14152717590332 42.95890426635742 48.074920654296875 71.84205627441406
dog 0.55066186 213.156005859375 92.25146484375 235.03448486328125 113.98037719726562
bird 0.48693347 19.14152717590332 42.95890426635742 48.074920654296875 71.84205627441406
truck 0.26443458 140.1990966796875 117.97174072265625 174.99191284179688 152.75961303710938
dog 0.2249057 19.149173736572266 42.953758239746094 47.98428726196289 71.90432739257812
