bird 0.9980889 209.03591918945312 60.05899429321289 231.0672607421875 82.06330871582031
frog 0.9962847 208.08523559570312 102.09756469726562 239.86062622070312 133.86544799804688
automobile 0.9958811 155.36563110351562 105.07217407226562 192.92398071289062 143.0009765625
bird 0.9949924 59.9837532043457 19.1025390625 89.05035400390625 47.958106994628906
automobile 0.9945785 36.8001594543457 85.1751480102539 72.00312805175781 119.9384536743164
airplane 0.99422276 28.965747833251953 203.0185546875 67.01693725585938 240.87069702148438
dog 0.99276733 125.06939697265625 201.1004638671875 162.9652099609375 239.08108520507812
cat 0.9922784 195.0277862548828 192.82406616210938 233.0046844482422 230.99276733398438
ship 0.99226654 97.15766906738281 106.97178649902344 132.10511779785156 141.8902130126953
bird 0.992173 101.045654296875 175.1447296142578 119.97297668457031 194.03602600097656
deer 0.99172354 62.894657135009766 54.985450744628906 91.92692565917969 83.9889907836914
ship 0.9911163 114.08432006835938 68.11314392089844 151.9862060546875 105.68141174316406
dog 0.9816043 206.10238647460938 149.20314025878906 238.12460327148438 180.8960418701172
truck 0.93279886 119.87337493896484 19.068737030029297 155.0823516845703 53.93608474731445
dog 0.91950774 151.26051330566406 164.06394958496094 177.13148498535156 189.8861846923828
ship 0.91379106 174.95587158203125 18.030296325683594 203.99322509765625 46.90618896484375
deer 0.74697596 61.078006744384766 140.95285034179688 93.06587219238281 172.9254150390625
deer 0.7188598 4.0354905128479 179.99082946777344 19.90037727355957 195.9871368408203
cat 0.58904934 151.1248016357422 164.1809844970703 177.0905303955078 189.9183807373047
cat 0.5307269 4.052335739135742 179.96900939941406 19.918350219726562 195.8969268798828
bird 0.49771014 167.0067901611328 48.13007354736328 185.84849548339844 67.18572998046875
dog 0.48333082 4.05717134475708 180.01663208007812 19.9276180267334 196.0089111328125
dog 0.29852694 119.87337493896484 19.068737030029297 155.0823516845703 53.93608474731445
deer 0.28364545 167.0855255126953 48.20112991333008 186.01161193847656 67.02191162109375
airplane 0.21126452 61.15315628051758 140.94630432128906 93.03074645996094 173.0466766357422
frog 0.20881853 4.052335739135742 179.96900939941406 19.918350219726562 195.8969268798828
frog 0.2018838 167.0067901611328 48.13007354736328 185.84849548339844 67.18572998046875
