truck 0.9987944 168.04116821289062 135.05715942382812 187.06640625 154.08148193359375
automobile 0.9976514 101.86162567138672 92.83831787109375 133.91961669921875 124.89608764648438
dog 0.9973976 56.991790771484375 95.03992462158203 73.11332702636719 111.0532455444336
bird 0.99729085 94.0357437133789 205.07208251953125 128.99728393554688 240.01849365234375
automobile 0.9954704 13.989919662475586 110.10054779052734 46.13043212890625 142.10821533203125
airplane 0.9936317 0.9222316741943359 185.04164123535156 39.057777404785156 223.00538635253906
airplane 0.99333143 211.01841735839844 26.95598602294922 227.0964813232422 43.15534210205078
deer 0.9919119 197.91958618164062 92.07195281982422 236.06826782226562 130.18463134765625
dog 0.96575075 18.122045516967773 31.077438354492188 52.987335205078125 65.92315673828125
cat 0.9590752 91.00975036621094 136.93014526367188 117.05671691894531 163.05548095703125
ship 0.952614 121.00013732910156 159.979248046875 140.0318145751953 179.029296875
bird 0.9509069 175.02227783203125 45.1942138671875 193.98348999023438 64.1045913696289
airplane 0.90107596 145.20431518554688 75.949951171875 176.88406372070312 108.03825378417969
cat 0.8708801 193.89657592773438 133.5366973876953 229.15390014648438 168.9545135498047
truck 0.7934207 145.23977661132812 75.94405364990234 176.86737060546875 108.00545501708984
bird 0.77427566 147.13746643066406 8.228592872619629 179.00389099121094 39.97966766357422
deer 0.58514524 147.18907165527344 8.08397102355957 179.14219665527344 39.98053741455078
dog 0.54947406 213.0666046142578 195.01145935058594 250.9368133544922 232.9950714111328
frog 0.49137953 212.9237060546875 195.0406494140625 251.06283569335938 232.76937866210938
deer 0.4580196 213.0666046142578 195.01145935058594 250.9368133544922 232.9950714111328
airplane 0.4549645 174.9696502685547 45.1332893371582 194.02540588378906 64.11344146728516
bird 0.45444047 212.7593994140625 194.94813537597656 251.21823120117188 232.71778869628906
frog 0.33351415 91.00975036621094 136.93014526367188 117.05671691894531 163.05548095703125
deer 0.32420814 194.09600830078125 133.71115112304688 229.08203125 168.82855224609375
bird 0.3075446 121.03839874267578 160.05517578125 140.0172882080078 179.01138305664062
cat 0.27374852 213.0666046142578 195.01145935058594 250.9368133544922 232.9950714111328
airplane 0.25464416 106.947509765625 59.003597259521484 135.93255615234375 87.6092529296875
bird 0.24911782 106.98432159423828 58.982276916503906 135.95970153808594 87.78687286376953
frog 0.23366404 194.00465393066406 133.70578002929688 228.91099548339844 168.939453125
bird 0.23247856 194.09600830078125 133.71115112304688 229.08203125 168.82855224609375
deer 0.22587743 211.01841735839844 26.95598602294922 227.0964813232422 43.15534210205078
cat 0.2157917 147.04217529296875 8.22599983215332 179.07330322265625 39.947174072265625
dog 0.20099819 107.22216796875 59.165283203125 136.09359741210938 87.68440246582031
