ship 0.9977253 23.92318344116211 109.0842056274414 59.05720901489258 143.70193481445312
truck 0.99737096 201.9031219482422 34.14295196533203 240.0740509033203 71.95877838134766
deer 0.99636686 44.96810531616211 27.110727310180664 70.81796264648438 53.17413330078125
bird 0.9960579 90.1510238647461 67.99833679199219 116.19637298583984 94.06851196289062
frog 0.99570096 30.090694427490234 68.17772674560547 64.93276977539062 103.07286834716797
deer 0.99484515 146.2984161376953 155.29592895507812 178.05995178222656 186.95941162109375
automobile 0.9935625 0.037581443786621094 24.16393280029297 15.93940544128418 40.048126220703125
truck 0.99341905 156.96681213378906 27.076406478881836 195.0996856689453 64.93939208984375
frog 0.99329066 22.12004852294922 199.1317901611328 40.938682556152344 218.0068817138672
dog 0.97128487 72.23652648925781 133.96383666992188 104.08944702148438 165.82669067382812
dog 0.96009296 11.20164966583252 147.43344116210938 42.90599060058594 178.96267700195312
deer 0.95093685 46.073402404785156 199.20639038085938 72.05367279052734 224.98892211914062
deer 0.9371977 118.06246948242188 30.06005859375 139.86746215820312 52.121986389160156
ship 0.8206774 0.026300430297851562 118.97576904296875 22.078176498413086 141.09341430664062
deer 0.7403072 166.93588256835938 193.37994384765625 195.95166015625 221.996337890625
deer 0.6980914 212.10276794433594 78.91646575927734 240.92210388183594 107.9557113647461
airplane 0.66639876 106.07121276855469 182.91134643554688 122.06686401367188 199.08505249023438
ship 0.6614451 82.20365142822266 184.2321014404297 101.09745025634766 203.0818634033203
automobile 0.56454444 82.20365142822266 184.2321014404297 101.09745025634766 203.0818634033203
frog 0.5639856 117.91674041748047 30.10883331298828 139.6060333251953 52.149330139160156
airplane 0.49164933 0.026300430297851562 118.97576904296875 22.078176498413086 141.09341430664062
cat 0.35621864 207.0981903076172 144.93150329589844 236.03453063964844 173.9883270263672
frog 0.34606808 207.10215759277344 145.0543670654297 235.98048400878906 174.06272888183594
deer 0.29555035 207.12326049804688 145.09190368652344 236.0638427734375 173.96324157714844
bird 0.25111175 212.10276794433594 78.91646575927734 240.92210388183594 107.9557113647461
