automobile 0.9964961 208.14059448242188 211.8837890625 245.95904541015625 250.050537109375
truck 0.9959682 108.0815658569336 43.193870544433594 134.0194854736328 69.45638275146484
automobile 0.99581206 10.971710205078125 44.138755798339844 46.09435272216797 78.90371704101562
truck 0.99556434 68.07987976074219 149.0714111328125 103.02084350585938 184.12725830078125
airplane 0.99507725 51.143836975097656 45.97910690307617 85.98680877685547 80.98634338378906
frog 0.99297774 47.127811431884766 102.1755142211914 68.99140167236328 124.1138687133789
dog 0.99164796 199.11663818359375 119.92467498779297 237.00146484375 157.86912536621094
bird 0.9910659 150.3978271484375 193.0416259765625 181.9254150390625 225.15573120117188
airplane 0.98796594 83.97781372070312 190.01882934570312 119.0894775390625 225.14242553710938
bird 0.97905904 162.04385375976562 32.0404052734375 180.97830200195312 51.03990936279297
airplane 0.91616666 98.92108917236328 111.43260955810547 131.1247100830078 143.5797119140625
deer 0.90672106 98.95526123046875 111.44119262695312 131.1410675048828 143.53485107421875
airplane 0.9038129 19.09674835205078 101.06390380859375 35.04875564575195 116.99174499511719
frog 0.90286076 211.15652465820312 3.112039566040039 233.12451171875 25.02116584777832
ship 0.8694103 30.037172317504883 205.05247497558594 65.11441802978516 239.9325714111328
frog 0.86729175 93.12269592285156 77.78585815429688 125.11994934082031 110.01707458496094
airplane 0.8238766 80.03524017333984 13.191189765930176 109.00664520263672 42.04631423950195
automobile 0.8071083 30.037172317504883 205.05247497558594 65.11441802978516 239.9325714111328
dog 0.7193407 93.12269592285156 77.78585815429688 125.11994934082031 110.01707458496094
truck 0.6264433 205.08477783203125 65.05719757080078 230.92352294921875 91.29227447509766
ship 0.4483639 80.03524017333984 13.191189765930176 109.00664520263672 42.04631423950195
cat 0.4462832 211.14425659179688 3.007676124572754 233.10687255859375 24.91089630126953
truck 0.39299116 122.17549896240234 202.0458221435547 148.33570861816406 227.94639587402344
automobile 0.32787597 122.17549896240234 202.0458221435547 148.33570861816406 227.94639587402344
deer 0.26763144 19.09674835205078 101.06390380859375 35.04875564575195 116.99174499511719
automobile 0.2553742 80.03524017333984 13.191189765930176 109.00664520263672 42.04631423950195
airplane 0.24015251 122.181884765625 202.02423095703125 148.59976196289062 228.08932495117188
airplane 0.23794839 30.037172317504883 205.05247497558594 65.11441802978516 239.9325714111328
bird 0.22541896 98.92108917236328 111.43260955810547 131.1247100830078 143.5797119140625
