ship 0.9987437 100.07968139648438 152.7032470703125 134.97384643554688 186.99224853515625
ship 0.99683404 154.90814208984375 198.98497009277344 187.02667236328125 230.9169464111328
automobile 0.99683285 23.20848274230957 101.97948455810547 60.877906799316406 139.98861694335938
deer 0.992731 57.028953552246094 180.09170532226562 95.0880355834961 217.97286987304688
deer 0.99169797 19.077680587768555 141.12208557128906 51.1177978515625 173.04225158691406
frog 0.9883174 18.114429473876953 45.245262145996094 43.918846130371094 71.07545471191406
deer 0.98330843 129.05661010742188 82.11038970947266 151.06729125976562 104.08654022216797
dog 0.97116625 86.0809326171875 41.314048767089844 121.09019470214844 76.0674819946289
dog 0.97063494 120.17869567871094 109.0584945678711 154.96629333496094 143.931884765625
frog 0.966733 211.05508422851562 186.94619750976562 243.06649780273438 218.97012329101562
ship 0.93810296 112.04713439941406 19.985790252685547 131.01051330566406 39.03213882446289
cat 0.93636626 196.750732421875 144.23374938964844 221.95635986328125 169.8834991455078
frog 0.93425375 209.23553466796875 12.041532516479492 240.962158203125 44.070037841796875
cat 0.9332023 167.04469299316406 142.00527954101562 192.92408752441406 168.02090454101562
bird 0.9155122 98.11396026611328 207.37567138671875 127.18012237548828 235.9561767578125
airplane 0.7840574 192.99169921875 67.18226623535156 230.9254150390625 104.93472290039062
ship 0.7462538 192.885986328125 67.5019302368164 231.08682250976562 104.6274642944336
airplane 0.62463516 191.08448791503906 172.01963806152344 207.03843688964844 187.98350524902344
dog 0.58302736 196.750732421875 144.23374938964844 221.95635986328125 169.8834991455078
dog 0.58245194 97.92938232421875 94.07585906982422 114.09701538085938 110.16179656982422
bird 0.37622088 120.20380401611328 109.11672973632812 154.96188354492188 144.0697021484375
deer 0.34764922 98.17965698242188 207.20419311523438 127.10169982910156 236.09637451171875
cat 0.30307254 191.08448791503906 172.01963806152344 207.03843688964844 187.98350524902344
frog 0.2652967 97.92938232421875 94.07585906982422 114.09701538085938 110.16179656982422
cat 0.2540197 209.14630126953125 12.014823913574219 240.84194946289062 44.1541633605957
airplane 0.23584178 111.9029541015625 19.90289878845215 131.05014038085938 39.17079162597656
deer 0.213023 97.92938232421875 94.07585906982422 114.09701538085938 110.16179656982422
