automobile 0.99813473 135.97244262695312 55.98564147949219 161.87542724609375 81.98646545410156
automobile 0.9970329 135.95323181152344 179.8419952392578 173.9905548095703 217.9419708251953
truck 0.9960855 176.91445922851562 16.083789825439453 202.91204833984375 42.03543472290039
bird 0.99604714 59.90771484375 100.09548950195312 95.0594482421875 135.07443237304688
ship 0.99202 135.0727081298828 3.881418228149414 170.11289978027344 38.88300323486328
deer 0.9878894 157.09869384765625 93.12299346923828 176.0233154296875 111.9822769165039
automobile 0.9864439 103.24431610107422 108.04103088378906 129.06088256835938 134.0146026611328
frog 0.9846866 35.10561752319336 181.04397583007812 54.14616775512695 200.09896850585938
cat 0.9711095 62.080650329589844 198.0161895751953 80.97718048095703 216.87269592285156
deer 0.9708607 2.159942150115967 109.09089660644531 17.98214340209961 124.96336364746094
bird 0.8962247 180.03858947753906 147.12074279785156 199.03846740722656 165.97853088378906
frog 0.8364452 13.114381790161133 132.0623016357422 50.958740234375 170.03932189941406
deer 0.80782056 201.94158935546875 52.11009216308594 227.84182739257812 77.94120788574219
cat 0.73287404 134.8938446044922 120.0628890991211 173.11976623535156 158.07394409179688
airplane 0.57305217 206.03955078125 99.05944061279297 224.88259887695312 117.97632598876953
frog 0.56999946 90.02322387695312 160.11854553222656 119.05630493164062 189.0720977783203
cat 0.55228704 208.06639099121094 210.00453186035156 246.06459045410156 247.8882293701172
cat 0.53232235 13.054420471191406 132.02511596679688 51.076072692871094 170.00839233398438
cat 0.45281085 88.01287078857422 42.98044204711914 109.99347686767578 65.07106018066406
airplane 0.430246 135.0057373046875 119.92671203613281 172.96334838867188 158.06700134277344
deer 0.35938317 135.03851318359375 120.25780487060547 172.99713134765625 158.10223388671875
automobile 0.35789126 206.01722717285156 99.08769226074219 224.93141174316406 118.03153991699219
truck 0.33155078 87.98480224609375 42.875457763671875 110.22871398925781 65.04822540283203
frog 0.32933486 88.04885864257812 42.91166687011719 110.10978698730469 65.03640747070312
bird 0.30915123 2.1324024200439453 109.02363586425781 17.975749969482422 124.98234558105469
frog 0.30172873 135.0057373046875 119.92671203613281 172.96334838867188 158.06700134277344
cat 0.28278506 201.94158935546875 52.11009216308594 227.84182739257812 77.94120788574219
frog 0.27487886 180.06085205078125 147.08541870117188 199.03665161132812 165.9471435546875
bird 0.2418614 135.03851318359375 120.25780487060547 172.99713134765625 158.10223388671875
ship 0.22929385 135.110107421875 120.0552978515625 173.0081787109375 158.08126831054688
truck 0.20745727 201.94158935546875 52.11009216308594 227.84182739257812 77.94120788574219
airplane 0.20172209 87.98480224609375 42.875457763671875 110.22871398925781 65.04822540283203
