ship 0.9978678 141.02633666992188 166.154052734375 176.16708374023438 201.42401123046875
bird 0.9973495 45.859375 102.13092041015625 67.99822998046875 124.02932739257812
automobile 0.9963225 171.80638122558594 81.17466735839844 207.0740509033203 116.03123474121094
deer 0.9917762 37.96436309814453 25.060203552246094 67.07172393798828 54.05073547363281
dog 0.98487353 189.87387084960938 213.89369201660156 206.39215087890625 230.07716369628906
dog 0.9749551 139.2034454345703 91.24876403808594 164.98912048339844 117.03697204589844
dog 0.967386 78.09758758544922 30.08048439025879 100.0147476196289 51.923431396484375
frog 0.9569848 64.05490112304688 204.89634704589844 89.95301818847656 231.03550720214844
deer 0.9552132 101.96138000488281 116.0631103515625 124.06443786621094 138.06918334960938
ship 0.9479735 183.9964599609375 24.974178314208984 216.07919311523438 57.14089584350586
dog 0.91658914 203.99786376953125 59.33115768432617 223.03973388671875 77.96592712402344
deer 0.888181 19.099716186523438 177.15017700195312 53.84125518798828 211.97579956054688
deer 0.8504231 87.22663879394531 160.92156982421875 116.13803100585938 190.27554321289062
cat 0.5956422 15.20496654510498 105.22869110107422 43.932682037353516 133.94354248046875
bird 0.5523888 183.9964599609375 24.974178314208984 216.07919311523438 57.14089584350586
dog 0.31846118 80.10403442382812 71.02098846435547 101.98422241210938 93.0987777709961
cat 0.3074302 204.01028442382812 59.24584197998047 223.02740478515625 78.0797348022461
frog 0.27916908 15.057875633239746 105.1070327758789 43.88518524169922 133.9366912841797
cat 0.27766347 78.0029525756836 30.067211151123047 99.9100570678711 51.94865798950195
cat 0.24788222 140.07167053222656 208.13150024414062 174.8646697998047 242.95901489257812
deer 0.22078037 64.97531127929688 144.16781616210938 84.15522766113281 162.99026489257812
dog 0.21378607 87.11795806884766 160.88076782226562 116.09342193603516 190.18865966796875
ship 0.20273837 204.01028442382812 59.24584197998047 223.02740478515625 78.0797348022461
