ship 0.9982255 72.99873352050781 211.92503356933594 92.02215576171875 231.08164978027344
bird 0.9981866 70.09513092041016 91.97449493408203 96.06014251708984 118.0634994506836
dog 0.99714875 189.17819213867188 185.10546875 221.12445068359375 216.98419189453125
frog 0.9964707 212.9907989501953 88.99136352539062 242.0269012451172 117.89408874511719
automobile 0.9960223 19.964519500732422 133.9959259033203 58.09828567504883 172.05625915527344
frog 0.9945276 116.0887451171875 108.08566284179688 135.0363311767578 127.06230163574219
ship 0.98982936 146.21929931640625 56.0148811340332 178.050537109375 88.14701843261719
bird 0.9888627 96.84977722167969 12.044364929199219 132.08518981933594 47.117698669433594
dog 0.98700666 192.23623657226562 148.1221923828125 220.90811157226562 177.191162109375
deer 0.9780364 206.03269958496094 60.08653259277344 231.89405822753906 86.08528137207031
airplane 0.974478 202.11016845703125 10.079530715942383 218.08355712890625 26.02289390563965
ship 0.97351336 71.02489471435547 45.957523345947266 86.98421478271484 62.0815315246582
bird 0.96340847 16.970413208007812 72.09068298339844 39.07427978515625 94.02149963378906
automobile 0.96081924 151.06753540039062 101.19207000732422 180.04278564453125 130.14198303222656
deer 0.87544477 16.049596786499023 187.7985382080078 53.903076171875 225.9550018310547
cat 0.828799 92.0822982788086 141.0860137939453 120.97664642333984 170.1069793701172
deer 0.72508675 16.970542907714844 19.1231746673584 38.972782135009766 40.95348358154297
cat 0.45495844 16.970542907714844 19.1231746673584 38.972782135009766 40.95348358154297
deer 0.35094225 71.02489471435547 45.957523345947266 86.98421478271484 62.0815315246582
bird 0.33699965 92.0822982788086 141.0860137939453 120.97664642333984 170.1069793701172
airplane 0.3307956 41.014869689941406 106.03675079345703 63.15967559814453 128.07925415039062
dog 0.29150265 92.0822982788086 141.0860137939453 120.97664642333984 170.1069793701172
dog 0.24173594 70.92625427246094 45.82240295410156 87.08534240722656 62.133697509765625
ship 0.23163947 151.06951904296875 101.15777587890625 180.11541748046875 130.18760681152344
deer 0.22604975 17.050317764282227 72.0879135131836 39.03240203857422 94.0161361694336
airplane 0.20835668 151.06951904296875 101.15777587890625 180.11541748046875 130.18760681152344
truck 0.20644769 70.92625427246094 45.82240295410156 87.08534240722656 62.133697509765625
