airplane 0.99904263 209.85513305664062 41.05003356933594 239.05401611328125 70.07356262207031
frog 0.9990092 156.99215698242188 106.93563079833984 186.14810180664062 136.03854370117188
automobile 0.99882746 124.07640075683594 173.1197052001953 146.0319366455078 194.9794464111328
ship 0.9981216 85.99132537841797 111.17489624023438 120.88411712646484 145.00296020507812
cat 0.997345 79.1420669555664 152.8863067626953 107.9197006225586 181.9932098388672
deer 0.9972057 215.0763702392578 107.13848876953125 252.88963317871094 145.0057373046875
airplane 0.9965639 38.891510009765625 185.17361450195312 71.10994720458984 217.02316284179688
frog 0.99554026 34.992576599121094 127.00091552734375 73.09742736816406 164.92218017578125
frog 0.9915049 6.094018936157227 3.926682472229004 38.064369201660156 32.03587341308594
frog 0.9908666 150.10963439941406 155.254150390625 184.90940856933594 190.14886474609375
frog 0.9878863 175.9628143310547 71.98190307617188 208.19175720214844 104.06492614746094
cat 0.9720329 40.232452392578125 66.26354217529297 78.03197479248047 103.9754409790039
deer 0.96683586 145.94932556152344 2.152451515197754 174.8778533935547 31.107147216796875
dog 0.9139962 205.14431762695312 158.17605590820312 223.75091552734375 176.992919921875
airplane 0.91062427 0.9957056045532227 160.14202880859375 30.084701538085938 189.1588134765625
truck 0.76190656 0.0 53.008235931396484 34.899147033691406 88.15284729003906
bird 0.63830006 175.97865295410156 72.06184387207031 208.1947479248047 104.14512634277344
ship 0.58783644 0.0 53.03181457519531 34.87455368041992 88.05406188964844
ship 0.31746998 0.9957056045532227 160.14202880859375 30.084701538085938 189.1588134765625
cat 0.29279706 205.05325317382812 158.18780517578125 223.65957641601562 176.94406127929688
automobile 0.2063415 0.9371671676635742 160.184814453125 30.06039047241211 189.21966552734375
