truck 0.9982586 113.08228302001953 211.009033203125 139.13580322265625 236.98440551757812
ship 0.99824333 133.1143341064453 79.93917846679688 149.01670837402344 95.99810791015625
automobile 0.9980653 103.26072692871094 17.10000228881836 128.99853515625 43.0511474609375
ship 0.9973302 9.02937126159668 183.19288635253906 44.072296142578125 218.2671661376953
deer 0.9967227 147.03506469726562 184.0696258544922 163.05599975585938 200.0902862548828
deer 0.9947722 104.960205078125 169.8948974609375 137.08279418945312 201.9501953125
bird 0.9945229 110.93858337402344 141.987060546875 136.82284545898438 168.42507934570312
deer 0.99113786 202.04783630371094 184.96400451660156 230.86839294433594 213.7631072998047
truck 0.98936725 48.27709197998047 74.92089080810547 74.07635498046875 100.92745208740234
automobile 0.98715913 141.99415588378906 142.04345703125 158.03746032714844 157.98367309570312
cat 0.9753262 151.0099639892578 9.025957107543945 170.0828399658203 27.963346481323242
dog 0.93351984 187.03414916992188 119.80155944824219 219.12344360351562 152.03834533691406
cat 0.9177395 195.0820770263672 86.10094451904297 217.0607147216797 108.17009735107422
bird 0.9096649 65.027587890625 166.0911407470703 87.04672241210938 188.0878143310547
bird 0.85487527 51.08018493652344 144.09078979492188 69.92791748046875 163.09518432617188
dog 0.8230773 173.0351104736328 19.88697052001953 189.1272430419922 36.04356384277344
cat 0.81310594 173.08164978027344 20.0150089263916 189.08702087402344 36.04582977294922
ship 0.80822647 181.91917419433594 208.9815216064453 197.9510040283203 225.04783630371094
deer 0.75905037 146.97068786621094 109.971923828125 162.9900360107422 126.19158935546875
cat 0.6691567 181.98297119140625 209.00277709960938 197.89767456054688 225.00650024414062
dog 0.5626589 195.10447692871094 86.05950164794922 217.10145568847656 108.18318939208984
cat 0.4949091 65.1061782836914 166.07333374023438 86.99246978759766 188.0567626953125
truck 0.4217073 142.0349884033203 142.02716064453125 158.0200653076172 157.95803833007812
frog 0.41002154 146.97068786621094 109.971923828125 162.9900360107422 126.19158935546875
cat 0.38518947 146.96353149414062 110.07427215576172 162.9639892578125 126.24243927001953
frog 0.37953323 104.80667877197266 169.9323272705078 136.93716430664062 201.77476501464844
truck 0.36452347 146.97068786621094 109.971923828125 162.9900360107422 126.19158935546875
frog 0.2708891 65.12307739257812 166.00918579101562 86.9110107421875 188.00732421875
cat 0.26046276 51.0922966003418 144.0817413330078 69.9541015625 163.0786895751953
airplane 0.24459475 151.02197265625 8.967982292175293 169.970458984375 28.009254455566406
ship 0.23273611 146.97068786621094 109.971923828125 162.9900360107422 126.19158935546875
truck 0.22069865 181.95213317871094 209.01193237304688 197.80088806152344 225.08511352539062
automobile 0.20981035 48.27709197998047 74.92089080810547 74.07635498046875 100.92745208740234
automobile 0.2051161 146.97068786621094 109.971923828125 162.9900360107422 126.19158935546875
bird 0.20135686 186.86361694335938 119.85359954833984 218.8682861328125 152.10853576660156
