truck 0.9987153 147.27357482910156 178.0186309814453 181.99302673339844 212.9537811279297
automobile 0.9979074 45.05531692504883 17.10487174987793 67.14448547363281 39.09088897705078
truck 0.9975668 72.00099182128906 123.98231506347656 94.01882934570312 146.0515899658203
dog 0.9970771 123.12577056884766 137.90997314453125 155.0644989013672 170.10037231445312
dog 0.9967113 30.03664779663086 109.04920959472656 58.86868667602539 138.0314483642578
truck 0.99501526 82.0080337524414 149.9645538330078 108.05933380126953 175.36827087402344
ship 0.99313784 0.9074192047119141 194.04090881347656 39.163177490234375 231.9184112548828
deer 0.9923703 96.98779296875 5.043647766113281 132.00804138183594 39.9782600402832
airplane 0.99171925 46.05443572998047 55.076698303222656 84.03124237060547 93.02469635009766
frog 0.9885242 92.0651626586914 81.04800415039062 127.0787124633789 116.1263427734375
frog 0.9880161 204.09414672851562 66.05935668945312 242.10272216796875 104.05519104003906
deer 0.97717535 184.1050262451172 179.1136016845703 212.88990783691406 207.88938903808594
ship 0.9475831 29.152793884277344 142.14369201660156 47.99658203125 161.10572814941406
deer 0.94107354 0.046146392822265625 8.987166404724121 26.114961624145508 34.63884353637695
bird 0.8866358 150.00611877441406 28.120315551757812 169.0861053466797 47.027381896972656
ship 0.81620616 132.10659790039062 112.09601593017578 154.12408447265625 133.8404541015625
automobile 0.8139523 69.05274200439453 5.112156867980957 95.12885284423828 30.925067901611328
airplane 0.7620425 132.36752319335938 112.37975311279297 153.98013305664062 133.78878784179688
bird 0.7319985 0.9193153381347656 36.05351257324219 20.14663314819336 55.0120849609375
deer 0.6579328 150.04412841796875 28.08094024658203 169.05685424804688 47.06278991699219
cat 0.5210013 158.95733642578125 90.11808776855469 194.02239990234375 125.42967224121094
automobile 0.47856405 29.152793884277344 142.14369201660156 47.99658203125 161.10572814941406
dog 0.4453321 158.7667694091797 90.13809967041016 194.0329132080078 125.45465850830078
truck 0.4174459 68.88047790527344 5.092060089111328 95.06503295898438 30.900203704833984
deer 0.35442048 158.95733642578125 90.11808776855469 194.02239990234375 125.42967224121094
ship 0.33629298 158.95733642578125 90.11808776855469 194.02239990234375 125.42967224121094
automobile 0.2740898 158.7667694091797 90.13809967041016 194.0329132080078 125.45465850830078
airplane 0.21809328 29.152793884277344 142.14369201660156 47.99658203125 161.10572814941406
deer 0.21464983 0.8777761459350586 36.17364501953125 19.965770721435547 54.931678771972656
frog 0.21340263 158.7667694091797 90.13809967041016 194.0329132080078 125.45465850830078
bird 0.2089395 158.95733642578125 90.11808776855469 194.02239990234375 125.42967224121094
