automobile 0.99891984 159.1405029296875 95.05884552001953 181.05545043945312 117.01509857177734
truck 0.9986979 97.97872924804688 196.9981689453125 127.07650756835938 225.93759155273438
automobile 0.99855393 111.16058349609375 114.91522216796875 139.87158203125 143.85610961914062
dog 0.99819136 72.02506256103516 11.156662940979004 103.97583770751953 42.891761779785156
frog 0.9981117 172.3116912841797 143.11575317382812 203.9597625732422 175.11251831054688
truck 0.99740815 103.1554946899414 152.2083740234375 138.01654052734375 186.9527587890625
frog 0.997143 82.0351791381836 142.12672424316406 101.1524429321289 160.9611358642578
truck 0.9964236 154.2515411376953 65.99776458740234 175.95033264160156 88.13220977783203
airplane 0.99616253 190.21697998046875 72.10363006591797 228.06500244140625 110.04029083251953
dog 0.99587786 119.97095489501953 52.96405792236328 151.95741271972656 85.1953353881836
frog 0.9953978 138.86318969726562 194.89181518554688 157.96673583984375 213.99459838867188
automobile 0.9948813 144.07618713378906 161.9210205078125 163.14451599121094 180.82122802734375
ship 0.9946562 38.14195251464844 215.17420959472656 76.00638580322266 253.3989715576172
truck 0.980755 193.0841064453125 24.0810604095459 230.86468505859375 61.972633361816406
deer 0.9739307 41.06517028808594 167.0449981689453 70.18610382080078 195.9964141845703
frog 0.97043014 19.075864791870117 89.04072570800781 53.96614074707031 123.90037536621094
dog 0.9534639 55.095375061035156 76.09722137451172 76.92427825927734 97.98253631591797
frog 0.7847513 196.2363739013672 180.11959838867188 224.9390106201172 209.07022094726562
bird 0.6748537 119.98991394042969 2.064668655395508 154.9511260986328 36.88377380371094
airplane 0.6497869 3.202094554901123 5.066343784332275 19.07039451599121 21.063091278076172
deer 0.494175 3.2778477668762207 5.0988240242004395 19.113468170166016 20.992895126342773
truck 0.47246075 3.1312174797058105 5.025172233581543 19.127315521240234 21.03655242919922
cat 0.44465637 119.98991394042969 2.064668655395508 154.9511260986328 36.88377380371094
ship 0.4394707 119.97996520996094 2.081480026245117 154.9704132080078 36.85919952392578
bird 0.3586517 196.235107421875 180.13961791992188 224.94125366210938 209.03897094726562
frog 0.34446818 3.2778477668762207 5.0988240242004395 19.113468170166016 20.992895126342773
automobile 0.28217712 3.2778477668762207 5.0988240242004395 19.113468170166016 20.992895126342773
cat 0.27787715 55.15855026245117 76.15518188476562 77.07966613769531 97.93357849121094
airplane 0.27782518 19.13958740234375 89.03436279296875 53.827545166015625 123.94044494628906
truck 0.24462494 119.97996520996094 2.081480026245117 154.9704132080078 36.85919952392578
