truck 0.99829805 45.992584228515625 201.1485137939453 68.0843734741211 223.02366638183594
ship 0.9975813 134.25216674804688 30.83906364440918 159.95001220703125 57.07154846191406
truck 0.99691606 2.067636489868164 18.061111450195312 39.99384307861328 56.097625732421875
dog 0.9963434 199.0892791748047 214.20762634277344 227.91493225097656 243.0515594482422
cat 0.9956004 178.16021728515625 12.977335929870605 196.96627807617188 32.069095611572266
truck 0.9953942 74.13959503173828 174.02688598632812 106.0494155883789 206.11074829101562
bird 0.9947369 91.10118103027344 13.134538650512695 129.13204956054688 51.08068084716797
automobile 0.9913743 4.156848907470703 130.95870971679688 20.052997589111328 146.92758178710938
bird 0.98688865 160.96339416503906 66.11849212646484 186.99879455566406 91.9644546508789
automobile 0.98615056 18.15948486328125 178.12005615234375 44.04193878173828 203.72647094726562
frog 0.98301876 60.161903381347656 66.18611145019531 97.9414291381836 103.9888916015625
airplane 0.97406393 60.00791931152344 10.010235786437988 82.03330993652344 32.0196418762207
cat 0.9710914 141.16387939453125 0.985468864440918 162.90713500976562 22.936805725097656
frog 0.95409274 104.0089111328125 123.16848754882812 135.9391326904297 154.998046875
deer 0.9529826 54.155818939208984 122.07705688476562 86.05300903320312 154.10464477539062
ship 0.84321934 199.89727783203125 69.10873413085938 225.73992919921875 94.9130859375
deer 0.79705715 141.1204833984375 109.04646301269531 176.00668334960938 143.86534118652344
automobile 0.6225899 104.00283813476562 123.20735168457031 135.85565185546875 155.0049285888672
airplane 0.56576914 54.155818939208984 122.07705688476562 86.05300903320312 154.10464477539062
truck 0.47984943 206.1055908203125 175.1632080078125 228.12432861328125 196.91729736328125
airplane 0.404985 197.1278076171875 95.87152862548828 232.11538696289062 130.84527587890625
bird 0.39308274 59.952171325683594 9.994965553283691 82.15145111083984 31.905654907226562
bird 0.36032826 141.1397705078125 108.91456604003906 176.07345581054688 144.01564025878906
deer 0.2764113 197.077880859375 95.72328186035156 232.05902099609375 130.74960327148438
deer 0.24272501 60.161903381347656 66.18611145019531 97.9414291381836 103.9888916015625
airplane 0.22113964 199.97633361816406 69.14759063720703 225.74342346191406 94.96707916259766
