automobile 0.99859667 115.23886108398438 151.0858154296875 144.04598999023438 179.950927734375
frog 0.9983164 99.05366516113281 35.05919647216797 124.94010925292969 60.864906311035156
ship 0.99816525 17.07898712158203 215.9748992919922 45.837493896484375 244.92686462402344
automobile 0.9980557 188.03543090820312 65.86556243896484 214.01812744140625 92.0412368774414
automobile 0.9978229 184.254150390625 25.164358139038086 219.05123901367188 59.947357177734375
ship 0.9973388 46.11985778808594 175.0513458251953 84.16459655761719 212.9844512939453
airplane 0.9968245 107.0424575805664 212.03500366210938 136.14134216308594 240.67105102539062
bird 0.995907 110.2386245727539 68.91828155517578 125.99248504638672 84.98186492919922
truck 0.9958401 151.9939422607422 173.1527099609375 178.1427459716797 199.105224609375
airplane 0.99540937 71.12750244140625 143.86001586914062 97.03579711914062 170.10394287109375
ship 0.9909408 141.8934326171875 105.11515045166016 176.94900512695312 139.85525512695312
truck 0.9842795 49.004302978515625 123.01779174804688 67.96122741699219 142.06585693359375
ship 0.98409534 12.191497802734375 38.02535629272461 46.93877029418945 72.95854187011719
airplane 0.9798008 146.9745635986328 206.04026794433594 165.9564971923828 225.01271057128906
deer 0.95969045 73.9350357055664 63.1059455871582 109.0233383178711 98.19293212890625
ship 0.94772065 208.2154083251953 153.0948028564453 233.89048767089844 179.03086853027344
bird 0.9106586 6.996160507202148 163.0500946044922 29.15125846862793 185.15171813964844
cat 0.7107772 148.05642700195312 17.07682991027832 182.77838134765625 52.05571746826172
dog 0.46855244 147.91854858398438 17.043025970458984 182.89251708984375 52.019222259521484
dog 0.3774534 73.9350357055664 63.1059455871582 109.0233383178711 98.19293212890625
cat 0.36538273 12.098751068115234 37.97303009033203 46.940635681152344 73.00609588623047
airplane 0.31865972 112.88445281982422 117.0949478149414 131.9993896484375 135.94381713867188
deer 0.29993346 113.02346801757812 117.10159301757812 131.90664672851562 135.99961853027344
deer 0.27632013 110.07994079589844 68.93980407714844 126.07130432128906 85.05499267578125
ship 0.21728903 110.14427185058594 68.88867950439453 126.04039001464844 85.00005340576172
dog 0.20425874 6.908717155456543 163.1494140625 29.015064239501953 185.13961791992188
