ship 0.99967384 208.02105712890625 123.9736328125 237.02200317382812 153.01254272460938
ship 0.999141 165.12310791015625 115.89617156982422 193.90365600585938 144.96685791015625
truck 0.9987344 210.99871826171875 11.989912986755371 239.92440795898438 41.019004821777344
airplane 0.9980525 170.26080322265625 18.158666610717773 205.07815551757812 53.17560577392578
airplane 0.9962168 36.98583221435547 200.04331970214844 58.93505859375 221.99497985839844
frog 0.9959677 98.01701354980469 1.026742935180664 116.97506713867188 19.9940128326416
cat 0.9952974 168.02716064453125 57.84228515625 194.08920288085938 83.78504943847656
truck 0.9950017 9.009180068969727 121.243896484375 38.061302185058594 150.07037353515625
automobile 0.9949846 55.088661193847656 33.095458984375 92.96520233154297 71.18647766113281
truck 0.99439776 59.98421859741211 214.1169891357422 81.89588165283203 235.9783172607422
dog 0.99374187 140.0167236328125 159.07395935058594 178.01348876953125 196.86924743652344
dog 0.9823121 94.98777770996094 160.8997039794922 130.00250244140625 195.9891815185547
bird 0.969098 119.29857635498047 207.99879455566406 153.98284912109375 242.98036193847656
ship 0.8492602 195.0938720703125 163.00912475585938 229.95989990234375 197.78646850585938
airplane 0.75490594 27.902572631835938 57.08454132080078 43.99739074707031 73.09603118896484
ship 0.74187315 27.931798934936523 57.078956604003906 43.901954650878906 73.00176239013672
cat 0.72520185 76.11172485351562 105.03317260742188 95.06646728515625 124.04092407226562
deer 0.43825123 76.19276428222656 105.01405334472656 95.0006103515625 124.04534912109375
airplane 0.4044043 195.2135772705078 163.0305633544922 230.01097106933594 197.9169464111328
dog 0.3653534 76.11172485351562 105.03317260742188 95.06646728515625 124.04092407226562
cat 0.35431552 148.00021362304688 65.20661163330078 166.77874755859375 84.04422760009766
airplane 0.34484476 148.00021362304688 65.20661163330078 166.77874755859375 84.04422760009766
airplane 0.27836752 119.1665267944336 208.02761840820312 154.16146850585938 243.07150268554688
frog 0.26078197 148.00021362304688 65.20661163330078 166.77874755859375 84.04422760009766
truck 0.22316447 27.931798934936523 57.078956604003906 43.901954650878906 73.00176239013672
deer 0.21351245 195.2135772705078 163.0305633544922 230.01097106933594 197.9169464111328
