truck 0.9980153 166.15013122558594 29.070270538330078 187.9776153564453 51.202083587646484
truck 0.99774104 24.9421443939209 23.909439086914062 57.25835418701172 56.124053955078125
automobile 0.99757165 213.9437713623047 68.0519790649414 243.09288024902344 96.89812469482422
automobile 0.99641097 166.90988159179688 53.01176452636719 196.125244140625 81.92872619628906
airplane 0.99625826 192.9025421142578 16.077238082885742 215.02745056152344 37.92805480957031
automobile 0.9940914 2.977479934692383 89.9454574584961 38.066871643066406 125.0708236694336
dog 0.9872818 97.98351287841797 169.87635803222656 135.92218017578125 207.9479522705078
bird 0.98595005 91.1700668334961 64.00595092773438 123.11441802978516 95.81672668457031
cat 0.9314734 0.07951545715332031 174.88119506835938 38.22059631347656 213.12283325195312
dog 0.8948165 205.022705078125 171.05670166015625 230.96182250976562 197.11605834960938
bird 0.893695 143.93760681152344 206.85670471191406 173.09620666503906 236.05458068847656
deer 0.844164 51.112335205078125 211.9851837158203 79.8572998046875 241.1100311279297
bird 0.7825396 150.14651489257812 127.9136734008789 179.05023193359375 157.07217407226562
bird 0.7560604 30.241365432739258 132.09130859375 65.06565856933594 167.07257080078125
cat 0.7182783 51.112335205078125 211.9851837158203 79.8572998046875 241.1100311279297
deer 0.6921709 74.10304260253906 185.08917236328125 96.00509643554688 206.96444702148438
truck 0.676806 215.1911163330078 104.00288391113281 249.7756805419922 139.19720458984375
automobile 0.6751009 215.114013671875 104.08448791503906 249.91238403320312 139.0275421142578
ship 0.4873298 74.06498718261719 185.00914001464844 95.96202087402344 206.8916473388672
deer 0.46668133 150.14651489257812 127.9136734008789 179.05023193359375 157.07217407226562
dog 0.454499 165.9299774169922 99.13665771484375 191.9738006591797 124.93040466308594
deer 0.43405035 30.16166877746582 132.2010498046875 65.06290435791016 166.91165161132812
airplane 0.4245759 51.068233489990234 95.18610382080078 77.10948181152344 120.91756439208984
airplane 0.4135461 215.04005432128906 103.95771789550781 249.96815490722656 139.07568359375
bird 0.38672683 74.05123901367188 185.15342712402344 95.78721618652344 206.9893341064453
frog 0.3673235 143.93760681152344 206.85670471191406 173.09620666503906 236.05458068847656
frog 0.32386088 74.05123901367188 185.15342712402344 95.78721618652344 206.9893341064453
automobile 0.3036847 30.16166877746582 132.2010498046875 65.06290435791016 166.91165161132812
cat 0.29784578 51.1572380065918 95.15803527832031 77.10810852050781 120.9530029296875
dog 0.2754565 0.0 175.15011596679688 37.95532989501953 212.90020751953125
cat 0.2603597 204.975341796875 171.00851440429688 230.98684692382812 197.1124267578125
ship 0.25744396 150.14651489257812 127.9136734008789 179.05023193359375 157.07217407226562
