automobile 0.99868256 151.2523651123047 2.8680191040039062 183.00416564941406 35.17449188232422
automobile 0.99844956 61.06432342529297 31.012027740478516 90.03292083740234 59.944820404052734
automobile 0.9977355 103.19624328613281 127.02957153320312 135.01174926757812 158.620849609375
frog 0.99694335 205.2442169189453 46.08821105957031 237.0143280029297 78.09892272949219
truck 0.99689287 140.06521606445312 186.05191040039062 171.954345703125 218.06454467773438
frog 0.9926119 46.0463752746582 65.99396514892578 62.033939361572266 82.0369644165039
airplane 0.98557234 186.06224060058594 24.012107849121094 204.9725799560547 43.04065704345703
cat 0.98343503 144.0602264404297 103.09512329101562 178.9018096923828 138.11065673828125
automobile 0.9761573 79.07211303710938 108.06514739990234 94.91213989257812 124.02681732177734
bird 0.97455597 12.898324966430664 201.15054321289062 42.23345184326172 230.09967041015625
dog 0.97147006 112.97056579589844 19.116497039794922 145.4054412841797 51.14406967163086
truck 0.9701481 199.11451721191406 160.14895629882812 228.09776306152344 188.88424682617188
cat 0.96586883 43.13099670410156 105.17893981933594 69.1541748046875 131.18722534179688
ship 0.937596 11.055217742919922 44.07232666015625 33.0384521484375 65.98580932617188
truck 0.9122807 75.958984375 209.0571746826172 102.08122253417969 234.85594177246094
airplane 0.9080186 32.030643463134766 148.98292541503906 53.97849655151367 171.00025939941406
truck 0.835029 82.93770599365234 160.04608154296875 117.82172393798828 194.94357299804688
airplane 0.83217853 45.033226013183594 174.9456787109375 64.03313446044922 194.11856079101562
ship 0.7857884 79.04759979248047 108.03155517578125 94.87137603759766 123.98020935058594
automobile 0.52223444 83.08196258544922 160.0633087158203 117.76299285888672 194.9567413330078
airplane 0.36635152 76.05076599121094 208.92825317382812 101.96275329589844 235.00973510742188
bird 0.28130546 32.03058624267578 149.06964111328125 54.05242919921875 170.9573974609375
deer 0.27864122 46.0463752746582 65.99396514892578 62.033939361572266 82.0369644165039
