truck 0.9974555 73.7893295288086 13.10280990600586 112.08712005615234 51.15327835083008
truck 0.9973766 212.0809326171875 70.09306335449219 231.07015991210938 88.97596740722656
automobile 0.9973124 0.9573783874511719 117.99553680419922 36.047447204589844 152.96022033691406
automobile 0.9970468 50.015995025634766 21.247690200805664 69.0048828125 39.89759826660156
frog 0.99701047 189.21730041503906 152.2129364013672 220.8418731689453 180.8389434814453
dog 0.9970082 36.14923858642578 157.94613647460938 62.06068420410156 183.99557495117188
ship 0.99613726 162.05023193359375 51.18449020385742 191.15255737304688 79.92913818359375
truck 0.9959433 133.30458068847656 186.98544311523438 159.05760192871094 213.11843872070312
truck 0.9950453 59.060218811035156 204.1418914794922 93.85469818115234 239.04063415527344
ship 0.9944734 122.10892486572266 14.172927856445312 141.06871032714844 33.09197235107422
frog 0.9926431 58.03361511230469 110.23138427734375 93.09649658203125 144.9961395263672
airplane 0.98934466 101.0854263305664 136.09576416015625 138.89642333984375 174.03433227539062
ship 0.97878045 8.016273498535156 70.03733825683594 45.97563934326172 107.91513061523438
bird 0.9576477 144.95079040527344 99.98207092285156 174.0043487548828 128.98948669433594
bird 0.9254292 16.96349334716797 209.8864288330078 54.98627471923828 248.1116180419922
airplane 0.89765805 208.18153381347656 5.090246200561523 236.9774627685547 33.970008850097656
cat 0.8943916 13.000904083251953 15.115618705749512 31.979228973388672 34.0350456237793
dog 0.7098353 17.02804946899414 209.93582153320312 54.96799087524414 247.95858764648438
airplane 0.64610714 145.01153564453125 100.0154800415039 173.944091796875 129.0763397216797
bird 0.6453869 208.18153381347656 5.090246200561523 236.9774627685547 33.970008850097656
dog 0.6154346 178.00135803222656 129.1064453125 197.1752471923828 147.84292602539062
frog 0.5647961 94.12203979492188 84.93049621582031 126.15602111816406 117.04278564453125
dog 0.5515802 94.05215454101562 84.86732482910156 126.20942687988281 117.05998229980469
deer 0.50941855 215.02944946289062 126.05772399902344 236.97225952148438 147.9783477783203
deer 0.46892825 178.00135803222656 129.1064453125 197.1752471923828 147.84292602539062
frog 0.37572795 13.000904083251953 15.115618705749512 31.979228973388672 34.0350456237793
frog 0.37320143 215.10047912597656 126.25764465332031 237.1735076904297 148.05360412597656
bird 0.3510665 12.995105743408203 15.037001609802246 31.925064086914062 34.023006439208984
truck 0.26582325 94.05215454101562 84.86732482910156 126.20942687988281 117.05998229980469
deer 0.2508902 94.12203979492188 84.93049621582031 126.15602111816406 117.04278564453125
automobile 0.23285899 94.05215454101562 84.86732482910156 126.20942687988281 117.05998229980469
cat 0.21985662 94.05215454101562 84.86732482910156 126.20942687988281 117.05998229980469
