frog 0.9991362 67.1689682006836 24.052581787109375 93.11272430419922 50.03394317626953
automobile 0.99896526 30.043832778930664 97.17444610595703 52.04484558105469 119.01226043701172
cat 0.99823487 118.89838409423828 29.159648895263672 147.99404907226562 58.04353713989258
automobile 0.9978105 153.0113067626953 165.1005096435547 174.94960021972656 187.0151824951172
automobile 0.99699277 81.91400146484375 201.05348205566406 119.97061157226562 239.00535583496094
dog 0.9948534 197.0446014404297 121.0973892211914 229.05897521972656 152.91006469726562
bird 0.9946922 174.19488525390625 46.11799240112305 212.05947875976562 83.94398498535156
dog 0.9833853 161.05816650390625 10.05504035949707 183.03594970703125 32.055702209472656
bird 0.97838986 35.0533332824707 197.00906372070312 56.90256881713867 219.08160400390625
frog 0.976362 204.0146484375 158.98675537109375 238.96408081054688 193.88058471679688
cat 0.97130954 110.26759338378906 102.51498413085938 142.0890655517578 131.05215454101562
bird 0.9373419 156.2003173828125 111.15409851074219 188.030029296875 142.8765411376953
frog 0.91492456 69.16706848144531 160.17071533203125 85.02838134765625 176.02798461914062
automobile 0.91264063 120.09373474121094 60.105018615722656 157.8476104736328 97.8205337524414
airplane 0.89273334 156.10072326660156 111.03105926513672 187.97483825683594 142.9468536376953
frog 0.8645437 207.98751831054688 201.24996948242188 242.99295043945312 235.990234375
frog 0.8276608 160.11007690429688 208.2220001220703 179.03890991210938 226.91856384277344
ship 0.71622044 70.97013854980469 72.01736450195312 103.04286193847656 103.88542175292969
truck 0.6856723 69.1393814086914 160.1072998046875 85.0101547241211 176.02542114257812
airplane 0.62414384 70.97013854980469 72.01736450195312 103.04286193847656 103.88542175292969
airplane 0.42033085 119.76605224609375 60.651023864746094 158.29086303710938 97.76392364501953
airplane 0.28813323 69.1393814086914 160.1072998046875 85.0101547241211 176.02542114257812
cat 0.26992306 208.0220947265625 201.16639709472656 242.744384765625 236.1274871826172
dog 0.25420618 35.062103271484375 197.04202270507812 56.94512939453125 218.9656982421875
cat 0.23901737 69.1393814086914 160.1072998046875 85.0101547241211 176.02542114257812
airplane 0.23762193 121.02474975585938 151.89390563964844 146.90524291992188 178.0447235107422
truck 0.21330932 70.97013854980469 72.01736450195312 103.04286193847656 103.88542175292969
cat 0.20891482 160.1354217529297 208.1818084716797 179.0513153076172 226.8993682861328
