deer 0.99883527 118.05365753173828 156.98046875 149.93093872070312 188.93508911132812
automobile 0.9970925 14.18055534362793 153.00616455078125 51.94230651855469 190.97317504882812
automobile 0.9962453 69.0133285522461 58.96343994140625 107.04328155517578 96.97599792480469
frog 0.9935435 183.0587921142578 36.1243782043457 218.0934295654297 70.83787536621094
cat 0.99276364 167.02725219726562 160.09475708007812 202.05657958984375 194.97552490234375
cat 0.9920012 135.98033142089844 25.966114044189453 171.10154724121094 60.83808517456055
cat 0.99046683 185.98435974121094 8.264880180358887 211.9429473876953 33.91351318359375
ship 0.9882051 15.03178596496582 118.07240295410156 41.04420471191406 143.95518493652344
truck 0.9871355 204.0859375 205.3729705810547 229.68865966796875 231.1855010986328
ship 0.9837134 211.2413330078125 111.93077850341797 246.09030151367188 147.03277587890625
dog 0.95814407 22.07792854309082 29.11641502380371 40.90559387207031 47.94587707519531
bird 0.9245436 68.1441879272461 213.19427490234375 93.70940399169922 239.11669921875
bird 0.92075634 125.1402587890625 195.0376434326172 143.92916870117188 213.9289093017578
ship 0.8543223 155.05027770996094 111.01370239257812 171.05970764160156 127.01387023925781
bird 0.8428129 95.49563598632812 203.9789581298828 124.10182189941406 233.06285095214844
airplane 0.8390113 68.02608489990234 117.20079803466797 100.05083465576172 149.03977966308594
airplane 0.83425474 155.02569580078125 110.93492889404297 171.09027099609375 127.0520248413086
airplane 0.7534206 131.04612731933594 80.9364013671875 157.0788116455078 107.15939331054688
frog 0.74902207 68.02608489990234 117.20079803466797 100.05083465576172 149.03977966308594
automobile 0.66593575 73.05410766601562 25.071043014526367 95.11030578613281 46.936279296875
bird 0.59756714 68.02608489990234 117.20079803466797 100.05083465576172 149.03977966308594
frog 0.58520865 184.03912353515625 121.31629943847656 209.23028564453125 146.84022521972656
frog 0.55282277 68.1441879272461 213.19427490234375 93.70940399169922 239.11669921875
truck 0.5295001 131.04612731933594 80.9364013671875 157.0788116455078 107.15939331054688
cat 0.44592017 95.3338623046875 203.87530517578125 123.91136169433594 232.95892333984375
ship 0.4326297 131.04612731933594 80.9364013671875 157.0788116455078 107.15939331054688
automobile 0.3888921 155.02569580078125 110.93492889404297 171.09027099609375 127.0520248413086
airplane 0.34946096 125.15335083007812 195.068603515625 143.88568115234375 213.98825073242188
cat 0.34483233 184.0487823486328 121.55635070800781 209.43296813964844 146.74131774902344
bird 0.32453272 72.99707794189453 25.01095962524414 95.1501235961914 46.95640182495117
deer 0.31377116 73.02214050292969 25.026859283447266 95.11328125 46.957820892333984
deer 0.30257913 68.11109924316406 117.12171173095703 99.92686462402344 149.03147888183594
dog 0.27736765 95.49563598632812 203.9789581298828 124.10182189941406 233.06285095214844
airplane 0.22741637 68.1441879272461 213.19427490234375 93.70940399169922 239.11669921875
automobile 0.20757267 131.0041961669922 80.92460632324219 157.2183074951172 107.19607543945312
truck 0.20306799 155.0548095703125 110.94237518310547 171.07415771484375 127.04732513427734
deer 0.20264155 155.02708435058594 110.9109115600586 171.11058044433594 127.0274429321289
cat 0.20058325 68.1441879272461 213.19427490234375 93.70940399169922 239.11669921875
