airplane 0.9990098 47.940330505371094 207.0446014404297 80.00579071044922 238.9672393798828
automobile 0.9981613 188.11949157714844 103.12486267089844 217.1486053466797 132.0307159423828
automobile 0.9951415 109.26219940185547 3.9929637908935547 147.025146484375 41.72889709472656
truck 0.99480516 100.02462005615234 203.00601196289062 138.0054931640625 240.8814697265625
truck 0.994581 4.027549743652344 32.37905502319336 38.86411666870117 66.83303833007812
truck 0.994524 4.141451835632324 147.11952209472656 36.052215576171875 179.04185485839844
dog 0.9931187 192.92413330078125 149.75274658203125 231.04818725585938 188.01220703125
truck 0.9908416 165.9861602783203 158.10830688476562 181.9679718017578 174.20123291015625
dog 0.987872 0.9404258728027344 110.08099365234375 33.090301513671875 141.92501831054688
automobile 0.9615004 149.8357391357422 83.06208038330078 179.1602325439453 111.86498260498047
automobile 0.8945055 44.020870208740234 178.12181091308594 66.0372543334961 200.0650177001953
dog 0.8669327 159.9458770751953 24.867961883544922 186.1038360595703 51.35432052612305
dog 0.8540907 203.7570343017578 1.4360122680664062 241.9257049560547 39.70060729980469
airplane 0.70682085 20.125144958496094 12.04443359375 39.100669860839844 30.767253875732422
airplane 0.657341 172.0983428955078 64.93622589111328 188.01551818847656 81.20195770263672
bird 0.64968747 159.18800354003906 3.0999937057495117 178.0807647705078 21.992210388183594
cat 0.6482823 6.034573554992676 203.34884643554688 22.051239013671875 219.02359008789062
cat 0.6413667 176.11607360839844 204.89169311523438 211.0890655517578 240.01727294921875
frog 0.6121437 172.0983428955078 64.93622589111328 188.01551818847656 81.20195770263672
automobile 0.54397637 20.037151336669922 11.98066234588623 39.17661666870117 30.809223175048828
cat 0.53291655 159.18800354003906 3.0999937057495117 178.0807647705078 21.992210388183594
truck 0.5154608 172.0983428955078 64.93622589111328 188.01551818847656 81.20195770263672
truck 0.34528404 44.113739013671875 178.09710693359375 66.02862548828125 199.99435424804688
truck 0.34417358 149.93955993652344 83.13257598876953 179.1276092529297 111.67598724365234
automobile 0.33275688 172.0983428955078 64.93622589111328 188.01551818847656 81.20195770263672
cat 0.32019818 172.0983428955078 64.93622589111328 188.01551818847656 81.20195770263672
bird 0.31416267 160.01736450195312 24.861103057861328 185.99838256835938 51.29269790649414
bird 0.30789855 172.0983428955078 64.93622589111328 188.01551818847656 81.20195770263672
ship 0.30776662 159.18800354003906 3.0999937057495117 178.0807647705078 21.992210388183594
truck 0.2944247 20.125144958496094 12.04443359375 39.100669860839844 30.767253875732422
airplane 0.28187463 159.3629913330078 3.170994758605957 178.27549743652344 21.992267608642578
deer 0.2547153 6.034573554992676 203.34884643554688 22.051239013671875 219.02359008789062
ship 0.23718792 20.037151336669922 11.98066234588623 39.17661666870117 30.809223175048828
deer 0.2320185 20.037151336669922 11.98066234588623 39.17661666870117 30.809223175048828
airplane 0.22360551 165.9861602783203 158.10830688476562 181.9679718017578 174.20123291015625
frog 0.20228255 20.037151336669922 11.98066234588623 39.17661666870117 30.809223175048828
