automobile 0.99791473 12.06462287902832 170.09523010253906 38.170188903808594 196.07884216308594
dog 0.99728966 32.96641540527344 208.00238037109375 59.01788330078125 234.10015869140625
airplane 0.99695975 172.15553283691406 205.01026916503906 207.0272674560547 239.9471893310547
deer 0.9967337 178.0375213623047 91.1485824584961 197.04811096191406 110.0743179321289
automobile 0.9965663 83.05887603759766 211.18505859375 118.0716781616211 245.95504760742188
ship 0.9961192 108.88758087158203 110.12828063964844 146.9999542236328 148.0570831298828
dog 0.99357283 9.202354431152344 127.10880279541016 46.96000289916992 165.32379150390625
frog 0.9931131 133.04776000976562 82.07474517822266 155.04019165039062 104.0154037475586
airplane 0.992427 82.18497467041016 150.05613708496094 113.9443130493164 181.9051971435547
deer 0.9898157 141.15550231933594 11.987220764160156 175.8636016845703 47.065460205078125
frog 0.98018676 207.0543975830078 169.08364868164062 242.05482482910156 203.95025634765625
bird 0.9786272 134.99143981933594 196.2307891845703 164.0631866455078 225.0311737060547
frog 0.9771838 150.90904235839844 157.9802703857422 183.02732849121094 190.14317321777344
automobile 0.97072995 80.97502899169922 11.196090698242188 96.95738983154297 27.224281311035156
deer 0.9535514 74.04167938232422 69.42106628417969 102.88314056396484 97.92034912109375
airplane 0.91915834 88.00267791748047 30.28786277770996 125.95133209228516 67.89920806884766
automobile 0.89826936 28.20365333557129 77.97196960449219 47.14519500732422 97.18595886230469
truck 0.69223404 191.20999145507812 130.06900024414062 216.99884033203125 156.18618774414062
automobile 0.55122966 191.2148895263672 130.05474853515625 216.9924774169922 156.15167236328125
truck 0.54822725 28.22264862060547 77.95962524414062 47.186012268066406 97.18484497070312
ship 0.46592993 80.97502899169922 11.196090698242188 96.95738983154297 27.224281311035156
cat 0.4623051 150.82403564453125 157.94349670410156 183.0260009765625 190.1740264892578
deer 0.43606463 80.98209381103516 11.174179077148438 96.9760971069336 27.090065002441406
