ship 0.9989369 195.11956787109375 119.99549865722656 227.24911499023438 152.07325744628906
airplane 0.99829614 76.97652435302734 17.14336395263672 99.03214263916016 39.09675979614258
cat 0.997114 112.2439193725586 61.063934326171875 143.75672912597656 92.98828125
dog 0.9963001 161.05056762695312 17.015705108642578 192.92941284179688 49.10598373413086
truck 0.99582493 59.067970275878906 150.1505889892578 93.89315032958984 184.9362030029297
automobile 0.9957715 151.02703857421875 133.0806884765625 186.09664916992188 167.85049438476562
truck 0.9957658 106.06509399414062 110.02416229248047 143.8556365966797 147.99769592285156
truck 0.99568677 72.98506164550781 50.0349235534668 89.01698303222656 66.13487243652344
automobile 0.9929281 213.88638305664062 72.012451171875 243.10653686523438 101.12472534179688
ship 0.99256563 21.157569885253906 179.9684600830078 42.97529602050781 202.03749084472656
bird 0.9478643 166.0364227294922 187.0378875732422 181.87705993652344 203.06800842285156
cat 0.9410271 32.39122009277344 57.19697570800781 70.0588150024414 94.931884765625
deer 0.90283567 183.2352294921875 195.03810119628906 205.13104248046875 217.00535583496094
truck 0.8866347 154.06619262695312 211.95309448242188 179.93463134765625 238.057373046875
airplane 0.82278407 144.8456573486328 82.03050231933594 180.00941467285156 117.12921142578125
bird 0.79795384 199.82435607910156 169.0882110595703 221.95750427246094 190.85816955566406
cat 0.79542255 195.9986572265625 8.100184440612793 224.95474243164062 37.14400100708008
airplane 0.71390927 40.04216766357422 103.13725280761719 66.04594421386719 128.92611694335938
airplane 0.6591847 125.09133911132812 202.00784301757812 141.0499267578125 218.05783081054688
cat 0.5832213 166.01292419433594 187.0406951904297 181.90367126464844 203.1237335205078
frog 0.5314288 199.84844970703125 169.06060791015625 221.93707275390625 190.87432861328125
automobile 0.33937812 154.1529998779297 211.95709228515625 179.9403533935547 238.14532470703125
truck 0.33284763 144.79391479492188 81.8994140625 180.09286499023438 117.08578491210938
dog 0.32781193 196.1422882080078 8.119227409362793 225.21836853027344 37.109214782714844
deer 0.25867444 166.0364227294922 187.0378875732422 181.87705993652344 203.06800842285156
frog 0.25405133 40.08913803100586 103.2344970703125 66.1072998046875 129.0164031982422
cat 0.23876292 40.01988220214844 103.14208984375 66.09068298339844 128.9937286376953
ship 0.22327518 32.37831115722656 57.42164611816406 69.5700912475586 94.25299072265625
frog 0.21196795 195.9986572265625 8.100184440612793 224.95474243164062 37.14400100708008
deer 0.21150869 200.01953125 169.0438232421875 222.0428466796875 190.82183837890625
