dog 0.9991216 113.23021697998047 92.98373413085938 145.04074096679688 125.43740844726562
ship 0.99853784 127.00184631347656 171.19688415527344 149.0147247314453 192.99839782714844
frog 0.9981215 122.08586120605469 23.130985260009766 153.9115447998047 55.112483978271484
truck 0.99804664 82.01831817626953 173.8237762451172 111.03002166748047 202.7985382080078
ship 0.9978906 0.9341087341308594 139.08665466308594 33.0938720703125 171.16481018066406
frog 0.99787486 208.94656372070312 55.05266571044922 237.93234252929688 83.80974578857422
deer 0.9970422 213.10145568847656 94.2024154663086 251.04344177246094 131.8944549560547
truck 0.9957038 45.27528381347656 109.159423828125 74.05327606201172 137.9133758544922
automobile 0.9945346 19.187915802001953 215.16246032714844 53.89756393432617 250.1081085205078
deer 0.99324274 167.980712890625 179.11758422851562 206.06924438476562 216.85189819335938
frog 0.99281144 73.08707427978516 59.09474563598633 108.00812530517578 94.12046813964844
frog 0.9908341 121.25186157226562 129.9810791015625 155.86666870117188 165.05105590820312
truck 0.9859593 5.103793144226074 7.136985778808594 31.04766845703125 33.06472396850586
deer 0.9818425 88.09388732910156 135.17205810546875 114.0894775390625 161.0404052734375
frog 0.9817549 26.098974227905273 173.94802856445312 47.902198791503906 195.94345092773438
cat 0.9749639 36.06201171875 53.95024108886719 71.0894546508789 89.07708740234375
dog 0.97006273 131.06333923339844 65.05233764648438 150.0496368408203 83.87908935546875
airplane 0.7678497 79.13450622558594 204.40245056152344 105.07620239257812 230.12294006347656
dog 0.28335202 26.308048248291016 174.09571838378906 48.0412712097168 196.05311584472656
cat 0.27875948 173.11575317382812 10.986930847167969 208.04937744140625 46.424522399902344
dog 0.23646808 172.95742797851562 10.875343322753906 208.14028930664062 46.48139953613281
