automobile 0.9986336 138.0990447998047 51.09991455078125 167.00096130371094 79.97702026367188
frog 0.99839157 31.13559341430664 28.134483337402344 62.92496109008789 59.92424774169922
frog 0.99837905 68.09236145019531 180.1023712158203 99.99070739746094 211.83311462402344
bird 0.9978854 65.98406219482422 87.00917053222656 91.9924545288086 113.09996032714844
ship 0.9976519 106.07963562011719 171.0393829345703 140.8834991455078 206.03163146972656
deer 0.9973718 81.82566833496094 120.31780242919922 114.08883666992188 151.84266662597656
deer 0.9971001 64.90807342529297 215.9799041748047 87.07793426513672 238.04444885253906
frog 0.99579036 47.943687438964844 137.90797424316406 77.00970458984375 167.16017150878906
cat 0.9948807 12.041401863098145 136.0533447265625 27.85107421875 152.08010864257812
bird 0.98675513 204.0962677001953 23.998973846435547 229.98377990722656 50.17155838012695
deer 0.9815657 173.1759796142578 213.021240234375 207.9982452392578 247.86810302734375
deer 0.98134553 213.15296936035156 141.07388305664062 232.0794219970703 160.01409912109375
dog 0.9553438 210.99134826660156 109.10424041748047 237.03041076660156 134.75009155273438
bird 0.8280145 0.9065847396850586 3.249258041381836 19.999984741210938 22.202590942382812
deer 0.8227384 154.13983154296875 148.9362335205078 191.89456176757812 186.82835388183594
truck 0.6290905 203.9855499267578 56.99123764038086 233.1343536376953 86.0206298828125
deer 0.5705413 0.9837160110473633 3.0426206588745117 20.04083251953125 22.12279510498047
dog 0.30115533 33.02021789550781 94.13539123535156 54.77445983886719 115.95591735839844
cat 0.27786142 33.02492141723633 94.283203125 54.59507369995117 115.98905944824219
truck 0.23254961 153.57257080078125 148.5919647216797 191.61160278320312 187.01002502441406
frog 0.2267355 33.04595947265625 94.14238739013672 54.80577850341797 116.03633880615234
airplane 0.21716943 154.08294677734375 149.01315307617188 191.89340209960938 186.78085327148438
bird 0.20743608 154.08294677734375 149.01315307617188 191.89340209960938 186.78085327148438
