automobile 0.99878407 61.975074768066406 7.148039817810059 91.0969467163086 35.77283477783203
airplane 0.99831605 170.17266845703125 39.96022033691406 202.1329345703125 72.12468719482422
dog 0.9979192 194.28775024414062 214.01663208007812 225.98635864257812 246.05548095703125
truck 0.9979123 10.045097351074219 68.20439147949219 48.07059097290039 105.84306335449219
dog 0.99715126 210.05215454101562 19.319271087646484 239.07232666015625 47.8809700012207
bird 0.99648106 143.08299255371094 91.26427459716797 180.9947967529297 129.207763671875
airplane 0.9947538 156.1077423095703 216.00308227539062 190.9254608154297 251.15109252929688
deer 0.99170554 110.18122863769531 163.21725463867188 147.99839782714844 201.05245971679688
ship 0.9911256 70.06364440917969 205.11172485351562 98.93463134765625 234.031982421875
bird 0.9869623 7.943577766418457 35.056785583496094 34.070648193359375 60.96055603027344
airplane 0.98671424 175.03628540039062 183.07179260253906 194.07711791992188 201.9454803466797
automobile 0.98475766 15.977237701416016 151.0578155517578 54.084842681884766 188.7073516845703
airplane 0.97728616 61.056339263916016 60.14258575439453 86.9406509399414 86.18119049072266
frog 0.95532435 88.902099609375 70.916259765625 105.13600158691406 87.05015563964844
cat 0.952143 87.99566650390625 125.04203033447266 122.93367004394531 159.958740234375
airplane 0.9311839 57.151336669921875 137.97084045410156 82.94224548339844 164.1240997314453
deer 0.91377455 194.12835693359375 96.00396728515625 225.92404174804688 128.07957458496094
cat 0.7920089 108.03700256347656 39.18196105957031 143.09718322753906 74.1924057006836
deer 0.68664837 21.889633178710938 197.92066955566406 48.01283264160156 224.18833923339844
airplane 0.6296896 21.889633178710938 197.92066955566406 48.01283264160156 224.18833923339844
dog 0.6229322 107.95928955078125 39.19917297363281 143.03326416015625 74.25318908691406
truck 0.4118394 200.98692321777344 77.52935791015625 220.1426239013672 93.44854736328125
frog 0.38221058 194.17544555664062 95.9423599243164 225.9451904296875 128.0315704345703
frog 0.34186053 87.99925231933594 125.15985107421875 122.87789916992188 159.92532348632812
deer 0.32147962 7.943577766418457 35.056785583496094 34.070648193359375 60.96055603027344
automobile 0.24163127 70.06364440917969 205.11172485351562 98.93463134765625 234.031982421875
