airplane 0.9991431 137.16920471191406 179.95584106445312 166.1797637939453 208.99691772460938
airplane 0.99883056 103.88340759277344 76.113037109375 133.0787811279297 105.13607788085938
bird 0.9985369 188.9785614013672 38.99229431152344 218.08860778808594 68.07245635986328
truck 0.9978683 148.98709106445312 73.04032135009766 168.02700805664062 91.9630355834961
cat 0.9950409 83.14672088623047 128.16754150390625 111.9807357788086 157.0887451171875
dog 0.99465406 38.89890670776367 135.9722442626953 73.89967346191406 170.8159637451172
automobile 0.9907012 49.03517150878906 5.9539794921875 86.94679260253906 44.08181381225586
frog 0.98701656 212.00868225097656 139.98211669921875 246.8539276123047 174.95208740234375
automobile 0.98000604 26.15703773498535 18.170259475708008 47.757179260253906 40.08721160888672
frog 0.9718356 16.03536605834961 205.9784698486328 31.995677947998047 222.12657165527344
frog 0.963323 159.01634216308594 130.0878448486328 178.05995178222656 148.98387145996094
automobile 0.9509038 44.04351043701172 83.92201232910156 79.04586029052734 119.06158447265625
automobile 0.89294815 111.04444885253906 35.957157135009766 130.04574584960938 54.999637603759766
truck 0.8568917 119.05491638183594 0.7849483489990234 134.96263122558594 17.041433334350586
deer 0.80830467 214.14549255371094 6.628787040710449 236.05738830566406 28.08271026611328
dog 0.7264003 194.12655639648438 7.2640485763549805 212.82717895507812 26.098506927490234
dog 0.68488663 167.09120178222656 176.167724609375 182.93678283691406 191.92446899414062
bird 0.66683745 175.20068359375 82.86238098144531 204.02084350585938 111.80441284179688
automobile 0.6312797 119.05491638183594 0.7849483489990234 134.96263122558594 17.041433334350586
dog 0.62455887 175.1995391845703 82.84449768066406 204.00965881347656 111.84037780761719
bird 0.5917662 214.14549255371094 6.628787040710449 236.05738830566406 28.08271026611328
truck 0.5541465 86.0514144897461 177.08489990234375 121.08928680419922 211.9530029296875
airplane 0.5193872 86.04061889648438 177.00120544433594 120.9439697265625 212.08885192871094
cat 0.51290786 86.04061889648438 177.00120544433594 120.9439697265625 212.08885192871094
cat 0.48992985 194.12655639648438 7.2640485763549805 212.82717895507812 26.098506927490234
airplane 0.47285855 167.09120178222656 176.167724609375 182.93678283691406 191.92446899414062
bird 0.3314696 194.12655639648438 7.2640485763549805 212.82717895507812 26.098506927490234
truck 0.31320453 111.04444885253906 35.957157135009766 130.04574584960938 54.999637603759766
ship 0.25410873 194.12655639648438 7.2640485763549805 212.82717895507812 26.098506927490234
cat 0.2516756 175.20068359375 82.86238098144531 204.02084350585938 111.80441284179688
airplane 0.24383003 44.024925231933594 83.90765380859375 79.10496520996094 119.14433288574219
automobile 0.23606232 194.12655639648438 7.2640485763549805 212.82717895507812 26.098506927490234
truck 0.22132403 44.013816833496094 83.98090362548828 79.09577941894531 119.1089859008789
