ship 0.9987643 71.07129669189453 203.91769409179688 93.31278228759766 226.03121948242188
dog 0.99854445 201.1667938232422 205.86143493652344 229.90855407714844 234.9545135498047
automobile 0.9972148 205.22830200195312 101.07378387451172 237.08041381835938 133.02818298339844
dog 0.9969487 51.04093933105469 11.0328369140625 86.08444213867188 46.11875534057617
frog 0.9964422 48.98143005371094 62.01390075683594 71.05332946777344 84.073974609375
ship 0.99578285 45.983360290527344 156.0470428466797 72.09672546386719 181.83082580566406
airplane 0.9951946 51.065330505371094 98.06949615478516 79.82904815673828 127.21623992919922
automobile 0.9937757 194.02073669433594 0.7361469268798828 226.0292205810547 32.97059631347656
truck 0.9901417 147.0216064453125 138.0208740234375 169.01739501953125 159.98880004882812
truck 0.98769164 180.1312713623047 173.1199493408203 209.0406036376953 201.76219177246094
bird 0.98729646 141.0559844970703 47.157020568847656 175.98597717285156 82.05426788330078
truck 0.9838517 26.025497436523438 26.091445922851562 47.942169189453125 48.04521179199219
deer 0.9594803 94.09330749511719 194.04124450683594 129.13804626464844 228.8468475341797
automobile 0.9175252 96.1612319946289 157.14443969726562 118.02205657958984 179.03109741210938
bird 0.9119437 1.798262596130371 124.13292694091797 23.99673080444336 146.05992126464844
dog 0.8903463 83.5915756225586 91.21942138671875 121.97992706298828 129.1314239501953
bird 0.72157204 101.98432922363281 71.17988586425781 121.02677917480469 89.94912719726562
truck 0.6210084 96.31292724609375 156.9838104248047 118.08291625976562 179.0983428955078
airplane 0.59489477 171.0393829345703 98.02037048339844 187.0183563232422 114.01060485839844
frog 0.53174806 101.98432922363281 71.17988586425781 121.02677917480469 89.94912719726562
deer 0.4298714 1.798262596130371 124.13292694091797 23.99673080444336 146.05992126464844
deer 0.33773586 171.10205078125 98.0077896118164 186.969970703125 113.9850845336914
cat 0.3284226 101.98432922363281 71.17988586425781 121.02677917480469 89.94912719726562
airplane 0.2348102 94.16313934326172 194.03082275390625 128.93614196777344 228.77462768554688
cat 0.21525678 83.40196228027344 90.96807861328125 122.25509643554688 129.29051208496094
dog 0.21126238 2.0796966552734375 124.08602905273438 24.079011917114258 146.05657958984375
