ship 0.99869627 112.8570556640625 206.11810302734375 151.02093505859375 244.22158813476562
truck 0.99862415 25.17509651184082 126.15650939941406 59.882789611816406 161.0048065185547
frog 0.9982587 100.36444854736328 79.05005645751953 132.0474090576172 110.9461441040039
truck 0.9981482 144.03933715820312 113.17272186279297 176.102294921875 144.98504638671875
truck 0.9960654 61.11698913574219 37.96868896484375 95.96803283691406 73.0188980102539
truck 0.99592364 66.89527893066406 127.7550048828125 101.93464660644531 163.05078125
truck 0.9947767 81.1805419921875 191.27236938476562 106.77268981933594 217.01779174804688
frog 0.99469125 127.95687103271484 28.021560668945312 147.01278686523438 47.08472442626953
dog 0.9899584 41.04885482788086 169.17303466796875 75.89253234863281 203.99176025390625
airplane 0.9807304 56.938377380371094 87.05757141113281 94.8540267944336 125.00584411621094
bird 0.97027755 188.00843811035156 82.0947265625 220.11512756347656 114.05638122558594
bird 0.96840733 54.100006103515625 3.0403213500976562 76.00714111328125 25.189104080200195
cat 0.9495156 158.9774627685547 3.2003231048583984 181.03321838378906 25.053180694580078
deer 0.8454235 200.88392639160156 122.9710693359375 235.78245544433594 158.03030395507812
dog 0.7835926 208.0923309326172 22.234691619873047 237.1090850830078 51.1846809387207
airplane 0.77250963 166.07513427734375 153.08865356445312 184.97946166992188 172.39263916015625
ship 0.731423 166.11090087890625 153.0095672607422 184.93399047851562 172.2941131591797
deer 0.57687473 195.17758178710938 56.792640686035156 214.24758911132812 75.32169342041016
frog 0.44283628 188.07626342773438 82.02075958251953 219.95791625976562 114.07434844970703
deer 0.38277167 141.17941284179688 59.956546783447266 176.1138916015625 94.92236328125
cat 0.31482625 195.17758178710938 56.792640686035156 214.24758911132812 75.32169342041016
ship 0.307571 159.14364624023438 3.2204504013061523 181.07037353515625 25.018531799316406
bird 0.29554904 208.0923309326172 22.234691619873047 237.1090850830078 51.1846809387207
dog 0.27981102 159.14364624023438 3.2204504013061523 181.07037353515625 25.018531799316406
cat 0.2792415 208.0923309326172 22.234691619873047 237.1090850830078 51.1846809387207
bird 0.27620298 159.14364624023438 3.2204504013061523 181.07037353515625 25.018531799316406
frog 0.2599876 195.17758178710938 56.792640686035156 214.24758911132812 75.32169342041016
frog 0.25397295 159.14364624023438 3.2204504013061523 181.07037353515625 25.018531799316406
dog 0.23742148 195.17758178710938 56.792640686035156 214.24758911132812 75.32169342041016
truck 0.20700207 195.17758178710938 56.792640686035156 214.24758911132812 75.32169342041016
ship 0.20446208 195.191650390625 56.76029586791992 214.00601196289062 75.19290161132812
