automobile 0.9978994 197.0272979736328 209.1480712890625 215.9881134033203 227.9705810546875
dog 0.99715734 4.964409828186035 16.24964141845703 34.154052734375 45.00807189941406
ship 0.9961815 211.11875915527344 171.12229919433594 243.0135040283203 203.07273864746094
frog 0.99144644 143.15748596191406 160.15185546875 177.96665954589844 194.87640380859375
automobile 0.989617 79.89131164550781 89.95526123046875 118.167724609375 127.98736572265625
frog 0.985939 190.0804901123047 83.99310302734375 224.92555236816406 119.09114074707031
bird 0.9828429 98.92198181152344 37.059471130371094 136.98904418945312 74.84020233154297
dog 0.9811023 211.17161560058594 51.0586051940918 236.8219451904297 76.63081359863281
bird 0.95089376 187.2080078125 134.0635986328125 215.97158813476562 162.91632080078125
airplane 0.9400687 162.03720092773438 28.04486083984375 181.01348876953125 46.96812438964844
dog 0.905187 63.06903839111328 4.968820571899414 95.33866119384766 37.10900115966797
dog 0.7886244 46.16276550292969 191.0039825439453 83.998046875 229.0379180908203
dog 0.78442335 94.02690887451172 172.91580200195312 112.94087982177734 190.91983032226562
ship 0.7537781 18.05154800415039 46.095947265625 39.94536590576172 68.07502746582031
airplane 0.7050078 18.080888748168945 115.98551940917969 46.93644714355469 145.08082580566406
bird 0.7013838 46.279319763183594 191.02561950683594 84.01810455322266 228.84056091308594
cat 0.59743977 56.06251525878906 142.1607666015625 75.04168701171875 160.9034423828125
frog 0.5819818 121.94160461425781 87.1121597290039 151.0134735107422 116.10311126708984
cat 0.5524832 93.99371337890625 173.4998779296875 113.02163696289062 191.00347900390625
frog 0.42048165 56.062644958496094 142.13795471191406 75.04340362548828 160.8943634033203
truck 0.38076234 18.110084533691406 45.946170806884766 39.88481140136719 67.62651062011719
cat 0.3663844 121.9889907836914 87.00836944580078 151.121826171875 116.1119155883789
deer 0.35677207 162.03720092773438 28.04486083984375 181.01348876953125 46.96812438964844
deer 0.3146751 56.110870361328125 142.01145935058594 75.01370239257812 160.98118591308594
truck 0.30272 162.03720092773438 28.04486083984375 181.01348876953125 46.96812438964844
cat 0.24396276 46.236724853515625 191.08836364746094 83.99784851074219 228.9600372314453
bird 0.23701382 56.110870361328125 142.01145935058594 75.01370239257812 160.98118591308594
airplane 0.21088085 18.243873596191406 45.922367095947266 40.02728271484375 67.71223449707031
deer 0.21041822 187.22488403320312 134.0983428955078 215.9605712890625 162.9279022216797
truck 0.2089952 63.06903839111328 4.968820571899414 95.33866119384766 37.10900115966797
