truck 0.99970675 101.1418228149414 209.9827117919922 119.96395111083984 228.95738220214844
bird 0.9990462 27.059032440185547 117.021728515625 56.00065231323242 146.56689453125
automobile 0.99869907 162.9210968017578 49.118289947509766 184.95274353027344 71.14952087402344
ship 0.99856794 109.10183715820312 111.06449127197266 127.87771606445312 130.0636749267578
airplane 0.9965909 108.00064849853516 41.06230163574219 130.11544799804688 63.112464904785156
truck 0.9962138 76.9697494506836 69.04082489013672 114.90637969970703 107.04051971435547
frog 0.99525493 93.10137939453125 5.047791481018066 115.01283264160156 27.098331451416016
truck 0.99479264 9.966508865356445 42.00379943847656 47.885231018066406 79.88323974609375
frog 0.9928037 121.01984405517578 164.978759765625 156.08596801757812 199.90899658203125
automobile 0.9589945 65.07562255859375 1.0718717575073242 84.00526428222656 19.942615509033203
frog 0.9512486 0.8635625839233398 208.1925811767578 29.896770477294922 237.04295349121094
cat 0.945651 163.27703857421875 212.42257690429688 186.28518676757812 235.06097412109375
airplane 0.9341744 172.05433654785156 79.02848815917969 206.8615264892578 113.96324157714844
automobile 0.9321257 94.03486633300781 143.04534912109375 113.04957580566406 161.87869262695312
frog 0.81875867 136.9504852294922 22.075637817382812 158.9748992919922 43.97322082519531
bird 0.7048998 26.217241287231445 147.36073303222656 45.14990997314453 165.9344024658203
ship 0.68687844 59.98004150390625 32.11168670654297 94.8616943359375 66.80535125732422
cat 0.6543342 206.06556701660156 119.33708190917969 234.9946746826172 147.96131896972656
bird 0.6167262 60.048805236816406 32.00804901123047 94.84232330322266 66.96954345703125
frog 0.54503065 22.09881591796875 182.10354614257812 43.993995666503906 204.11572265625
cat 0.5369859 186.00827026367188 36.925960540771484 215.0458984375 66.11558532714844
automobile 0.5044079 22.16382598876953 181.97103881835938 44.28948211669922 204.25106811523438
frog 0.48737746 185.96290588378906 37.04258346557617 214.99195861816406 66.3030776977539
truck 0.46646476 94.03486633300781 143.04534912109375 113.04957580566406 161.87869262695312
deer 0.41567126 206.06394958496094 119.31217956542969 234.9967498779297 147.9052276611328
truck 0.412719 22.09881591796875 182.10354614257812 43.993995666503906 204.11572265625
ship 0.36513177 26.214313507080078 147.36611938476562 45.05306625366211 165.90823364257812
automobile 0.34706497 26.15816879272461 147.2571563720703 45.098026275634766 165.9347381591797
bird 0.34396797 65.07562255859375 1.0718717575073242 84.00526428222656 19.942615509033203
ship 0.30545384 22.094581604003906 182.12200927734375 44.04084014892578 204.05621337890625
airplane 0.28083456 65.07562255859375 1.0718717575073242 84.00526428222656 19.942615509033203
ship 0.27996263 65.08624267578125 0.9751729965209961 83.95967102050781 20.068954467773438
cat 0.2344403 22.09881591796875 182.10354614257812 43.993995666503906 204.11572265625
bird 0.22460687 0.8201513290405273 208.08580017089844 29.99737548828125 237.02833557128906
ship 0.22021013 172.0979461669922 79.07621765136719 206.9529266357422 113.91120910644531
