ship 0.9993453 178.03138732910156 77.06297302246094 200.03050231933594 98.95672607421875
ship 0.99906254 144.98719787597656 213.89810180664062 170.95899963378906 240.078369140625
frog 0.99898833 200.15756225585938 10.058198928833008 232.02471923828125 41.9852294921875
truck 0.99800444 138.12828063964844 130.04306030273438 157.06971740722656 149.02880859375
frog 0.99625313 148.05191040039062 52.14641571044922 173.9327392578125 78.1771469116211
frog 0.99455255 145.022216796875 159.0609588623047 179.8106689453125 193.8960418701172
cat 0.98691803 103.00155639648438 138.16258239746094 131.98443603515625 167.1228790283203
cat 0.9866967 181.19024658203125 148.1046600341797 209.97674560546875 177.1551055908203
deer 0.98373973 18.022266387939453 104.0672607421875 46.93479537963867 133.13961791992188
automobile 0.9810482 40.084449768066406 141.41436767578125 59.202171325683594 159.98654174804688
cat 0.9786928 65.05199432373047 68.04861450195312 100.12874603271484 103.23826599121094
cat 0.9759119 7.147451400756836 62.04920196533203 36.014869689941406 90.9779281616211
truck 0.9634579 62.10533142089844 147.02963256835938 97.03689575195312 181.90414428710938
deer 0.9529936 20.079256057739258 4.000243186950684 52.12946319580078 35.99653244018555
bird 0.9212941 213.22579956054688 85.78687286376953 239.01263427734375 112.14595794677734
bird 0.9143566 20.007997512817383 203.945556640625 36.12568664550781 219.98348999023438
deer 0.8371778 109.18241882324219 6.0738115310668945 135.0384063720703 32.25041961669922
dog 0.7696015 215.03811645507812 210.06781005859375 236.94509887695312 232.05520629882812
dog 0.6710271 116.10152435302734 81.08731842041016 151.0604248046875 115.80834197998047
bird 0.61336374 215.10940551757812 210.03741455078125 236.92037963867188 232.01657104492188
dog 0.45687807 213.22579956054688 85.78687286376953 239.01263427734375 112.14595794677734
ship 0.40801507 19.977779388427734 203.9099578857422 36.096473693847656 219.9583282470703
deer 0.40080833 19.983877182006836 203.99769592285156 36.02265930175781 220.0111541748047
dog 0.324526 40.0598030090332 141.1169891357422 59.24178695678711 160.01194763183594
cat 0.29068476 20.079256057739258 4.000243186950684 52.12946319580078 35.99653244018555
truck 0.2710793 116.10152435302734 81.08731842041016 151.0604248046875 115.80834197998047
dog 0.24037966 109.18241882324219 6.0738115310668945 135.0384063720703 32.25041961669922
ship 0.21587622 215.12889099121094 209.98812866210938 236.9833526611328 232.01690673828125
deer 0.2009145 62.04310607910156 147.21844482421875 97.03248596191406 182.0543212890625
deer 0.20073798 213.09597778320312 85.81189727783203 238.93719482421875 112.25457000732422
