airplane 0.99902976 108.11741638183594 87.07026672363281 139.9993438720703 118.95463562011719
bird 0.9987762 140.08584594726562 216.0126953125 162.0074462890625 238.08163452148438
frog 0.9982719 214.9369659423828 1.1212158203125 246.84278869628906 32.725894927978516
truck 0.9969437 154.0521240234375 4.972478866577148 192.08639526367188 42.90562438964844
bird 0.99584293 147.9202423095703 59.13202667236328 180.20375061035156 91.07721710205078
airplane 0.9950483 66.03514862060547 51.06193542480469 103.96439361572266 89.1033935546875
bird 0.9927324 200.038818359375 140.99716186523438 235.01528930664062 176.11441040039062
cat 0.9919691 42.926124572753906 186.07131958007812 80.9981689453125 224.03329467773438
frog 0.9905222 9.027618408203125 32.01036071777344 46.922157287597656 70.036376953125
deer 0.98986137 4.033190727233887 215.04150390625 25.95208740234375 237.07821655273438
dog 0.9782783 99.06175994873047 148.94171142578125 137.0556182861328 187.10348510742188
dog 0.96743846 185.4445343017578 85.97404479980469 219.9072723388672 120.90162658691406
automobile 0.95780766 205.99757385253906 182.30636596679688 224.9552459716797 200.86666870117188
ship 0.9483938 61.02885055541992 14.096901893615723 82.99055480957031 36.024269104003906
dog 0.8904387 141.03866577148438 174.03656005859375 172.8477783203125 205.99929809570312
bird 0.8691998 141.03866577148438 174.03656005859375 172.8477783203125 205.99929809570312
cat 0.76218605 157.0850067138672 118.07682037353516 173.0380401611328 134.08193969726562
dog 0.65724444 64.07833099365234 145.99221801757812 83.08238983154297 164.93109130859375
airplane 0.6527207 61.05077362060547 14.044013977050781 82.98908233642578 36.070831298828125
bird 0.5449827 64.0563735961914 146.0421905517578 83.04039764404297 164.94813537597656
ship 0.46793243 206.13526916503906 182.0839080810547 224.9064178466797 200.84104919433594
truck 0.41562772 15.892158508300781 79.25755310058594 41.969993591308594 104.75270080566406
ship 0.3825152 64.00946044921875 145.95675659179688 83.10800170898438 164.98577880859375
deer 0.26826712 157.11724853515625 118.06851196289062 172.9979248046875 134.0555419921875
cat 0.26094103 64.00946044921875 145.95675659179688 83.10800170898438 164.98577880859375
dog 0.24951118 206.08982849121094 182.23060607910156 224.9544219970703 200.84324645996094
ship 0.23592952 157.15647888183594 118.11566162109375 172.98912048339844 134.08213806152344
dog 0.2334128 157.01504516601562 118.08450317382812 172.8927001953125 134.03106689453125
bird 0.22790754 157.15647888183594 118.11566162109375 172.98912048339844 134.08213806152344
