bird 0.99909186 202.96810913085938 35.072933197021484 231.99990844726562 63.8901481628418
ship 0.998737 15.932390213012695 176.9568634033203 45.00553894042969 205.5177764892578
automobile 0.996909 87.18290710449219 12.0941162109375 125.05670166015625 49.984745025634766
frog 0.9960034 110.03150939941406 55.88417053222656 141.99559020996094 88.03057861328125
ship 0.99579996 2.0651817321777344 207.16378784179688 40.17550277709961 245.07968139648438
dog 0.9823357 6.065769195556641 64.00557708740234 41.005741119384766 98.93962860107422
truck 0.9757167 123.02731323242188 145.06011962890625 157.99041748046875 179.8768310546875
airplane 0.97460353 118.06832885742188 188.95506286621094 137.0304718017578 207.99656677246094
bird 0.9417572 192.12017822265625 183.2073516845703 218.04721069335938 209.0048065185547
cat 0.93160236 186.156494140625 210.0903778076172 218.10617065429688 241.98155212402344
bird 0.92422545 126.10482788085938 108.09152221679688 142.04965209960938 124.03646850585938
cat 0.91144687 89.0706558227539 215.0302276611328 126.9717788696289 252.9949493408203
airplane 0.88818926 182.98388671875 67.93446350097656 205.00338745117188 90.07040405273438
dog 0.8757639 169.8396453857422 144.88131713867188 186.05174255371094 160.93856811523438
ship 0.85819745 48.93406677246094 109.12821197509766 84.09877014160156 144.01547241210938
truck 0.8401247 155.13052368164062 23.990509033203125 192.94412231445312 62.05503845214844
frog 0.7503058 0.01647186279296875 9.913276672363281 22.138187408447266 31.754451751708984
automobile 0.6382938 155.06973266601562 23.93667221069336 192.972900390625 61.964176177978516
truck 0.6130774 70.0433349609375 82.01762390136719 96.07504272460938 107.53672790527344
bird 0.50438344 48.93406677246094 109.12821197509766 84.09877014160156 144.01547241210938
deer 0.44258285 89.0706558227539 215.0302276611328 126.9717788696289 252.9949493408203
deer 0.42849588 52.010032653808594 157.05758666992188 67.97206115722656 172.97225952148438
deer 0.3345843 0.0 9.942805290222168 21.98666763305664 31.960205078125
airplane 0.30844152 48.93406677246094 109.12821197509766 84.09877014160156 144.01547241210938
frog 0.3032704 51.94383239746094 157.0084991455078 68.01497650146484 172.9936981201172
deer 0.30052334 169.7952423095703 144.84275817871094 185.9153289794922 160.96669006347656
dog 0.2845785 52.071502685546875 157.063720703125 68.01329040527344 172.91232299804688
automobile 0.22611651 51.94383239746094 157.0084991455078 68.01497650146484 172.9936981201172
cat 0.2255257 169.8284454345703 144.8378143310547 185.97084045410156 161.02821350097656
bird 0.21583161 70.0433349609375 82.01762390136719 96.07504272460938 107.53672790527344
bird 0.20633247 186.13392639160156 210.23915100097656 218.00645446777344 242.05921936035156
cat 0.20469752 186.10223388671875 97.00422668457031 218.03842163085938 129.12545776367188
