frog 0.998826 4.067295074462891 111.24864196777344 36.22171401977539 142.9235382080078
frog 0.99847317 61.04436492919922 158.32286071777344 89.9634780883789 187.0787811279297
truck 0.9948754 191.11683654785156 215.9241943359375 228.9394073486328 254.09017944335938
frog 0.99426186 202.07009887695312 117.9273452758789 237.010498046875 153.02359008789062
airplane 0.9941831 48.091121673583984 32.94624710083008 70.06692504882812 54.99445724487305
frog 0.9935887 134.06744384765625 35.11714172363281 169.01278686523438 70.12681579589844
dog 0.9924321 118.97295379638672 123.21025848388672 153.9459228515625 157.96841430664062
airplane 0.99147177 34.02693557739258 86.096435546875 55.966304779052734 108.00320434570312
truck 0.98945117 6.089323043823242 145.88714599609375 38.146728515625 178.18890380859375
truck 0.9888183 132.03541564941406 18.033639907836914 148.06825256347656 33.68217468261719
airplane 0.9836502 108.93772888183594 170.96890258789062 147.0537109375 208.96646118164062
truck 0.98157454 13.064260482788086 200.0682373046875 42.057289123535156 228.98095703125
ship 0.9787643 174.06744384765625 118.96033477783203 195.99728393554688 141.0350341796875
deer 0.9703423 177.02386474609375 33.12063217163086 215.01156616210938 71.06678771972656
cat 0.9518458 103.91419982910156 68.0804214477539 130.07456970214844 94.08580780029297
airplane 0.83366615 74.09809875488281 198.2600555419922 102.98631286621094 227.2186737060547
truck 0.78399235 74.07505798339844 198.25157165527344 102.97035217285156 227.2687225341797
dog 0.60989046 208.94839477539062 95.09449768066406 224.97991943359375 110.91432189941406
frog 0.59270793 71.11427307128906 32.10966873168945 93.02873229980469 53.95673751831055
cat 0.53656393 71.11427307128906 32.10966873168945 93.02873229980469 53.95673751831055
deer 0.51259273 174.00726318359375 118.90835571289062 196.00418090820312 140.86822509765625
automobile 0.36872786 108.98863983154297 170.95433044433594 147.09951782226562 208.99473571777344
bird 0.35154378 70.98479461669922 32.09648132324219 92.96979522705078 53.99714660644531
bird 0.31793994 174.00726318359375 118.90835571289062 196.00418090820312 140.86822509765625
bird 0.26931605 208.89065551757812 95.0614013671875 224.93099975585938 110.95182800292969
deer 0.24134347 71.15643310546875 32.21220397949219 92.96354675292969 53.96516418457031
ship 0.24039957 132.0015106201172 18.012371063232422 148.0724639892578 33.69234085083008
dog 0.2330063 71.15643310546875 32.21220397949219 92.96354675292969 53.96516418457031
truck 0.23003805 82.0001449584961 72.03968811035156 97.93814849853516 88.12736511230469
ship 0.2018151 13.064260482788086 200.0682373046875 42.057289123535156 228.98095703125
