truck 0.9986352 126.18267059326172 147.160400390625 155.02191162109375 175.94869995117188
automobile 0.9966274 58.055686950683594 67.06647491455078 95.93891143798828 105.01183319091797
dog 0.99650383 36.15223693847656 127.93150329589844 65.04097747802734 156.89988708496094
automobile 0.9957712 16.040557861328125 19.97467803955078 51.03685760498047 55.02149200439453
dog 0.99557877 28.063934326171875 176.99107360839844 63.08252716064453 212.1367950439453
automobile 0.9955706 196.08108520507812 99.2450180053711 230.97763061523438 133.9840545654297
deer 0.9907402 110.19845581054688 193.0950927734375 136.06358337402344 218.93551635742188
dog 0.9892963 211.155029296875 30.12368392944336 242.96231079101562 62.01057052612305
ship 0.97584856 167.19662475585938 138.10775756835938 188.96151733398438 160.02761840820312
ship 0.95797014 175.96592712402344 22.02633285522461 202.0964813232422 48.10786056518555
cat 0.92624193 27.985294342041016 212.97418212890625 57.13649368286133 241.99789428710938
cat 0.9045041 184.231689453125 196.07440185546875 221.83181762695312 233.919921875
dog 0.8810784 162.02166748046875 105.06088256835938 184.00030517578125 126.96400451660156
cat 0.8426144 54.94248962402344 12.903776168823242 70.9327392578125 28.992971420288086
cat 0.7821685 153.094482421875 3.9201087951660156 171.99203491210938 22.96289825439453
dog 0.75087315 115.27558898925781 104.03248596191406 153.34312438964844 142.2694549560547
airplane 0.7367321 208.0151824951172 159.10687255859375 240.0131378173828 191.2135009765625
frog 0.6527123 162.04698181152344 105.10691833496094 184.0961151123047 126.98336791992188
ship 0.6320808 153.094482421875 3.9201087951660156 171.99203491210938 22.96289825439453
frog 0.5789584 54.83030319213867 12.951274871826172 71.05162811279297 29.10757064819336
cat 0.5180916 115.26570129394531 104.09375762939453 153.11061096191406 142.1087646484375
truck 0.4890357 175.82220458984375 22.105846405029297 202.14886474609375 48.02957534790039
cat 0.46109924 90.07727813720703 127.97232055664062 109.01300811767578 147.06536865234375
frog 0.38828468 27.985294342041016 212.97418212890625 57.13649368286133 241.99789428710938
bird 0.37452927 184.231689453125 196.07440185546875 221.83181762695312 233.919921875
truck 0.33857805 180.8602752685547 51.960357666015625 207.0929718017578 78.08419799804688
airplane 0.32300404 167.26904296875 138.26287841796875 189.0335693359375 159.93255615234375
bird 0.25807223 90.01850128173828 127.99409484863281 108.94405364990234 147.0166473388672
deer 0.24325511 90.0106201171875 128.04298400878906 108.9949951171875 147.06163024902344
