automobile 0.9987136 78.06559753417969 129.00196838378906 99.88993835449219 150.9252471923828
airplane 0.99859715 109.1882553100586 107.01478576660156 131.0198211669922 128.9443817138672
airplane 0.9985135 64.9714126586914 188.192138671875 96.99523162841797 219.794677734375
airplane 0.998448 63.811439514160156 91.9535903930664 93.0527114868164 121.00711822509766
airplane 0.9965403 151.048583984375 153.18466186523438 186.20315551757812 188.04653930664062
ship 0.9964081 71.93606567382812 54.23677444458008 106.86956787109375 88.67108154296875
deer 0.9958793 19.98695182800293 64.93677520751953 52.04768371582031 96.9657211303711
airplane 0.9935851 117.03968811035156 5.005284309387207 139.0363311767578 27.04523468017578
cat 0.9922519 169.08453369140625 36.98564529418945 207.09066772460938 75.13127136230469
automobile 0.99069643 28.106517791748047 111.9656982421875 47.018680572509766 131.11709594726562
cat 0.9899998 145.2498016357422 205.09820556640625 174.07090759277344 233.67208862304688
truck 0.9803869 111.12981414794922 214.86036682128906 142.9134979248047 246.8695526123047
deer 0.94281447 142.07615661621094 101.06088256835938 171.0592498779297 130.0596923828125
airplane 0.93896306 122.89640808105469 61.183197021484375 158.10963439941406 96.12841796875
frog 0.93790823 212.9672393798828 212.06907653808594 239.08201599121094 238.2324676513672
frog 0.86156476 185.01629638671875 216.05111694335938 203.93768310546875 235.00714111328125
automobile 0.80377156 122.99015808105469 40.0331916809082 142.17564392089844 59.22700881958008
truck 0.44243947 123.1208267211914 40.13859939575195 142.02500915527344 59.391048431396484
cat 0.38224167 185.01629638671875 216.05111694335938 203.93768310546875 235.00714111328125
truck 0.30430934 37.29589080810547 149.4356689453125 74.61396789550781 187.19049072265625
dog 0.2862513 111.12981414794922 214.86036682128906 142.9134979248047 246.8695526123047
cat 0.21752009 111.1104965209961 214.87628173828125 142.92332458496094 246.91012573242188
truck 0.21684688 185.01629638671875 216.05111694335938 203.93768310546875 235.00714111328125
bird 0.21347618 191.13919067382812 153.01617431640625 212.93231201171875 175.09249877929688
