ship 0.99893415 192.9519500732422 100.04154968261719 219.15040588378906 125.91294860839844
truck 0.997929 196.98573303222656 145.0596923828125 232.13157653808594 180.08575439453125
airplane 0.99755764 149.89927673339844 161.0902557373047 176.0382537841797 186.99351501464844
automobile 0.99697995 31.044939041137695 212.0347900390625 62.98333740234375 243.96328735351562
truck 0.99690163 174.42945861816406 38.009620666503906 206.0466766357422 70.01856231689453
airplane 0.9960616 125.03547668457031 90.28135681152344 146.88356018066406 111.72367858886719
airplane 0.99493706 95.98487091064453 111.0063247680664 117.96138763427734 132.96971130371094
automobile 0.99471873 45.04200744628906 29.01285171508789 63.931671142578125 48.00944137573242
bird 0.9945436 88.09973907470703 137.07847595214844 114.1291275024414 162.98292541503906
airplane 0.99333763 84.07008361816406 12.009658813476562 119.01133728027344 46.992393493652344
airplane 0.9851887 26.14047622680664 53.926063537597656 52.17720413208008 79.92163848876953
deer 0.9821954 5.075038909912109 96.14197540283203 43.07682418823242 133.81680297851562
truck 0.9813919 138.0551300048828 49.02742004394531 172.88563537597656 83.818115234375
ship 0.93294096 56.94926834106445 99.24724578857422 91.94679260253906 134.01634216308594
frog 0.8635807 128.16241455078125 149.92489624023438 143.97592163085938 165.9866943359375
dog 0.82092184 55.96950149536133 175.12258911132812 75.08648681640625 194.03195190429688
bird 0.64186513 128.18206787109375 149.9016876220703 143.91845703125 165.99620056152344
frog 0.56796515 67.06863403320312 76.03777313232422 89.02421569824219 97.88471221923828
airplane 0.56646407 57.02111053466797 99.19023132324219 92.19518280029297 133.8828125
cat 0.36510968 55.96950149536133 175.12258911132812 75.08648681640625 194.03195190429688
dog 0.33820373 121.91204071044922 121.07111358642578 140.9976348876953 139.98638916015625
deer 0.25763172 26.14047622680664 53.926063537597656 52.17720413208008 79.92163848876953
