frog 0.99856055 70.74369812011719 161.10617065429688 100.09028625488281 190.1923828125
ship 0.9979818 101.06107330322266 131.18035888671875 138.8770294189453 168.90982055664062
bird 0.997265 4.054502487182617 138.0454864501953 36.02372741699219 170.11915588378906
airplane 0.996907 68.96432495117188 34.988651275634766 104.08674621582031 70.08346557617188
automobile 0.994303 168.0669403076172 211.8336944580078 194.96299743652344 240.8392791748047
truck 0.9922589 138.01280212402344 1.0147266387939453 163.71534729003906 27.182292938232422
dog 0.98747694 208.101806640625 151.86776733398438 223.96966552734375 168.07989501953125
bird 0.9851501 66.97577667236328 76.94700622558594 101.9726791381836 112.11740112304688
frog 0.98385376 157.0231170654297 140.89349365234375 186.13368225097656 170.13201904296875
deer 0.9832165 212.9235382080078 176.74935913085938 238.8578338623047 203.04986572265625
airplane 0.9276397 177.84234619140625 52.027915954589844 212.87753295898438 87.00884246826172
bird 0.92361337 115.00007629394531 172.75657653808594 150.1623077392578 207.9115447998047
cat 0.82925415 41.100547790527344 150.92172241210938 67.12481689453125 177.00823974609375
airplane 0.80062544 26.024911880493164 75.25128936767578 47.97477722167969 97.19402313232422
ship 0.78527206 178.02804565429688 52.083045959472656 213.0201416015625 87.03194427490234
automobile 0.71072876 5.945463180541992 5.971076965332031 40.998565673828125 40.974613189697266
frog 0.7036063 41.100547790527344 150.92172241210938 67.12481689453125 177.00823974609375
truck 0.63732433 95.99339294433594 209.0791015625 131.08331298828125 244.1119384765625
airplane 0.6059764 6.01945686340332 6.016876220703125 41.00103759765625 40.978816986083984
airplane 0.56214035 115.06939697265625 172.81883239746094 150.3720703125 208.1020050048828
frog 0.45284995 206.09442138671875 10.951026916503906 227.86767578125 33.058895111083984
bird 0.42574686 26.024911880493164 75.25128936767578 47.97477722167969 97.19402313232422
dog 0.37973356 95.99339294433594 209.0791015625 131.08331298828125 244.1119384765625
cat 0.31856248 206.0124969482422 102.99752044677734 231.9737091064453 129.0182647705078
deer 0.3081441 206.13760375976562 103.0701675415039 232.04843139648438 129.08865356445312
deer 0.2467204 41.100547790527344 150.92172241210938 67.12481689453125 177.00823974609375
deer 0.22640282 26.024911880493164 75.25128936767578 47.97477722167969 97.19402313232422
deer 0.22123575 156.10867309570312 101.15213012695312 194.07568359375 139.19139099121094
bird 0.21869558 156.10867309570312 101.15213012695312 194.07568359375 139.19139099121094
truck 0.21454462 5.9622650146484375 6.04686164855957 40.96171569824219 40.940887451171875
ship 0.20109582 156.09100341796875 101.00459289550781 194.06024169921875 139.2062225341797
