ship 0.99882066 99.09153747558594 124.04690551757812 121.05494689941406 146.08349609375
bird 0.9956093 4.053103446960449 44.961822509765625 22.875072479248047 63.97904968261719
truck 0.9943359 182.11929321289062 165.11404418945312 203.9708251953125 187.16677856445312
deer 0.99418336 2.9612483978271484 88.95455932617188 38.02069091796875 124.02713012695312
frog 0.9940182 103.97407531738281 52.80073165893555 125.86282348632812 72.87718963623047
automobile 0.99333656 4.108975410461426 18.059673309326172 29.81680679321289 43.94868850708008
deer 0.991991 178.08456420898438 55.1180305480957 203.89334106445312 81.1097412109375
frog 0.9919324 141.010986328125 38.0222282409668 176.06546020507812 73.20594787597656
airplane 0.990981 80.05790710449219 214.91815185546875 118.11813354492188 252.88604736328125
deer 0.9832598 105.91358947753906 16.039451599121094 138.03976440429688 48.167991638183594
dog 0.96735525 214.22802734375 186.9739227294922 248.93353271484375 221.93556213378906
airplane 0.95314705 119.05494689941406 78.96321105957031 157.03184509277344 116.93377685546875
dog 0.92230463 73.14332580566406 78.2056884765625 110.93415832519531 116.0396728515625
deer 0.90215087 45.11252975463867 38.00566101074219 82.98512268066406 76.15870666503906
deer 0.82755333 209.01913452148438 106.10970306396484 244.126220703125 140.73208618164062
cat 0.73200893 106.97201538085938 180.1638946533203 136.10968017578125 209.12513732910156
deer 0.6044015 31.059358596801758 185.021728515625 49.886268615722656 204.082763671875
frog 0.6018685 106.88615417480469 180.1294403076172 136.01953125 209.0845489501953
deer 0.5204816 119.05494689941406 78.96321105957031 157.03184509277344 116.93377685546875
bird 0.28545892 44.8302116394043 38.140357971191406 82.85580444335938 76.14421844482422
truck 0.24755362 208.94117736816406 105.92535400390625 244.10682678222656 140.5409393310547
bird 0.2278553 73.15504455566406 78.1021499633789 110.93290710449219 115.9657211303711
