truck 0.99763966 98.96345520019531 131.21951293945312 125.0089111328125 156.99856567382812
dog 0.99745935 157.22520446777344 97.06082153320312 189.05210876464844 129.0264892578125
truck 0.9967775 192.97702026367188 10.944181442260742 231.036865234375 49.141265869140625
dog 0.9961258 32.918251037597656 44.16888427734375 55.20292663574219 66.03081512451172
automobile 0.99332035 85.11045837402344 101.03046417236328 104.00350952148438 119.91423797607422
automobile 0.98727703 76.1015625 205.07113647460938 102.03517150878906 231.132080078125
deer 0.9637277 181.15264892578125 136.30990600585938 203.06365966796875 157.99728393554688
automobile 0.9632486 50.97831344604492 110.92056274414062 67.09059143066406 127.01220703125
truck 0.9623045 187.9967041015625 51.064022064208984 207.10736083984375 70.1015625
cat 0.95609117 0.12636280059814453 145.9210662841797 26.055652618408203 171.98301696777344
airplane 0.8682978 213.95187377929688 92.16267395019531 249.15036010742188 127.03294372558594
airplane 0.8642287 167.08340454101562 203.1932830810547 186.04904174804688 221.98167419433594
airplane 0.8364006 36.067962646484375 76.01158142089844 61.92040252685547 102.12557983398438
bird 0.78233314 133.0327606201172 196.1226043701172 151.98097229003906 214.9922332763672
ship 0.78229344 133.0327606201172 196.1226043701172 151.98097229003906 214.9922332763672
deer 0.7091646 126.19172668457031 149.25799560546875 152.08021545410156 175.01290893554688
automobile 0.6593868 36.067962646484375 76.01158142089844 61.92040252685547 102.12557983398438
cat 0.53157055 126.31627655029297 149.2140655517578 151.98228454589844 175.1126251220703
cat 0.522419 38.0089225769043 144.92544555664062 69.9798355102539 176.90182495117188
frog 0.5081922 38.0089225769043 144.92544555664062 69.9798355102539 176.90182495117188
bird 0.4481173 214.08470153808594 92.05024719238281 249.01182556152344 127.17227172851562
truck 0.3950814 199.06045532226562 192.91519165039062 215.15704345703125 209.0303955078125
dog 0.36968625 199.13372802734375 192.89837646484375 215.01434326171875 209.0328369140625
frog 0.36612085 188.0108642578125 51.09511184692383 207.04959106445312 70.07870483398438
bird 0.30584717 114.03813171386719 76.9591064453125 130.01502990722656 93.03440856933594
airplane 0.27784455 114.03813171386719 76.9591064453125 130.01502990722656 93.03440856933594
dog 0.23051634 50.920379638671875 110.91605377197266 67.15340423583984 126.91864776611328
cat 0.22697529 133.0327606201172 196.1226043701172 151.98097229003906 214.9922332763672
truck 0.2231757 50.968467712402344 110.9588851928711 67.12081909179688 126.9428482055664
dog 0.21822017 114.03813171386719 76.9591064453125 130.01502990722656 93.03440856933594
airplane 0.2036325 133.0327606201172 196.1226043701172 151.98097229003906 214.9922332763672
