automobile 0.9982742 195.1038818359375 183.1214599609375 216.98910522460938 205.12985229492188
bird 0.9982321 130.05267333984375 46.06220245361328 152.08120727539062 68.03771209716797
truck 0.99808985 25.035533905029297 59.0132942199707 54.09872817993164 87.95023345947266
automobile 0.9967691 143.17694091796875 128.07073974609375 181.00466918945312 166.09463500976562
ship 0.9967394 32.11857223510742 190.12210083007812 64.00611114501953 222.00289916992188
airplane 0.99571216 48.98954772949219 109.20130920410156 84.10260009765625 144.09559631347656
cat 0.9948809 81.0742416381836 184.97329711914062 107.05704498291016 211.10858154296875
ship 0.9887412 93.05752563476562 93.99822235107422 115.05702209472656 115.85956573486328
airplane 0.9869847 160.04212951660156 204.99896240234375 176.03916931152344 220.9814453125
frog 0.98453724 109.20165252685547 182.17601013183594 138.02565002441406 210.78611755371094
cat 0.92229366 54.07887268066406 146.1631317138672 70.00984954833984 161.92530822753906
automobile 0.8859582 149.0891876220703 6.987113952636719 183.9621124267578 42.14575958251953
ship 0.88190967 176.92730712890625 95.01441192626953 208.98541259765625 127.1051254272461
dog 0.8504181 106.14363861083984 145.95364379882812 132.1546630859375 172.02499389648438
deer 0.847724 2.166532516479492 102.10124206542969 20.98780632019043 121.0184326171875
airplane 0.7310363 189.9571533203125 160.1028289794922 209.04718017578125 178.89161682128906
bird 0.5831541 106.14363861083984 145.95364379882812 132.1546630859375 172.02499389648438
frog 0.5755859 135.22293090820312 92.0980453491211 161.03713989257812 118.32515716552734
truck 0.5597071 60.20463180541992 22.104154586791992 94.99929809570312 56.92603302001953
ship 0.4741242 54.07887268066406 146.1631317138672 70.00984954833984 161.92530822753906
truck 0.45093498 176.92730712890625 95.01441192626953 208.98541259765625 127.1051254272461
airplane 0.40484622 176.92730712890625 95.01441192626953 208.98541259765625 127.1051254272461
deer 0.34094214 60.170589447021484 22.094623565673828 95.01527404785156 57.02919387817383
frog 0.31305087 190.04046630859375 160.08840942382812 208.96249389648438 178.97525024414062
deer 0.29821533 54.07887268066406 146.1631317138672 70.00984954833984 161.92530822753906
truck 0.27278495 149.04026794433594 6.915109634399414 183.8652801513672 42.060760498046875
truck 0.2578621 53.94633102416992 146.1475067138672 70.05760192871094 162.0637969970703
dog 0.24031901 60.24881362915039 21.89693260192871 95.00588989257812 56.94738006591797
airplane 0.23355731 54.07887268066406 146.1631317138672 70.00984954833984 161.92530822753906
cat 0.23188263 160.0039520263672 204.9681396484375 176.01756286621094 221.02993774414062
airplane 0.23162803 60.18788146972656 22.037559509277344 95.01547241210938 56.93968963623047
automobile 0.23049554 93.06694793701172 93.92454528808594 115.0693588256836 115.75830078125
bird 0.20311111 189.93560791015625 160.08282470703125 209.07171630859375 178.87423706054688
