airplane 0.9985098 79.06289672851562 87.19528198242188 108.00462341308594 116.01348876953125
automobile 0.99803764 21.088722229003906 172.079833984375 43.01244354248047 194.05020141601562
ship 0.9974928 204.99227905273438 9.119636535644531 240.03070068359375 44.02642822265625
automobile 0.997062 139.90599060058594 53.13783264160156 162.07801818847656 75.00038146972656
automobile 0.99642503 77.29472351074219 21.089801788330078 114.8231201171875 59.16067123413086
deer 0.99603736 13.128384590148926 207.2513427734375 44.99875259399414 238.97409057617188
automobile 0.9959924 8.146242141723633 53.99897766113281 34.20341491699219 79.88313293457031
truck 0.9933062 173.19207763671875 189.20289611816406 195.05181884765625 211.2051239013672
frog 0.98733926 210.05374145507812 178.0273895263672 248.04544067382812 215.93690490722656
ship 0.98688215 213.0736846923828 112.13581085205078 232.0746307373047 131.0776824951172
deer 0.980235 143.9612274169922 13.90273666381836 176.08424377441406 45.95735549926758
frog 0.95576215 162.14239501953125 149.04115295410156 180.99334716796875 168.0290985107422
cat 0.9255339 191.15187072753906 55.99878692626953 217.1184539794922 81.95059967041016
dog 0.71526945 81.22068786621094 197.14306640625 118.52626037597656 234.94830322265625
dog 0.7083099 173.52195739746094 123.00064849853516 192.92185974121094 142.1581268310547
dog 0.6999984 169.94537353515625 81.0898666381836 189.04425048828125 100.02140045166016
cat 0.6222231 169.94537353515625 81.0898666381836 189.04425048828125 100.02140045166016
deer 0.5651273 44.06026077270508 57.01537322998047 66.07278442382812 78.98075103759766
ship 0.55544806 59.03757858276367 179.853271484375 75.0920639038086 196.01809692382812
dog 0.41008532 59.03757858276367 179.853271484375 75.0920639038086 196.01809692382812
automobile 0.4084648 59.03757858276367 179.853271484375 75.0920639038086 196.01809692382812
frog 0.3945439 173.57150268554688 122.96214294433594 192.83917236328125 142.06080627441406
cat 0.38577014 173.57150268554688 122.96214294433594 192.83917236328125 142.06080627441406
airplane 0.35247192 59.03757858276367 179.853271484375 75.0920639038086 196.01809692382812
ship 0.3169756 80.97602081298828 196.98497009277344 118.98571014404297 234.9475555419922
bird 0.24961364 169.94537353515625 81.0898666381836 189.04425048828125 100.02140045166016
bird 0.24815047 44.09685134887695 57.01543426513672 66.14259338378906 78.8615951538086
dog 0.21928546 44.06026077270508 57.01537322998047 66.07278442382812 78.98075103759766
cat 0.21588933 44.16461181640625 57.025352478027344 66.12792205810547 78.89559173583984
