ship 0.99773157 187.0658416748047 138.044677734375 225.1175994873047 176.11257934570312
automobile 0.9974407 34.08517837524414 197.0738067626953 56.04532241821289 219.0256805419922
truck 0.9971665 74.96125030517578 110.02497100830078 97.0885238647461 132.0193328857422
airplane 0.9967488 190.0566864013672 31.09113311767578 209.0655975341797 50.107460021972656
truck 0.9963678 49.98550796508789 156.99720764160156 72.07881164550781 179.0227813720703
automobile 0.9963476 108.01838684082031 7.955645561218262 127.18182373046875 26.96438217163086
frog 0.99579144 52.09468078613281 48.06525421142578 90.08364868164062 86.05414581298828
automobile 0.9948263 93.07179260253906 69.9660415649414 131.16925048828125 108.16056060791016
automobile 0.9927816 98.18042755126953 123.1204605102539 136.01629638671875 160.8562774658203
cat 0.9917695 136.27757263183594 77.1559829711914 165.09523010253906 105.9849624633789
airplane 0.9887966 109.03968048095703 40.002723693847656 130.972900390625 62.200904846191406
ship 0.9810491 157.1866912841797 6.011541366577148 185.95384216308594 35.06169891357422
deer 0.9757493 213.8456268310547 8.94843578338623 243.06517028808594 38.04483413696289
deer 0.9673105 99.05911254882812 204.98272705078125 117.98417663574219 224.07211303710938
dog 0.9625816 180.03726196289062 74.90570831298828 218.0975341796875 113.01566314697266
bird 0.96155196 117.95892333984375 171.14427185058594 150.00387573242188 203.1460723876953
frog 0.938352 167.1087646484375 48.13261032104492 186.0372314453125 66.94648742675781
frog 0.9379242 186.0530548095703 193.00473022460938 221.0438690185547 228.02645874023438
airplane 0.8207973 25.00580596923828 111.21906280517578 43.99760437011719 130.05856323242188
cat 0.7290024 50.047119140625 111.94923400878906 69.13483428955078 130.96142578125
truck 0.71283746 25.00580596923828 111.21906280517578 43.99760437011719 130.05856323242188
airplane 0.59091246 50.00617218017578 112.03178405761719 69.1861572265625 130.9952850341797
airplane 0.5224024 117.95236206054688 171.24276733398438 150.05654907226562 203.1710205078125
truck 0.5172629 50.06315612792969 112.02051544189453 69.0799560546875 130.95294189453125
frog 0.27334774 50.06315612792969 112.02051544189453 69.0799560546875 130.95294189453125
automobile 0.27265796 25.00580596923828 111.21906280517578 43.99760437011719 130.05856323242188
bird 0.22043428 180.01681518554688 75.01042938232422 218.06326293945312 113.19889068603516
