automobile 0.99861014 130.0557861328125 129.1829833984375 159.07965087890625 158.04025268554688
bird 0.99749017 197.00454711914062 175.03103637695312 219.03793334960938 196.92514038085938
ship 0.99745667 125.10711669921875 45.031185150146484 160.0302734375 79.95745849609375
deer 0.99735236 214.05615234375 75.10884094238281 245.84384155273438 107.0283203125
dog 0.99725336 204.02874755859375 15.128002166748047 235.5140380859375 46.501338958740234
dog 0.99723876 16.983055114746094 124.07615661621094 38.96622848510742 146.07411193847656
truck 0.9972283 167.01841735839844 152.10545349121094 189.0263214111328 174.01612854003906
frog 0.9969922 90.97709655761719 36.879146575927734 117.08763122558594 63.183048248291016
frog 0.99551487 82.17499542236328 104.94568634033203 107.80240631103516 130.90628051757812
automobile 0.990463 150.01560974121094 104.98633575439453 166.17845153808594 120.9706802368164
cat 0.9864661 4.375114440917969 187.44833374023438 30.010902404785156 213.10504150390625
deer 0.9818759 106.70166015625 214.93760681152344 144.2151641845703 253.0834503173828
frog 0.9782311 60.04695129394531 5.936403274536133 85.98666381835938 32.051231384277344
truck 0.9369955 28.995182037353516 97.05517578125 51.00460433959961 118.91073608398438
dog 0.9246399 100.0217514038086 167.01560974121094 135.03158569335938 202.09620666503906
frog 0.919955 194.99078369140625 119.99270629882812 210.9915771484375 135.95587158203125
cat 0.9150442 200.97467041015625 201.06358337402344 220.03826904296875 219.96287536621094
cat 0.85902226 48.892574310302734 138.14346313476562 75.05767059326172 164.11062622070312
bird 0.56238765 48.955047607421875 138.06309509277344 75.1575927734375 164.0364227294922
truck 0.46079877 194.990966796875 119.95413970947266 211.01742553710938 135.97764587402344
cat 0.4083082 194.99078369140625 119.99270629882812 210.9915771484375 135.95587158203125
ship 0.38527733 200.97467041015625 201.06358337402344 220.03826904296875 219.96287536621094
deer 0.3562029 194.990966796875 119.95413970947266 211.01742553710938 135.97764587402344
dog 0.28031993 200.97467041015625 201.06358337402344 220.03826904296875 219.96287536621094
dog 0.269374 194.990966796875 119.95413970947266 211.01742553710938 135.97764587402344
airplane 0.233614 200.97467041015625 201.06358337402344 220.03826904296875 219.96287536621094
bird 0.21086478 200.97467041015625 201.06358337402344 220.03826904296875 219.96287536621094
