ship 0.9985317 40.122493743896484 114.05339813232422 69.04447937011719 142.94500732421875
automobile 0.9978838 58.1602668762207 51.053001403808594 80.07830810546875 72.98442840576172
automobile 0.99499965 212.0864715576172 168.9817352294922 230.9920196533203 187.99559020996094
dog 0.99487567 103.10823822021484 28.025341033935547 119.07006072998047 44.03752517700195
frog 0.990422 200.96047973632812 86.07831573486328 233.01690673828125 118.1514663696289
frog 0.99034464 6.12115478515625 203.0628204345703 43.81845474243164 240.91209411621094
deer 0.989942 94.05047607421875 88.99906921386719 132.04510498046875 127.10459899902344
deer 0.9852449 44.97303009033203 80.09333801269531 74.21427154541016 108.93817138671875
bird 0.98409003 23.12474822998047 41.4231071472168 51.87274169921875 70.10908508300781
deer 0.9836771 95.1153564453125 64.12345123291016 113.99894714355469 83.11791229248047
deer 0.9810608 188.00308227539062 212.16064453125 220.0650634765625 244.03707885742188
bird 0.8905632 103.17655181884766 129.7786865234375 138.07228088378906 164.92367553710938
bird 0.87780213 194.0545654296875 56.130592346191406 212.94894409179688 74.99825286865234
deer 0.8686468 17.049577713012695 7.886394500732422 49.24323272705078 39.93978500366211
airplane 0.86276233 135.0150909423828 18.052730560302734 151.13624572753906 34.05228042602539
dog 0.77771986 165.07369995117188 128.103759765625 183.87985229492188 146.92581176757812
ship 0.6787463 135.08151245117188 18.08384132385254 151.12393188476562 33.976287841796875
airplane 0.6596742 73.0589599609375 153.09515380859375 95.09132385253906 175.0262451171875
truck 0.49865675 72.99114990234375 153.05613708496094 95.06874084472656 175.0062713623047
airplane 0.4698198 194.08172607421875 56.00022888183594 213.04891967773438 75.04522705078125
bird 0.44855353 200.83270263671875 85.94828796386719 233.04071044921875 118.18389892578125
deer 0.4304169 135.08151245117188 18.08384132385254 151.12393188476562 33.976287841796875
automobile 0.39004138 72.99114990234375 153.05613708496094 95.06874084472656 175.0062713623047
deer 0.30664915 165.06723022460938 128.14437866210938 183.95175170898438 146.9984130859375
cat 0.30183834 200.7597198486328 85.94144439697266 233.0212860107422 118.1493148803711
frog 0.28405416 103.26021575927734 129.67250061035156 138.29302978515625 165.15000915527344
truck 0.28308707 135.03529357910156 18.056734085083008 151.0188751220703 34.061607360839844
automobile 0.27550954 165.06173706054688 128.06410217285156 183.99740600585938 147.08372497558594
bird 0.26325977 165.06173706054688 128.06410217285156 183.99740600585938 147.08372497558594
deer 0.21249223 73.02298736572266 153.10923767089844 95.06157684326172 175.01344299316406
airplane 0.20350558 23.19137191772461 41.278038024902344 51.82595443725586 70.209716796875
