automobile 0.99818873 102.2345199584961 169.104248046875 133.93511962890625 201.09759521484375
frog 0.997957 78.06461334228516 121.01298522949219 97.06603240966797 140.16880798339844
truck 0.997661 33.98662567138672 118.044921875 63.055023193359375 147.01708984375
frog 0.9972984 51.07398986816406 30.088790893554688 73.09213256835938 51.98516845703125
frog 0.996868 79.01758575439453 175.97178649902344 94.99663543701172 192.05320739746094
automobile 0.99642324 46.0858268737793 88.19340515136719 64.8864974975586 106.97630310058594
frog 0.9955156 122.07337951660156 50.07344055175781 143.9882354736328 72.05839538574219
airplane 0.9929725 141.30545043945312 119.21463775634766 167.113037109375 144.93072509765625
cat 0.9852495 188.10000610351562 187.92283630371094 223.02365112304688 223.0441131591797
dog 0.97876525 112.97968292236328 133.16026306152344 134.9720916748047 154.9999542236328
frog 0.9755376 66.13005828857422 54.103004455566406 100.98065948486328 89.04821014404297
frog 0.9727318 198.09963989257812 152.10626220703125 230.05633544921875 184.17840576171875
frog 0.97171193 75.15221405029297 213.09613037109375 109.99073028564453 248.06304931640625
deer 0.9687431 85.97307586669922 7.016213417053223 102.01912689208984 23.035633087158203
ship 0.9582467 19.03375244140625 40.13374328613281 38.08527374267578 58.98609161376953
airplane 0.86790204 3.1389803886413574 106.1066665649414 19.0244083404541 122.36725616455078
cat 0.7772157 85.02113342285156 149.90170288085938 100.98733520507812 166.07470703125
deer 0.7294487 191.93125915527344 32.0740966796875 226.9574432373047 67.01009368896484
ship 0.53442764 3.1389803886413574 106.1066665649414 19.0244083404541 122.36725616455078
frog 0.30032587 144.07362365722656 182.022216796875 175.8948516845703 214.266357421875
dog 0.29572248 85.0364761352539 149.95220947265625 101.03035736083984 166.0262451171875
airplane 0.2651925 85.02113342285156 149.90170288085938 100.98733520507812 166.07470703125
ship 0.23242623 85.03154754638672 149.9140625 101.08435821533203 165.98492431640625
bird 0.22841862 85.02113342285156 149.90170288085938 100.98733520507812 166.07470703125
automobile 0.21965387 19.025524139404297 40.08418273925781 38.06764602661133 59.031150817871094
truck 0.21637776 18.934358596801758 40.0813102722168 38.102806091308594 59.095767974853516
bird 0.20740789 113.07445526123047 133.20364379882812 134.8848419189453 154.79644775390625
