truck 0.9985651 71.00654602050781 144.97642517089844 102.78742980957031 177.02940368652344
airplane 0.99799657 6.156121253967285 200.0577850341797 38.00821304321289 232.03050231933594
frog 0.99788105 67.06747436523438 92.08602142333984 98.95689392089844 124.0544662475586
ship 0.9977834 143.14695739746094 8.065677642822266 178.0034637451172 42.79756164550781
bird 0.99725425 131.99847412109375 203.99200439453125 166.9866943359375 239.06793212890625
automobile 0.99613106 135.88095092773438 163.2323760986328 170.92874145507812 197.8092498779297
frog 0.9949814 207.01100158691406 9.179969787597656 229.01930236816406 31.01711654663086
frog 0.994737 104.15776824951172 147.78182983398438 122.99323272705078 167.00021362304688
truck 0.9902816 46.139122009277344 74.15260314941406 65.06621551513672 92.97822570800781
frog 0.9874935 55.09754943847656 39.07733917236328 77.03181457519531 61.124229431152344
frog 0.97793114 175.9045867919922 182.89524841308594 207.8861541748047 215.0768585205078
airplane 0.97541475 91.016845703125 51.194488525390625 116.965576171875 77.00189208984375
automobile 0.9525205 100.04901885986328 196.06541442871094 119.00556182861328 214.96607971191406
cat 0.899984 121.30257415771484 40.880008697509766 140.44650268554688 60.00910568237305
cat 0.8929471 33.01311492919922 107.09040069580078 55.04908752441406 129.04205322265625
truck 0.8445406 153.62063598632812 138.24725341796875 174.95285034179688 160.06558227539062
dog 0.7667742 153.6688690185547 138.14749145507812 175.05235290527344 160.10324096679688
frog 0.70847243 206.10987854003906 133.11203002929688 240.82664489746094 167.85595703125
cat 0.61296 205.93460083007812 133.0149688720703 240.97735595703125 168.02967834472656
dog 0.4123173 175.96685791015625 182.943359375 207.90817260742188 215.15036010742188
truck 0.38937512 175.9045867919922 182.89524841308594 207.8861541748047 215.0768585205078
frog 0.36123866 125.98591613769531 132.82925415039062 151.7420196533203 159.24456787109375
cat 0.31646776 175.8959503173828 182.97573852539062 207.8321075439453 215.13958740234375
deer 0.2709164 205.93460083007812 133.0149688720703 240.97735595703125 168.02967834472656
bird 0.26870453 205.93460083007812 133.0149688720703 240.97735595703125 168.02967834472656
truck 0.2484951 100.14363098144531 196.01727294921875 119.01161193847656 214.86679077148438
dog 0.24292007 33.010414123535156 107.13997650146484 55.21067810058594 129.05690002441406
truck 0.22349891 125.98591613769531 132.82925415039062 151.7420196533203 159.24456787109375
bird 0.21830696 91.06565856933594 51.28792190551758 116.88426208496094 76.96521759033203
