automobile 0.9991206 79.06513214111328 124.00402069091797 105.04070281982422 149.96957397460938
truck 0.9985275 93.23153686523438 79.09982299804688 125.00634765625 111.1475830078125
ship 0.9981673 184.00367736816406 97.00936889648438 210.0668182373047 123.07789611816406
truck 0.99794394 163.93287658691406 49.01642608642578 189.79725646972656 75.022705078125
frog 0.9975834 19.823719024658203 21.042036056518555 49.19375228881836 50.09056091308594
airplane 0.9966281 129.01947021484375 87.04159545898438 154.94598388671875 112.94679260253906
truck 0.9912313 131.23094177246094 203.11328125 168.9835662841797 240.94143676757812
automobile 0.9898357 93.20933532714844 190.14590454101562 114.98876953125 211.9150390625
dog 0.9756694 141.09347534179688 8.122845649719238 169.866943359375 37.062862396240234
truck 0.975194 40.070072174072266 202.12191772460938 58.95022964477539 220.94448852539062
cat 0.96814513 158.1421356201172 152.97030639648438 195.74583435058594 191.07315063476562
dog 0.95926934 199.02816772460938 11.890697479248047 220.97061157226562 34.05147171020508
bird 0.9341824 65.09794616699219 65.2051773071289 84.07034301757812 84.02188873291016
bird 0.914286 1.9001197814941406 57.371673583984375 40.059349060058594 94.90867614746094
dog 0.8567398 60.94696807861328 32.142730712890625 89.79610443115234 60.66633605957031
dog 0.70662 65.09794616699219 65.2051773071289 84.07034301757812 84.02188873291016
frog 0.64187145 131.03753662109375 138.84471130371094 157.10330200195312 164.94044494628906
dog 0.6330539 43.04859924316406 168.9878692626953 75.12565612792969 200.59019470214844
frog 0.60294855 42.96887969970703 169.00161743164062 75.0852279663086 200.77755737304688
cat 0.57078 131.03753662109375 138.84471130371094 157.10330200195312 164.94044494628906
cat 0.46297497 42.96887969970703 169.00161743164062 75.0852279663086 200.77755737304688
deer 0.35941762 28.53252410888672 97.65847778320312 50.119895935058594 118.97982788085938
airplane 0.34223935 2.0199031829833984 57.20806121826172 40.001220703125 94.84481048583984
cat 0.33852875 60.84418487548828 32.140594482421875 89.90727996826172 60.725860595703125
deer 0.27661133 2.0199031829833984 57.20806121826172 40.001220703125 94.84481048583984
deer 0.2691821 42.96887969970703 169.00161743164062 75.0852279663086 200.77755737304688
bird 0.263601 42.96887969970703 169.00161743164062 75.0852279663086 200.77755737304688
cat 0.24036404 199.0023651123047 11.84708023071289 220.99024963378906 34.019813537597656
