frog 0.999251 89.08226013183594 70.15397644042969 117.77859497070312 99.01870727539062
bird 0.9982983 170.08424377441406 79.03875732421875 202.08226013183594 111.04411315917969
frog 0.99821395 163.07492065429688 178.07290649414062 195.15768432617188 209.9625244140625
ship 0.998171 206.10037231445312 183.15463256835938 244.00527954101562 220.94497680664062
frog 0.99657243 138.17471313476562 106.8646469116211 157.1923828125 126.04261016845703
frog 0.9952247 113.08628845214844 194.07411193847656 135.03407287597656 216.02674865722656
frog 0.9942745 214.10084533691406 111.12530517578125 236.12962341308594 133.00132751464844
truck 0.99060166 20.137327194213867 63.18720245361328 52.068153381347656 94.89612579345703
frog 0.9898468 17.084266662597656 5.875795364379883 42.98587417602539 32.0975341796875
deer 0.988414 35.159828186035156 200.92100524902344 72.98081970214844 238.92637634277344
cat 0.9859668 60.03865051269531 114.03981018066406 78.96804809570312 132.98419189453125
automobile 0.98414373 102.0484619140625 0.9391403198242188 124.05635070800781 23.07999038696289
airplane 0.96303374 53.84294891357422 28.109092712402344 79.93196868896484 54.09046173095703
deer 0.948797 6.0220627784729 159.0543975830078 22.01531982421875 175.09718322753906
automobile 0.92356503 132.13182067871094 19.947566986083984 161.04173278808594 49.013729095458984
deer 0.89191866 173.032958984375 50.166255950927734 191.8341064453125 68.92493438720703
cat 0.8431516 163.08486938476562 122.04786682128906 201.0184326171875 159.8532257080078
airplane 0.8024692 0.6531553268432617 194.26315307617188 29.953346252441406 222.9844970703125
ship 0.79777604 132.16497802734375 19.929096221923828 161.08197021484375 49.00331497192383
cat 0.6291282 126.96217346191406 67.9991226196289 162.07850646972656 102.93549346923828
dog 0.5448416 5.999774932861328 159.05633544921875 22.006755828857422 175.04376220703125
bird 0.48230994 127.00387573242188 68.076416015625 161.93756103515625 103.10714721679688
bird 0.3560297 0.6531553268432617 194.26315307617188 29.953346252441406 222.9844970703125
deer 0.33386943 0.6531553268432617 194.26315307617188 29.953346252441406 222.9844970703125
bird 0.324553 54.063018798828125 28.033042907714844 80.08529663085938 54.069252014160156
ship 0.32159072 53.850738525390625 27.982776641845703 80.05905151367188 53.90053939819336
ship 0.31285393 20.15274429321289 63.117523193359375 52.07058334350586 94.98182678222656
dog 0.29889113 163.04104614257812 122.12850952148438 201.10311889648438 160.07061767578125
deer 0.27417523 53.84294891357422 28.109092712402344 79.93196868896484 54.09046173095703
cat 0.26100898 0.6531553268432617 194.26315307617188 29.953346252441406 222.9844970703125
dog 0.22098085 126.99471282958984 68.05065155029297 162.05072021484375 102.8921890258789
ship 0.21149474 0.6531553268432617 194.26315307617188 29.953346252441406 222.9844970703125
