ship 0.9988229 24.003219604492188 200.126953125 53.05841064453125 228.87966918945312
bird 0.9970522 87.15007781982422 187.93878173828125 108.9621810913086 210.08074951171875
airplane 0.9965196 111.12239074707031 212.94187927246094 139.9728546142578 242.03929138183594
cat 0.9963467 95.94227600097656 63.168296813964844 131.0469970703125 97.95740509033203
ship 0.9956044 154.04946899414062 128.06724548339844 192.03591918945312 165.9759979248047
bird 0.99545956 204.94570922851562 58.093868255615234 237.09881591796875 89.92561340332031
frog 0.9949002 21.079118728637695 117.08135986328125 40.009971618652344 135.91183471679688
dog 0.98984784 48.02455139160156 2.0001659393310547 83.04795837402344 37.00775909423828
airplane 0.9855053 123.05999755859375 35.09104919433594 145.037353515625 57.03785705566406
truck 0.98107517 29.186626434326172 155.16294860839844 63.73141860961914 189.9765167236328
dog 0.9746833 89.84526062011719 153.86294555664062 121.96641540527344 186.17831420898438
bird 0.9732131 157.05606079101562 198.01902770996094 173.00857543945312 214.0111846923828
cat 0.97198 56.05112838745117 50.013275146484375 88.04029846191406 81.99703979492188
automobile 0.9695021 29.083030700683594 66.02713012695312 51.056007385253906 88.08534240722656
ship 0.855268 173.12351989746094 78.97953033447266 194.98179626464844 101.05376434326172
bird 0.7553951 51.12601852416992 92.0435791015625 72.65936279296875 113.87632751464844
cat 0.70138264 100.00616455078125 100.52835083007812 126.34671020507812 127.02127075195312
dog 0.41966504 67.32787322998047 168.83004760742188 86.14105987548828 187.8443603515625
frog 0.41817105 100.00616455078125 100.52835083007812 126.34671020507812 127.02127075195312
airplane 0.3990112 50.987178802490234 92.03288269042969 72.66976928710938 114.13093566894531
deer 0.3689592 100.00616455078125 100.52835083007812 126.34671020507812 127.02127075195312
cat 0.33116567 50.987178802490234 92.03288269042969 72.66976928710938 114.13093566894531
ship 0.3168335 51.112335205078125 92.03585815429688 72.5989990234375 113.95782470703125
truck 0.299057 173.12351989746094 78.97953033447266 194.98179626464844 101.05376434326172
cat 0.29850835 173.06678771972656 79.0192642211914 194.9099578857422 101.03929901123047
truck 0.2856753 29.083030700683594 66.02713012695312 51.056007385253906 88.08534240722656
frog 0.27618557 29.122955322265625 66.04048919677734 50.89373016357422 87.94994354248047
frog 0.2609313 67.10667419433594 168.41732788085938 85.94349670410156 187.79364013671875
bird 0.22983855 89.88876342773438 154.0262908935547 122.11883544921875 186.0916290283203
automobile 0.22485659 173.06678771972656 79.0192642211914 194.9099578857422 101.03929901123047
