truck 0.99916136 198.06248474121094 38.022300720214844 220.0825653076172 60.046905517578125
airplane 0.9982972 168.93008422851562 67.07138061523438 197.91241455078125 96.06477355957031
dog 0.9974961 155.3758544921875 109.9492416381836 184.03091430664062 139.230712890625
frog 0.99677515 192.94459533691406 116.14381408691406 219.0695343017578 142.17893981933594
deer 0.99387634 32.128273010253906 86.02384948730469 63.96031188964844 118.11259460449219
airplane 0.99363524 115.08413696289062 31.001996994018555 147.09954833984375 63.09059143066406
dog 0.9932332 59.023128509521484 40.383941650390625 88.01280975341797 69.105224609375
bird 0.9917129 167.02127075195312 2.1830148696899414 199.1505126953125 34.14118957519531
dog 0.991068 51.14503479003906 206.96685791015625 88.99208068847656 245.11428833007812
dog 0.9865531 22.988052368164062 63.136634826660156 45.0430908203125 84.8746566772461
deer 0.9856101 51.05256652832031 128.9945831298828 76.96009826660156 155.0883331298828
frog 0.890119 38.97454071044922 172.05331420898438 65.06002807617188 197.96463012695312
airplane 0.79837537 5.909582138061523 14.551481246948242 44.1131591796875 51.79615020751953
airplane 0.7957733 5.108188629150391 164.03018188476562 24.026342391967773 182.99673461914062
cat 0.7690733 20.988941192626953 143.13302612304688 40.03071594238281 162.10675048828125
deer 0.62154806 87.82196044921875 164.9823455810547 123.11689758300781 199.9096221923828
airplane 0.594258 192.82029724121094 186.0998077392578 230.9528350830078 224.0485382080078
bird 0.5734666 87.82196044921875 164.9823455810547 123.11689758300781 199.9096221923828
cat 0.48438153 192.83840942382812 186.1092529296875 231.00381469726562 223.99240112304688
truck 0.46635452 5.108188629150391 164.03018188476562 24.026342391967773 182.99673461914062
ship 0.4569894 87.82196044921875 164.9823455810547 123.11689758300781 199.9096221923828
automobile 0.336006 5.108188629150391 164.03018188476562 24.026342391967773 182.99673461914062
