airplane 0.99913627 93.08328247070312 171.09242248535156 125.14691162109375 202.90538024902344
truck 0.99862534 157.0282745361328 190.0321044921875 189.02232360839844 222.08966064453125
cat 0.99820876 136.92127990722656 111.88631439208984 169.02134704589844 144.13499450683594
airplane 0.9978796 180.97479248046875 54.07362747192383 210.069091796875 83.1005859375
truck 0.99787474 99.11978149414062 213.9714813232422 131.01620483398438 245.9978485107422
automobile 0.9973875 102.07852172851562 10.122198104858398 128.0189666748047 35.86516571044922
bird 0.9967962 196.06646728515625 200.02828979492188 215.02700805664062 219.08120727539062
airplane 0.9965153 85.93644714355469 105.10861206054688 124.03533935546875 143.0172119140625
bird 0.99620557 0.007938385009765625 198.00857543945312 35.07416534423828 233.15850830078125
frog 0.99294615 51.91999816894531 29.15410614013672 90.11566162109375 67.0621337890625
ship 0.9884458 127.13951110839844 77.04718017578125 152.9011688232422 103.05903625488281
airplane 0.98472357 41.09663391113281 95.11502075195312 67.17029571533203 120.98982238769531
ship 0.9827846 8.050920486450195 29.038930892944336 46.256080627441406 66.96316528320312
cat 0.97437596 39.0885009765625 216.08395385742188 67.99205017089844 245.14874267578125
dog 0.97425425 185.18975830078125 96.77595520019531 217.14663696289062 129.17286682128906
bird 0.88396573 13.059484481811523 100.04911804199219 34.998863220214844 121.95135498046875
deer 0.7532418 40.05842971801758 145.14724731445312 75.19401550292969 180.11038208007812
dog 0.74283755 99.37660217285156 39.93824768066406 123.00898742675781 64.0152816772461
dog 0.57294095 40.013031005859375 145.09344482421875 75.17095947265625 180.05783081054688
frog 0.3401398 13.049994468688965 100.05706787109375 34.98509216308594 122.04875183105469
deer 0.240583 13.061087608337402 100.01885986328125 35.01759719848633 122.06282043457031
bird 0.23826721 41.10751724243164 95.19710540771484 66.9980239868164 120.94884490966797
ship 0.20021981 98.93412780761719 213.92178344726562 131.0205535888672 245.87850952148438
