ship 0.99878144 85.1880874633789 107.27161407470703 106.9966049194336 129.03567504882812
dog 0.99869096 68.0789794921875 159.2437744140625 97.04148864746094 187.899169921875
truck 0.9980991 125.05747985839844 28.339941024780273 163.07679748535156 65.91474914550781
ship 0.9964415 76.1010971069336 213.92620849609375 111.01636505126953 248.98651123046875
ship 0.9964105 21.017160415649414 204.14389038085938 59.0499267578125 242.1103515625
automobile 0.995901 212.07505798339844 172.04241943359375 246.91700744628906 207.01925659179688
dog 0.99589455 31.080581665039062 80.99057006835938 66.01762390136719 115.90617370605469
dog 0.9951606 19.02189826965332 47.92005920410156 47.871360778808594 77.27507781982422
deer 0.9921044 215.1995391845703 39.99717330932617 249.9157257080078 74.96080017089844
airplane 0.9798242 171.97378540039062 65.03758239746094 194.04959106445312 87.0810546875
deer 0.97068286 123.95804595947266 84.01396942138672 161.98895263671875 121.91182708740234
dog 0.9690908 170.96539306640625 19.225339889526367 200.08102416992188 47.90690612792969
truck 0.949678 139.06930541992188 156.99456787109375 174.11972045898438 192.0169677734375
cat 0.7919062 56.07579040527344 118.0007095336914 82.15925598144531 143.91575622558594
airplane 0.7630626 203.01573181152344 82.07095336914062 235.1294403076172 113.9771728515625
frog 0.72385037 71.1716537475586 24.06174659729004 108.98998260498047 61.898826599121094
bird 0.4875849 71.10919952392578 24.003448486328125 108.89484405517578 61.836944580078125
automobile 0.48165834 203.01573181152344 82.07095336914062 235.1294403076172 113.9771728515625
bird 0.41758248 33.88857650756836 25.054718017578125 50.04780197143555 41.10394287109375
ship 0.39432794 203.01573181152344 82.07095336914062 235.1294403076172 113.9771728515625
dog 0.39071682 33.84597396850586 25.084461212158203 50.00717544555664 41.033870697021484
frog 0.35475284 56.07579040527344 118.0007095336914 82.15925598144531 143.91575622558594
cat 0.32289505 71.1716537475586 24.06174659729004 108.98998260498047 61.898826599121094
deer 0.3170969 33.8753776550293 25.00180435180664 50.01943588256836 41.064395904541016
airplane 0.30243707 88.06412506103516 80.07361602783203 104.0862045288086 96.06841278076172
deer 0.29028004 88.06412506103516 80.07361602783203 104.0862045288086 96.06841278076172
airplane 0.22270432 71.10919952392578 24.003448486328125 108.89484405517578 61.836944580078125
dog 0.2110905 124.0885238647461 83.84737396240234 162.03207397460938 121.92717742919922
