ship 0.9977473 202.1228485107422 49.05229187011719 228.0404815673828 75.04923248291016
frog 0.997614 168.0115203857422 80.2682876586914 200.02867126464844 112.05175018310547
automobile 0.9973142 155.17144775390625 131.12060546875 174.07846069335938 149.92230224609375
deer 0.9946065 159.06375122070312 4.011308670043945 174.95819091796875 20.066001892089844
ship 0.992257 107.92176818847656 73.92462158203125 146.10609436035156 111.88346862792969
automobile 0.9898641 106.99797058105469 173.8102569580078 123.08584594726562 190.08860778808594
truck 0.98965913 149.38470458984375 26.060937881469727 183.98233032226562 61.14659118652344
bird 0.9853879 11.111358642578125 142.95175170898438 33.05370330810547 164.98550415039062
dog 0.9769823 76.01925659179688 205.91278076171875 110.96946716308594 241.01156616210938
frog 0.9762043 37.99397659301758 176.18426513671875 63.96774673461914 201.94869995117188
bird 0.9499637 118.06523895263672 119.19054412841797 139.75421142578125 140.88449096679688
dog 0.9095385 42.05989074707031 20.185466766357422 77.01318359375 54.797061920166016
frog 0.83669204 117.13790130615234 31.23543930053711 142.9098358154297 56.989559173583984
cat 0.8227544 192.153564453125 149.0113983154297 226.8963623046875 183.83836364746094
frog 0.773714 61.04832458496094 59.95256805419922 99.01364135742188 98.18743133544922
deer 0.77328223 22.007892608642578 116.94120788574219 38.03154373168945 133.1383819580078
truck 0.69515276 96.68325805664062 146.20240783691406 122.93064880371094 172.30406188964844
dog 0.6533114 1.8472042083740234 1.9913711547851562 30.94624900817871 31.004676818847656
deer 0.45142937 1.907271385192871 2.0109682083129883 30.86725616455078 30.998004913330078
automobile 0.43625447 117.13790130615234 31.23543930053711 142.9098358154297 56.989559173583984
cat 0.42989117 60.98896789550781 59.98783493041992 98.95552062988281 98.16458129882812
deer 0.37054533 106.96670532226562 173.7753143310547 123.0809326171875 190.10182189941406
dog 0.31990692 192.26756286621094 149.14450073242188 226.9905548095703 183.9027099609375
ship 0.29835254 96.6688461303711 146.1388702392578 122.9762191772461 172.28013610839844
cat 0.29524273 22.007892608642578 116.94120788574219 38.03154373168945 133.1383819580078
truck 0.2885586 42.03330612182617 20.068185806274414 76.96556091308594 54.89855194091797
frog 0.28600073 11.201464653015137 142.82286071777344 33.07042694091797 164.73170471191406
airplane 0.26613104 22.007892608642578 116.94120788574219 38.03154373168945 133.1383819580078
truck 0.23531246 106.96670532226562 173.7753143310547 123.0809326171875 190.10182189941406
bird 0.22695255 21.926443099975586 116.92460632324219 38.05747985839844 133.16773986816406
dog 0.22640136 22.007892608642578 116.94120788574219 38.03154373168945 133.1383819580078
bird 0.20561612 192.0908966064453 149.04867553710938 226.92750549316406 183.84658813476562
