deer 0.99751735 45.13109588623047 16.17007827758789 71.0869140625 41.993019104003906
airplane 0.99700665 108.11386108398438 72.06927490234375 133.8195343017578 97.95545959472656
deer 0.99537885 197.93284606933594 83.8140869140625 230.05165100097656 115.72299194335938
bird 0.99422365 118.90538024902344 212.91481018066406 156.98912048339844 251.0034637451172
truck 0.9939586 31.080150604248047 95.10816192626953 53.01247024536133 117.03697967529297
cat 0.9928157 84.0417251586914 50.007896423339844 105.9918441772461 72.0256118774414
cat 0.98919773 140.96920776367188 90.08126831054688 175.98336791992188 125.18739318847656
ship 0.98712003 101.17337036132812 7.172406196594238 127.35238647460938 33.191184997558594
dog 0.958434 173.9587860107422 178.05784606933594 199.7814483642578 204.0419158935547
cat 0.9448903 188.74676513671875 13.972209930419922 215.062744140625 39.972774505615234
deer 0.9319786 114.08428192138672 165.06703186035156 152.1205596923828 203.0244903564453
cat 0.9314631 50.2722053527832 63.23915100097656 75.95533752441406 88.92332458496094
dog 0.87104857 47.09432601928711 124.97916412353516 63.05112075805664 141.00013732910156
deer 0.8609438 147.10494995117188 19.014896392822266 165.98666381835938 38.023040771484375
airplane 0.812356 62.12788391113281 156.0695343017578 90.93025207519531 185.02976989746094
frog 0.779726 85.00895690917969 112.01458740234375 117.02290344238281 144.0665283203125
cat 0.7272627 186.9027557373047 208.32785034179688 224.98313903808594 246.16708374023438
airplane 0.7240494 191.097412109375 125.95626068115234 210.07049560546875 145.136962890625
bird 0.47393376 186.85055541992188 208.33871459960938 224.99948120117188 246.1434326171875
dog 0.40384912 85.0815658569336 112.00420379638672 117.03939056396484 143.99920654296875
dog 0.3600846 186.9027557373047 208.32785034179688 224.98313903808594 246.16708374023438
deer 0.31328517 62.136802673339844 156.0808868408203 90.9034652709961 185.0055694580078
cat 0.3113231 84.97493743896484 111.9188003540039 117.05725860595703 144.07998657226562
truck 0.30863035 191.11920166015625 125.9731216430664 210.15377807617188 145.0192108154297
ship 0.23046422 62.174049377441406 156.09352111816406 90.7845230102539 184.9566192626953
