airplane 0.9988332 157.0384521484375 5.084840774536133 189.19235229492188 37.32489013671875
ship 0.9979631 145.05233764648438 108.07730102539062 167.00296020507812 130.13137817382812
automobile 0.9973049 31.174463272094727 6.980693817138672 65.97705078125 42.081687927246094
truck 0.9961199 204.13644409179688 26.941858291625977 238.885498046875 61.95530700683594
frog 0.9925436 140.0421600341797 41.912109375 171.9403533935547 73.94792938232422
frog 0.98956764 5.142570495605469 182.02113342285156 42.983985900878906 220.0115509033203
frog 0.9894192 78.03282165527344 186.08975219726562 112.99911499023438 221.12969970703125
truck 0.9855987 159.4580535888672 185.09640502929688 184.9401092529297 211.0989990234375
dog 0.9660691 22.83089828491211 133.91232299804688 58.13423538208008 169.02542114257812
ship 0.9518637 55.14093017578125 50.83265686035156 86.95002746582031 83.11244201660156
cat 0.9461404 144.1693115234375 84.16178131103516 163.05075073242188 103.37303924560547
ship 0.9327277 122.07386779785156 167.1002197265625 144.01551818847656 189.05429077148438
cat 0.927514 5.359345436096191 35.12152862548828 23.71202850341797 52.86322784423828
deer 0.856971 19.063861846923828 69.06379699707031 51.05311965942383 100.93742370605469
automobile 0.8319615 120.02364349365234 102.75149536132812 136.02684020996094 118.935791015625
airplane 0.6465541 181.98046875 156.0677032470703 208.10736083984375 182.09959411621094
deer 0.6371051 181.98046875 156.0677032470703 208.10736083984375 182.09959411621094
cat 0.55452144 121.20088958740234 78.24962615966797 142.8019561767578 99.7573013305664
dog 0.5302153 187.9345703125 100.07599639892578 222.92303466796875 135.05987548828125
airplane 0.5066802 120.02462768554688 102.74913787841797 136.02130126953125 118.95410919189453
cat 0.4889268 181.98046875 156.0677032470703 208.10736083984375 182.09959411621094
ship 0.4560983 120.02364349365234 102.75149536132812 136.02684020996094 118.935791015625
airplane 0.43583387 188.19830322265625 99.9375 223.02737426757812 134.99081420898438
deer 0.4285022 122.18521881103516 167.16119384765625 144.03273010253906 188.96670532226562
truck 0.41987327 188.19830322265625 99.9375 223.02737426757812 134.99081420898438
dog 0.39900672 181.98046875 156.0677032470703 208.10736083984375 182.09959411621094
truck 0.37607417 181.98046875 156.0677032470703 208.10736083984375 182.09959411621094
ship 0.3133098 181.90724182128906 155.9907989501953 208.1605682373047 182.05213928222656
automobile 0.30588967 181.90724182128906 155.9907989501953 208.1605682373047 182.05213928222656
frog 0.2963308 181.90724182128906 155.9907989501953 208.1605682373047 182.05213928222656
deer 0.29419112 187.9345703125 100.07599639892578 222.92303466796875 135.05987548828125
airplane 0.28119993 121.03545379638672 77.9361572265625 142.9084930419922 99.94242858886719
deer 0.27851242 120.02364349365234 102.75149536132812 136.02684020996094 118.935791015625
cat 0.2718302 187.9345703125 100.07599639892578 222.92303466796875 135.05987548828125
bird 0.25950176 122.15962219238281 167.1890106201172 144.06581115722656 188.93443298339844
bird 0.23642808 181.90724182128906 155.9907989501953 208.1605682373047 182.05213928222656
dog 0.20334917 122.18521881103516 167.16119384765625 144.03273010253906 188.96670532226562
