deer 0.99853486 75.0361328125 3.1595916748046875 107.04721069335938 35.19143295288086
ship 0.99815184 89.93929290771484 38.899688720703125 122.16289520263672 71.12171173095703
automobile 0.99776113 214.90736389160156 117.26773834228516 243.92774963378906 146.06082153320312
dog 0.9975071 202.11044311523438 37.401554107666016 236.91964721679688 72.00901794433594
frog 0.99716693 202.0111541748047 75.99647521972656 224.0143280029297 98.11018371582031
automobile 0.9971142 76.09580993652344 169.0446014404297 92.02131652832031 185.06224060058594
bird 0.99601066 23.085803985595703 47.04166030883789 44.95134353637695 69.03021240234375
cat 0.99468756 194.1814727783203 156.29052734375 212.9298858642578 174.91915893554688
cat 0.99112844 205.9063262939453 7.200986862182617 235.11558532714844 35.68487548828125
dog 0.9827986 136.1820068359375 16.975069046020508 171.09371948242188 51.85504913330078
frog 0.956609 168.0145263671875 203.25173950195312 206.0745849609375 241.01571655273438
bird 0.9424235 155.092041015625 97.06742858886719 176.996826171875 119.05740356445312
dog 0.89944154 128.0696258544922 67.0663833618164 146.88844299316406 86.28780364990234
bird 0.78452265 35.15215301513672 195.005615234375 57.16649627685547 216.89300537109375
dog 0.7412361 51.10276794433594 111.97113800048828 77.06245422363281 137.99752807617188
ship 0.6808015 35.173828125 195.05557250976562 57.076637268066406 216.9117431640625
dog 0.34007886 81.96742248535156 127.09326934814453 103.98057556152344 149.06634521484375
dog 0.28809965 90.8956298828125 98.13045501708984 117.01731872558594 124.10005950927734
bird 0.26590168 168.04949951171875 203.19993591308594 206.03762817382812 241.1714324951172
automobile 0.24174288 128.0696258544922 67.0663833618164 146.88844299316406 86.28780364990234
dog 0.21432799 35.173828125 195.05557250976562 57.076637268066406 216.9117431640625
cat 0.21033248 155.3958740234375 96.93212127685547 176.96719360351562 119.10277557373047
