frog 0.99924934 73.0046157836914 138.95938110351562 99.03363800048828 164.9986572265625
truck 0.9986596 189.9361114501953 66.04571533203125 209.0169219970703 84.87461853027344
airplane 0.998033 196.06869506835938 189.13571166992188 227.89581298828125 221.10360717773438
frog 0.99648696 112.52191162109375 145.60340881347656 133.5040283203125 165.0370330810547
truck 0.9962325 0.8566350936889648 170.9979705810547 30.08056640625 200.04920959472656
automobile 0.9936688 42.020751953125 6.962469100952148 76.95714569091797 42.163909912109375
automobile 0.99357146 185.1083221435547 113.13614654541016 217.11094665527344 145.0970916748047
truck 0.9904572 180.10186767578125 149.11349487304688 212.12799072265625 181.046142578125
airplane 0.9901881 161.01516723632812 33.01720428466797 179.99258422851562 51.979026794433594
dog 0.98985267 81.03949737548828 173.0234832763672 116.13098907470703 207.95960998535156
frog 0.9856273 123.14673614501953 174.96688842773438 149.08338928222656 200.98419189453125
airplane 0.98540574 28.069082260131836 134.13108825683594 63.149314880371094 169.10133361816406
cat 0.9739826 3.0042343139648438 76.16626739501953 35.22775650024414 108.05084991455078
dog 0.97251797 139.1571807861328 83.19145202636719 174.36985778808594 117.99699401855469
automobile 0.97087085 89.05801391601562 104.22748565673828 104.9405517578125 119.7293930053711
deer 0.9409161 126.11683654785156 22.040721893310547 144.9977569580078 40.97957992553711
bird 0.9362025 154.3520050048828 119.75672149658203 179.9453582763672 146.28114318847656
truck 0.88562614 35.99725341796875 61.017391204833984 58.133705139160156 82.82290649414062
frog 0.79069686 17.065387725830078 203.98435974121094 36.039039611816406 223.0780487060547
bird 0.7604631 17.004596710205078 203.98809814453125 36.02105712890625 223.0244140625
ship 0.62190056 89.00486755371094 104.17182922363281 104.93595886230469 119.7550048828125
frog 0.29727477 126.0353012084961 22.08549690246582 144.98875427246094 40.85924530029297
bird 0.29268366 3.0946502685546875 76.06288146972656 35.328330993652344 107.94032287597656
frog 0.2829652 154.3520050048828 119.75672149658203 179.9453582763672 146.28114318847656
cat 0.25062594 17.0513973236084 203.98268127441406 36.02191162109375 222.99290466308594
