frog 0.9988712 0.0 20.924922943115234 28.987716674804688 50.024349212646484
truck 0.9987583 188.0903778076172 209.0706787109375 210.0670928955078 231.06741333007812
ship 0.9985834 127.95958709716797 175.20901489257812 159.90850830078125 206.961181640625
truck 0.99745166 168.21231079101562 9.07675838470459 193.96759033203125 34.88731002807617
bird 0.9962512 130.1969757080078 44.0750846862793 148.99607849121094 63.01704025268555
frog 0.9954785 92.16302490234375 79.13499450683594 124.04193115234375 110.85591125488281
cat 0.9944561 165.0469512939453 73.12812805175781 191.05003356933594 99.01998901367188
bird 0.9924495 70.86396789550781 195.11097717285156 108.92752075195312 232.95301818847656
dog 0.9855224 146.27365112304688 114.05572509765625 172.11782836914062 140.1942596435547
airplane 0.9847373 204.95701599121094 84.05093383789062 243.0668487548828 122.03192138671875
cat 0.96961045 165.01605224609375 163.19773864746094 200.03463745117188 197.84654235839844
ship 0.9676155 203.0664520263672 39.9149169921875 219.0946807861328 55.952911376953125
dog 0.9407722 59.09569549560547 7.180544853210449 91.01427459716797 38.9068603515625
airplane 0.9285892 22.060543060302734 206.0269775390625 60.10063552856445 243.76724243164062
airplane 0.8132881 5.957448959350586 55.018775939941406 43.88349151611328 92.98015594482422
truck 0.58697003 203.0664520263672 39.9149169921875 219.0946807861328 55.952911376953125
ship 0.58098215 22.194536209106445 206.03981018066406 60.088043212890625 243.8878631591797
airplane 0.53040445 203.0334930419922 39.893821716308594 219.0384979248047 55.932334899902344
truck 0.5294203 6.077859878540039 55.063873291015625 43.909812927246094 92.87966918945312
cat 0.32347652 59.050392150878906 7.060744285583496 91.03919219970703 39.05119323730469
