bird 0.9989427 126.87272644042969 81.87530517578125 146.11790466308594 100.96102905273438
airplane 0.99874866 79.13345336914062 204.23934936523438 107.88783264160156 232.84017944335938
automobile 0.99862957 128.10647583007812 45.94482421875 157.06430053710938 75.38800811767578
bird 0.9968108 156.1240997314453 215.99313354492188 175.0487823486328 235.04049682617188
ship 0.9967729 21.994922637939453 33.03349304199219 47.878231048583984 58.975189208984375
truck 0.9928733 83.0093765258789 169.00022888183594 109.07306671142578 195.27452087402344
bird 0.98614585 173.10980224609375 80.02654266357422 199.11233520507812 105.75812530517578
truck 0.9525248 176.11439514160156 143.99351501464844 204.7116241455078 172.9938201904297
cat 0.9413246 109.20161437988281 201.99383544921875 146.9372100830078 239.98556518554688
truck 0.93037564 67.12163543701172 21.052852630615234 89.1170425415039 43.035823822021484
bird 0.8242847 181.03489685058594 26.13280487060547 199.9431915283203 44.92180633544922
airplane 0.7867686 123.98643493652344 126.02388763427734 146.00230407714844 147.98599243164062
bird 0.7421425 111.04912567138672 1.9570598602294922 148.92791748046875 39.929359436035156
dog 0.67941356 82.18428802490234 64.10379791259766 119.8857650756836 102.0134048461914
airplane 0.6635866 19.000410079956055 209.0500030517578 38.00553894042969 228.0106964111328
frog 0.6583706 7.031805038452148 76.88052368164062 26.034215927124023 95.95414733886719
deer 0.6033298 181.12631225585938 26.09127426147461 199.99130249023438 45.04304885864258
cat 0.5788379 176.1182403564453 144.0791778564453 204.8332061767578 173.0004425048828
ship 0.5310785 82.15572357177734 64.06539154052734 120.02196502685547 102.20891571044922
frog 0.5204895 111.04196166992188 1.9307174682617188 149.09857177734375 39.86858367919922
airplane 0.48622003 67.17745971679688 21.02649688720703 89.03633117675781 43.036659240722656
cat 0.42246893 7.020468711853027 76.85706329345703 26.116527557373047 95.92040252685547
bird 0.3698377 123.93077087402344 126.09791564941406 145.9849090576172 147.8469696044922
truck 0.36612105 19.000410079956055 209.0500030517578 38.00553894042969 228.0106964111328
dog 0.34982032 6.999568939208984 76.84426879882812 26.03795623779297 95.8690185546875
ship 0.34844956 123.93077087402344 126.09791564941406 145.9849090576172 147.8469696044922
ship 0.30701 19.09253692626953 209.0521697998047 38.03696060180664 228.0082244873047
truck 0.2926343 82.20943450927734 64.02163696289062 119.85607147216797 102.10357666015625
automobile 0.28169024 19.000410079956055 209.0500030517578 38.00553894042969 228.0106964111328
dog 0.26650745 45.288509368896484 67.22731018066406 64.05664825439453 86.05438232421875
deer 0.23350176 19.000410079956055 209.0500030517578 38.00553894042969 228.0106964111328
