deer 0.99741805 165.0775909423828 154.0029296875 194.03309631347656 182.89871215820312
bird 0.99740064 189.0894775390625 208.02366638183594 211.02471923828125 229.9240264892578
deer 0.9973711 143.9955291748047 100.14857482910156 181.90455627441406 138.06329345703125
airplane 0.99717724 163.0364990234375 24.913022994995117 189.22906494140625 50.980377197265625
truck 0.9968083 192.88218688964844 51.947975158691406 225.04725646972656 84.13867950439453
ship 0.9956356 23.998512268066406 33.018699645996094 55.877410888671875 65.1109619140625
truck 0.99540627 93.21292877197266 32.11075210571289 130.9672088623047 70.1190185546875
automobile 0.99448454 6.941781997680664 213.15603637695312 42.104949951171875 248.16650390625
airplane 0.98659706 202.05738830566406 98.10415649414062 221.1105194091797 117.12568664550781
frog 0.9848579 13.107118606567383 173.12916564941406 38.88441467285156 199.01124572753906
truck 0.9845523 70.15666961669922 145.9894561767578 105.0424575805664 181.08543395996094
frog 0.9785694 67.02201080322266 198.14585876464844 83.03130340576172 213.9990692138672
cat 0.9702488 52.01722717285156 216.1602783203125 87.00198364257812 251.142333984375
cat 0.9606382 69.00201416015625 95.0446548461914 106.98825073242188 133.06825256347656
airplane 0.9189768 156.9725341796875 192.92877197265625 178.99276733398438 215.10968017578125
deer 0.87929827 211.21453857421875 121.03825378417969 237.05868530273438 146.95945739746094
frog 0.83561265 60.43784713745117 29.242591857910156 88.8876953125 58.193145751953125
deer 0.7995264 9.893030166625977 119.02851104736328 47.67668151855469 156.91976928710938
deer 0.55816954 156.87667846679688 193.06175231933594 179.018310546875 214.9676971435547
ship 0.55233526 68.77076721191406 94.77057647705078 106.72146606445312 133.0843048095703
airplane 0.51138824 10.032356262207031 119.09017944335938 48.00336837768555 157.02883911132812
cat 0.41806662 129.07171630859375 190.1012420654297 155.02056884765625 216.01820373535156
frog 0.38534778 128.9983367919922 190.2786102294922 154.9474334716797 216.1971893310547
frog 0.23511052 52.01722717285156 216.1602783203125 87.00198364257812 251.142333984375
cat 0.20297602 157.029052734375 193.17584228515625 179.1890869140625 215.08123779296875
