truck 0.99831235 207.99806213378906 120.15699768066406 246.13038635253906 158.14137268066406
automobile 0.9976177 150.02117919921875 149.01483154296875 175.91720581054688 174.94961547851562
bird 0.9975829 199.99839782714844 199.11590576171875 229.17747497558594 228.05224609375
automobile 0.99742085 112.93396759033203 47.159568786621094 141.79953002929688 76.10277557373047
frog 0.9948211 172.99716186523438 37.87321472167969 191.81631469726562 57.0040283203125
dog 0.9922892 18.019804000854492 3.9191207885742188 56.03272247314453 42.07991409301758
airplane 0.9922715 118.06216430664062 84.02090454101562 153.0989990234375 118.98564147949219
deer 0.9906564 47.13829040527344 178.248291015625 81.94113159179688 213.10980224609375
frog 0.9864447 181.07498168945312 135.11099243164062 202.96875 157.02194213867188
ship 0.98618466 104.0689697265625 198.9334716796875 120.31922912597656 215.28598022460938
airplane 0.98551977 79.95530700683594 124.4852294921875 115.18937683105469 158.97592163085938
bird 0.983732 2.0712947845458984 164.09007263183594 39.990379333496094 201.93833923339844
airplane 0.9668863 156.05172729492188 191.8977813720703 187.95181274414062 224.16566467285156
deer 0.91600347 49.104347229003906 123.04216766357422 65.02984619140625 139.03994750976562
dog 0.85564953 100.08721923828125 160.10581970214844 132.15133666992188 190.7761688232422
deer 0.8531804 96.92841339111328 1.091461181640625 119.13001251220703 23.907909393310547
dog 0.8486944 61.9632682800293 22.988298416137695 94.00343322753906 55.21308135986328
frog 0.707137 49.09495544433594 123.00787353515625 65.02539825439453 139.04360961914062
frog 0.6897423 197.9661102294922 21.11553955078125 229.9037628173828 52.993858337402344
cat 0.42609653 49.037513732910156 123.07426452636719 64.93941497802734 139.08070373535156
bird 0.3686443 198.0423126220703 21.038677215576172 229.9430389404297 52.987247467041016
deer 0.34750772 156.08673095703125 191.81527709960938 187.98507690429688 224.18304443359375
deer 0.30108494 198.0423126220703 21.038677215576172 229.9430389404297 52.987247467041016
cat 0.27898926 61.82217788696289 23.027503967285156 93.97715759277344 55.126365661621094
cat 0.23382437 96.77175903320312 1.0448884963989258 119.10798645019531 24.094676971435547
frog 0.2293346 100.17996215820312 160.20355224609375 132.49380493164062 189.95053100585938
bird 0.21596694 49.03151321411133 123.0450210571289 64.95916748046875 139.0535430908203
ship 0.21002507 80.09191131591797 124.10952758789062 114.78351593017578 159.06112670898438
truck 0.20739403 49.09495544433594 123.00787353515625 65.02539825439453 139.04360961914062
