airplane 0.99826765 14.963212013244629 135.07737731933594 44.071937561035156 163.9417266845703
frog 0.99662066 203.00245666503906 3.9707441329956055 222.1127166748047 23.053604125976562
truck 0.99515706 210.10354614257812 194.14190673828125 228.96646118164062 212.98068237304688
dog 0.99490273 93.20526123046875 108.87969970703125 124.96148681640625 141.0455780029297
deer 0.99322003 183.17446899414062 58.05849075317383 220.9925537109375 96.12600708007812
cat 0.9929611 135.08885192871094 175.11036682128906 154.0813446044922 194.14149475097656
frog 0.9918578 37.10832977294922 41.08123016357422 59.152435302734375 62.99787139892578
dog 0.98591363 156.98443603515625 133.16685485839844 194.64581298828125 171.17698669433594
bird 0.9829276 118.04470825195312 77.9918441772461 144.13690185546875 104.0085678100586
dog 0.97459793 195.9737548828125 109.093505859375 225.09161376953125 137.91302490234375
dog 0.9631045 161.2654571533203 20.142221450805664 196.0659942626953 55.12133026123047
ship 0.9399983 91.0122299194336 61.94203186035156 107.0302963256836 78.03480529785156
deer 0.92718446 84.04593658447266 29.13319969177246 100.0765151977539 44.70409393310547
cat 0.7543622 63.05024719238281 85.93159484863281 92.23411560058594 115.26493835449219
bird 0.7470483 120.8649673461914 200.59803771972656 142.30453491210938 223.31874084472656
ship 0.66272205 85.99325561523438 208.63223266601562 102.16995239257812 224.94528198242188
automobile 0.636035 91.0122299194336 61.94203186035156 107.0302963256836 78.03480529785156
bird 0.62749135 149.31539916992188 63.86183547973633 171.21542358398438 85.89869689941406
frog 0.6048088 153.13462829589844 201.10845947265625 171.8417205810547 219.9063720703125
bird 0.5477622 89.94197845458984 179.1913604736328 116.16040802001953 204.9518585205078
airplane 0.42624837 149.07937622070312 63.93773651123047 171.07095336914062 86.20757293701172
truck 0.42581284 91.09259033203125 61.96783447265625 107.04292297363281 77.96278381347656
frog 0.37468767 118.04470825195312 77.9918441772461 144.13690185546875 104.0085678100586
cat 0.3551795 153.076171875 201.13232421875 171.90560913085938 219.95956420898438
bird 0.33342338 195.9737548828125 109.093505859375 225.09161376953125 137.91302490234375
dog 0.3187006 153.13462829589844 201.10845947265625 171.8417205810547 219.9063720703125
dog 0.3158512 91.0122299194336 61.94203186035156 107.0302963256836 78.03480529785156
cat 0.3059324 91.0122299194336 61.94203186035156 107.0302963256836 78.03480529785156
cat 0.2846892 85.89142608642578 208.70973205566406 102.05582427978516 224.99620056152344
dog 0.26074535 63.05024719238281 85.93159484863281 92.23411560058594 115.26493835449219
deer 0.25065166 153.13462829589844 201.10845947265625 171.8417205810547 219.9063720703125
truck 0.24597111 153.09725952148438 201.14329528808594 171.93576049804688 220.02760314941406
cat 0.2448745 89.94197845458984 179.1913604736328 116.16040802001953 204.9518585205078
airplane 0.24003464 85.98294067382812 208.65611267089844 102.14923095703125 225.03697204589844
ship 0.22944623 89.94197845458984 179.1913604736328 116.16040802001953 204.9518585205078
bird 0.22374001 153.13462829589844 201.10845947265625 171.8417205810547 219.9063720703125
bird 0.21398309 85.89142608642578 208.70973205566406 102.05582427978516 224.99620056152344
deer 0.21156111 91.0122299194336 61.94203186035156 107.0302963256836 78.03480529785156
deer 0.20964253 63.05024719238281 85.93159484863281 92.23411560058594 115.26493835449219
automobile 0.20738328 85.98294067382812 208.65611267089844 102.14923095703125 225.03697204589844
