automobile 0.99704635 160.03253173828125 62.07438659667969 194.8751220703125 97.08009338378906
dog 0.99567544 200.0010223388672 24.073915481567383 238.08253479003906 61.946800231933594
dog 0.99550545 119.06736755371094 51.99440002441406 144.96144104003906 78.1522216796875
dog 0.9950489 119.92196655273438 81.76197052001953 145.82711791992188 108.10724639892578
bird 0.99364173 28.157115936279297 6.219097137451172 66.06524658203125 44.026363372802734
dog 0.98885953 102.118896484375 161.3876190185547 130.95867919921875 190.1669464111328
deer 0.9882034 70.97959899902344 88.08155822753906 100.01524353027344 116.96015930175781
frog 0.9876638 138.0429229736328 197.00405883789062 159.9176483154297 218.99911499023438
bird 0.98373437 3.895872116088867 176.1112823486328 29.954545974731445 202.1477508544922
ship 0.9740648 173.942138671875 203.03347778320312 205.89031982421875 234.98922729492188
bird 0.9739485 65.15065002441406 168.10597229003906 83.92921447753906 187.05213928222656
ship 0.9557566 19.104917526245117 206.86688232421875 40.99224090576172 228.93661499023438
deer 0.9546955 5.259367942810059 135.067138671875 36.99726104736328 166.90335083007812
frog 0.89676845 153.92263793945312 16.195585250854492 173.03646850585938 35.053680419921875
automobile 0.8803494 94.22544860839844 124.98564910888672 129.06265258789062 159.83775329589844
dog 0.84418106 94.39904022216797 125.0316390991211 129.03192138671875 159.47549438476562
ship 0.7729825 39.9582405090332 95.0089111328125 62.090763092041016 117.01258850097656
cat 0.76719993 185.12564086914062 113.1015853881836 214.08648681640625 142.0509796142578
airplane 0.75857806 40.19206619262695 95.01688385009766 61.93564224243164 116.93096160888672
cat 0.66461 73.15856170654297 198.72564697265625 111.58429718017578 236.10345458984375
airplane 0.52196056 19.097192764282227 207.0797882080078 41.122459411621094 229.1049041748047
dog 0.5035235 185.12564086914062 113.1015853881836 214.08648681640625 142.0509796142578
deer 0.48585412 73.03457641601562 198.13717651367188 111.16215515136719 235.94146728515625
truck 0.46241307 73.19356536865234 198.6734619140625 111.19954681396484 236.210205078125
cat 0.23117235 153.9175567626953 16.24142837524414 172.9987030029297 34.973636627197266
frog 0.22851807 185.12564086914062 113.1015853881836 214.08648681640625 142.0509796142578
bird 0.22133839 185.12564086914062 113.1015853881836 214.08648681640625 142.0509796142578
