truck 0.9980065 79.95407104492188 160.08221435546875 117.96278381347656 197.89822387695312
dog 0.9976035 201.93429565429688 140.13328552246094 230.848388671875 168.86436462402344
automobile 0.9967992 33.01023864746094 110.04732513427734 59.11897277832031 136.11338806152344
automobile 0.99565923 13.849283218383789 21.089431762695312 45.023406982421875 52.941795349121094
frog 0.99532527 205.12208557128906 24.998762130737305 237.10581970214844 56.430694580078125
truck 0.9870106 39.15144348144531 205.08432006835938 76.89785766601562 243.09542846679688
deer 0.9863006 119.0540542602539 34.03016662597656 151.102783203125 66.19761657714844
ship 0.98501337 83.02989196777344 211.1611328125 118.159423828125 245.87069702148438
deer 0.98302305 62.03346633911133 130.02359008789062 84.04037475585938 151.95675659179688
airplane 0.9810461 151.98846435546875 12.031488418579102 174.01202392578125 34.06269836425781
bird 0.97270334 1.0300970077514648 213.033935546875 30.18486785888672 242.06707763671875
frog 0.9655047 107.13772583007812 8.117802619934082 126.04698181152344 26.97665786743164
bird 0.9582486 200.99635314941406 3.0317697525024414 219.93211364746094 21.98389434814453
deer 0.9375489 139.08692932128906 187.02577209472656 167.9497528076172 215.7932891845703
deer 0.9118192 145.94940185546875 150.0089874267578 161.95181274414062 166.02699279785156
deer 0.8880523 77.91458129882812 71.26997375488281 103.97805786132812 96.88920593261719
cat 0.7186827 39.999183654785156 83.11277770996094 62.37147521972656 104.78866577148438
automobile 0.71333206 110.12134552001953 118.0652084350586 131.9598846435547 139.91322326660156
truck 0.6887428 110.2035140991211 118.03892517089844 132.07534790039062 139.66746520996094
frog 0.5502516 167.98898315429688 80.05308532714844 194.02291870117188 106.04205322265625
dog 0.47664437 167.98898315429688 80.05308532714844 194.02291870117188 106.04205322265625
cat 0.44652677 145.94940185546875 150.0089874267578 161.95181274414062 166.02699279785156
truck 0.32570457 167.98898315429688 80.05308532714844 194.02291870117188 106.04205322265625
frog 0.31452674 39.999183654785156 83.11277770996094 62.37147521972656 104.78866577148438
cat 0.2668901 77.99220275878906 71.36974334716797 104.06887817382812 96.81391143798828
automobile 0.23742324 83.0561752319336 211.0762176513672 118.06009674072266 245.8142852783203
