airplane 0.9987283 207.76019287109375 24.918197631835938 240.13595581054688 57.098968505859375
automobile 0.99837166 97.1065902709961 8.300965309143066 122.9570083618164 34.171653747558594
frog 0.99825907 93.91556549072266 110.1829833984375 123.03301239013672 139.2252197265625
dog 0.9976468 65.85211181640625 47.99961471557617 94.97776794433594 76.96762084960938
ship 0.9976186 100.06336975097656 142.9933319091797 119.01507568359375 162.02308654785156
truck 0.9972667 177.9621124267578 160.06875610351562 207.11561584472656 189.15045166015625
automobile 0.9972602 59.949737548828125 128.84869384765625 86.14244079589844 154.90789794921875
ship 0.9972383 147.9664764404297 65.95360565185547 177.0336151123047 95.10497283935547
frog 0.99686503 15.037616729736328 199.0777587890625 47.03096389770508 230.97030639648438
airplane 0.995829 40.12939453125 86.10008239746094 74.92518615722656 121.21449279785156
deer 0.9947276 97.00787353515625 189.0712127685547 134.94039916992188 226.88633728027344
automobile 0.9941738 171.94036865234375 115.90034484863281 198.01644897460938 142.3401336669922
deer 0.99381757 194.01600646972656 89.05852508544922 213.00550842285156 108.09098052978516
truck 0.9925958 67.20601654052734 211.08360290527344 92.97856903076172 237.12684631347656
deer 0.9195485 103.02909851074219 38.02894973754883 138.03175354003906 72.96609497070312
bird 0.79880154 135.99728393554688 120.01509094238281 168.06658935546875 152.00401306152344
deer 0.7959225 4.085783958435059 111.12400817871094 32.95673370361328 139.9217529296875
bird 0.7281418 0.982792854309082 56.16442108154297 22.997509002685547 78.08817291259766
deer 0.6944425 135.99728393554688 120.01509094238281 168.06658935546875 152.00401306152344
dog 0.6528399 165.9828643798828 17.059967041015625 204.10716247558594 54.949501037597656
frog 0.54907364 0.8034343719482422 56.04750442504883 22.987384796142578 78.11316680908203
dog 0.52520746 0.9306373596191406 56.14079284667969 23.12505340576172 78.10653686523438
cat 0.28903162 4.053099632263184 111.08717346191406 33.08637237548828 140.0021209716797
bird 0.28279 103.14201354980469 37.91655349731445 138.0240020751953 72.90510559082031
cat 0.26417935 166.11190795898438 17.94523048400879 203.43890380859375 55.25611114501953
airplane 0.24740532 3.989604949951172 111.11017608642578 33.119850158691406 139.9918212890625
