truck 0.99891746 111.95947265625 154.052001953125 141.07489013671875 183.00454711914062
automobile 0.9964711 180.1031951904297 117.07056427001953 198.9305877685547 135.9673309326172
frog 0.9958117 0.9237518310546875 120.27925109863281 30.046070098876953 149.07276916503906
cat 0.9943669 13.947933197021484 215.07919311523438 42.92100143432617 243.88510131835938
cat 0.99400276 47.09162902832031 159.04934692382812 85.04579162597656 196.99127197265625
automobile 0.99399173 190.08987426757812 10.03353500366211 211.78118896484375 31.75363540649414
truck 0.9932008 179.08609008789062 197.0474090576172 198.151123046875 215.98915100097656
truck 0.98953485 210.08370971679688 136.99806213378906 232.059814453125 159.14735412597656
deer 0.97371936 99.04688262939453 128.07447814941406 114.9944839477539 143.9478302001953
dog 0.9696063 129.1195831298828 103.20378112792969 163.95729064941406 138.23361206054688
deer 0.93998826 151.06443786621094 60.027748107910156 167.06285095214844 75.97296905517578
ship 0.936151 36.16937255859375 100.91596984863281 61.944061279296875 127.03669738769531
deer 0.9177482 97.02517700195312 58.95338439941406 113.020263671875 74.96202087402344
ship 0.8497634 72.66696166992188 90.7593002319336 92.00457763671875 111.01935577392578
truck 0.77164924 213.13267517089844 17.990415573120117 231.97035217285156 36.963157653808594
ship 0.7587951 213.13267517089844 17.990415573120117 231.97035217285156 36.963157653808594
deer 0.7488331 90.03462219238281 7.0941619873046875 106.14613342285156 23.134973526000977
dog 0.68800044 212.01832580566406 161.01754760742188 233.88072204589844 182.94271850585938
deer 0.67903584 36.16937255859375 100.91596984863281 61.944061279296875 127.03669738769531
cat 0.59855443 90.03462219238281 7.0941619873046875 106.14613342285156 23.134973526000977
bird 0.55030257 90.10115051269531 6.947483062744141 106.12117004394531 23.093107223510742
automobile 0.4725845 189.2014617919922 87.32320404052734 211.24378967285156 108.89702606201172
truck 0.4224943 189.2014617919922 87.32320404052734 211.24378967285156 108.89702606201172
dog 0.4204927 122.24905395507812 71.44058227539062 148.08477783203125 97.16119384765625
cat 0.3982947 122.141845703125 71.42823791503906 147.93368530273438 97.22006225585938
cat 0.37545756 99.03620910644531 128.02561950683594 114.93705749511719 143.94667053222656
airplane 0.32110867 212.04054260253906 161.26217651367188 233.83668518066406 182.947998046875
ship 0.31537753 189.28721618652344 87.13030242919922 211.1620635986328 109.11336517333984
bird 0.30794957 212.01832580566406 161.01754760742188 233.88072204589844 182.94271850585938
automobile 0.28290996 212.01832580566406 161.01754760742188 233.88072204589844 182.94271850585938
