automobile 0.9983394 119.07157135009766 58.11266326904297 145.078125 84.19353485107422
truck 0.99459183 2.948823928833008 7.956270217895508 41.06684112548828 45.899940490722656
deer 0.9855062 54.07855224609375 25.05409049987793 76.09365844726562 47.022850036621094
deer 0.98452675 152.9525909423828 58.06833267211914 172.00547790527344 77.04594421386719
frog 0.9798794 198.0166778564453 163.03378295898438 216.9749298095703 182.05856323242188
bird 0.9760208 201.01377868652344 208.2242431640625 220.03929138183594 227.07608032226562
airplane 0.9578761 47.047935485839844 168.19534301757812 81.90152740478516 203.10693359375
frog 0.95758545 112.04470825195312 98.01548767089844 134.0793914794922 120.07040405273438
airplane 0.95386136 183.1476593017578 65.04846954345703 214.98255920410156 97.06237030029297
bird 0.8980959 20.1492862701416 81.01211547851562 55.25993347167969 115.26519775390625
automobile 0.88718736 123.02899169921875 148.17710876464844 149.11294555664062 174.0952606201172
ship 0.8764656 97.02871704101562 32.12702178955078 119.1685791015625 54.038909912109375
frog 0.8450679 36.956459045410156 122.17446899414062 75.11486053466797 160.15029907226562
airplane 0.75979257 96.92121124267578 32.390289306640625 119.17972564697266 54.04011535644531
frog 0.7405505 20.06965446472168 81.00894165039062 55.165748596191406 115.4071044921875
bird 0.6828308 183.1476593017578 65.04846954345703 214.98255920410156 97.06237030029297
cat 0.62955356 36.793052673339844 122.16468048095703 75.03721618652344 160.02581787109375
ship 0.59984833 203.00099182128906 98.05084228515625 240.98097229003906 135.9299774169922
bird 0.49103642 112.14287567138672 97.90990447998047 133.9967041015625 119.92053985595703
dog 0.42511782 153.23504638671875 5.918691635131836 191.56076049804688 43.812896728515625
deer 0.38685587 203.04644775390625 98.09255981445312 240.81393432617188 135.88311767578125
cat 0.32681167 153.13597106933594 6.031307220458984 190.9469451904297 44.137264251708984
frog 0.27425957 151.07205200195312 119.16394805908203 183.01068115234375 151.09188842773438
bird 0.25761974 203.04644775390625 98.09255981445312 240.81393432617188 135.88311767578125
cat 0.23940665 151.03762817382812 119.14321899414062 183.0394287109375 150.9583740234375
