deer 0.99860036 165.10025024414062 58.993186950683594 181.0264892578125 74.98430633544922
frog 0.99775815 178.04379272460938 17.04407501220703 210.18728637695312 48.75629425048828
truck 0.996891 172.07626342773438 205.298828125 209.94781494140625 243.202880859375
truck 0.99657166 143.0509033203125 152.08470153808594 174.92788696289062 184.00694274902344
airplane 0.9962548 17.00367546081543 63.15725326538086 36.089820861816406 82.03903198242188
dog 0.99608254 100.26683807373047 192.2142333984375 137.75534057617188 229.98727416992188
bird 0.9960463 39.1013298034668 78.11531829833984 71.01521301269531 109.9512710571289
truck 0.99509 212.96469116210938 6.052310943603516 245.0172119140625 38.11057662963867
truck 0.993479 117.02317810058594 12.0881986618042 135.93417358398438 31.080989837646484
dog 0.9799854 30.02764129638672 194.10369873046875 61.876861572265625 226.04452514648438
deer 0.96710336 212.03713989257812 75.04222106933594 234.09231567382812 97.08027648925781
truck 0.96015763 184.97250366210938 131.97433471679688 222.96951293945312 169.99142456054688
airplane 0.9557453 211.07872009277344 195.1027374267578 229.94313049316406 214.0799102783203
frog 0.9551997 0.7902145385742188 98.08989715576172 27.21798324584961 123.98949432373047
automobile 0.8843329 197.06275939941406 108.11185455322266 213.00416564941406 123.89055633544922
frog 0.8406158 115.11113739013672 49.05332946777344 150.06961059570312 83.92237854003906
bird 0.82707775 64.09903717041016 34.86774444580078 98.96831512451172 70.01471710205078
deer 0.80433 67.96605682373047 190.0316925048828 97.39115142822266 218.97532653808594
ship 0.7339134 197.031982421875 108.03793334960938 212.96926879882812 123.94906616210938
airplane 0.70799613 185.05091857910156 131.925048828125 223.0471954345703 170.1268310546875
deer 0.5891485 115.11113739013672 49.05332946777344 150.06961059570312 83.92237854003906
automobile 0.5644305 41.1461181640625 141.13522338867188 75.65507507324219 176.05477905273438
ship 0.55250967 41.1299934387207 141.12057495117188 75.6898193359375 176.03903198242188
truck 0.48222908 197.031982421875 108.03793334960938 212.96926879882812 123.94906616210938
dog 0.3931312 41.1299934387207 141.12057495117188 75.6898193359375 176.03903198242188
bird 0.26753756 30.062580108642578 194.026611328125 61.904781341552734 226.09686279296875
airplane 0.25875616 67.96605682373047 190.0316925048828 97.39115142822266 218.97532653808594
frog 0.2214106 64.19706726074219 35.01233673095703 99.03433227539062 69.92484283447266
ship 0.21013069 212.1175537109375 75.19975280761719 234.25021362304688 96.97502136230469
truck 0.20847899 41.1299934387207 141.12057495117188 75.6898193359375 176.03903198242188
