airplane 0.9991672 16.110137939453125 184.153564453125 48.06128692626953 216.03887939453125
ship 0.99904704 202.875244140625 92.03519439697266 222.01443481445312 110.93404388427734
truck 0.998616 168.01747131347656 19.11001968383789 205.93321228027344 56.98955154418945
ship 0.9973429 64.97874450683594 13.133262634277344 91.40147399902344 39.00945281982422
airplane 0.9973245 135.0509796142578 89.18535614013672 163.80909729003906 118.08150482177734
truck 0.99629825 87.97834777832031 45.08641815185547 125.84815979003906 83.00273895263672
deer 0.993954 182.16490173339844 139.14022827148438 220.0203094482422 177.1016845703125
deer 0.9934552 91.13693237304688 213.00408935546875 128.9237823486328 250.96847534179688
deer 0.9909374 211.04782104492188 47.072509765625 243.08151245117188 78.84963989257812
dog 0.98856413 51.959781646728516 181.9639434814453 86.71046447753906 216.77272033691406
airplane 0.98777324 150.02655029296875 188.9313201904297 184.96218872070312 224.1409149169922
deer 0.9861021 84.05870056152344 114.3280258178711 118.96418762207031 148.9875030517578
deer 0.9848716 140.06419372558594 123.02336883544922 159.01918029785156 142.00970458984375
cat 0.97681385 172.22608947753906 90.97915649414062 201.0421905517578 120.03950500488281
truck 0.9694493 28.70824432373047 117.85731506347656 54.926124572753906 143.91978454589844
cat 0.8558248 44.08100128173828 41.13966751098633 76.05929565429688 73.03911590576172
truck 0.7163742 44.08100128173828 41.13966751098633 76.05929565429688 73.03911590576172
bird 0.70112675 200.80613708496094 201.9515380859375 232.97169494628906 234.25747680664062
deer 0.30380344 6.058173179626465 49.22718811035156 27.59566879272461 71.15316009521484
cat 0.24041021 6.058173179626465 49.22718811035156 27.59566879272461 71.15316009521484
dog 0.21607846 44.08100128173828 41.13966751098633 76.05929565429688 73.03911590576172
