ship 0.997731 69.98405456542969 28.12666130065918 108.06147766113281 65.98341369628906
bird 0.99632496 207.93409729003906 3.066814422607422 240.0975799560547 35.130088806152344
ship 0.9962808 172.844482421875 47.005958557128906 207.97634887695312 81.9369125366211
frog 0.9961126 57.10209655761719 173.27017211914062 88.82760620117188 204.94998168945312
automobile 0.99525607 96.1778335571289 95.31804656982422 128.00047302246094 126.92003631591797
bird 0.99458134 214.90316772460938 37.941429138183594 253.22683715820312 76.12027740478516
automobile 0.9943758 140.92222595214844 66.96569061279297 157.08934020996094 83.08170318603516
frog 0.9941906 106.08317565917969 164.03904724121094 137.98536682128906 196.07640075683594
dog 0.99236333 2.977994918823242 96.15455627441406 31.962385177612305 124.98774719238281
frog 0.9913146 160.1062469482422 170.67613220214844 195.52601623535156 206.5908966064453
cat 0.9840255 17.178699493408203 45.80093765258789 45.96723556518555 75.0359878540039
ship 0.9741133 58.96791458129883 85.9172592163086 87.9111099243164 114.97518157958984
ship 0.9650736 7.080617904663086 171.0264434814453 26.027719497680664 190.1559600830078
automobile 0.9334194 135.0813446044922 42.12673568725586 151.0485382080078 58.11849594116211
automobile 0.92306805 6.057106018066406 197.18849182128906 28.034549713134766 219.00611877441406
ship 0.9063866 37.98874282836914 179.98753356933594 53.73976516723633 196.0630340576172
cat 0.79414195 166.22793579101562 117.92034149169922 200.988037109375 153.10337829589844
automobile 0.7755592 204.0419464111328 113.04986572265625 239.0251922607422 148.01373291015625
dog 0.70927393 166.22793579101562 117.92034149169922 200.988037109375 153.10337829589844
cat 0.6341626 24.02886199951172 135.0098114013672 43.07689666748047 153.92308044433594
truck 0.6150985 204.11354064941406 113.13059997558594 238.98780822753906 148.1374969482422
cat 0.5708378 119.06553649902344 207.23822021484375 153.9746856689453 242.18167114257812
airplane 0.5302544 37.98957824707031 179.952392578125 53.746856689453125 196.06155395507812
frog 0.39542815 6.057106018066406 197.18849182128906 28.034549713134766 219.00611877441406
truck 0.3771666 135.08209228515625 42.149139404296875 151.08450317382812 58.10606384277344
frog 0.26202375 119.23291778564453 207.1799774169922 153.9573974609375 242.1190948486328
truck 0.26081288 119.06553649902344 207.23822021484375 153.9746856689453 242.18167114257812
deer 0.25935405 23.94670867919922 135.0568389892578 43.07228088378906 153.88829040527344
truck 0.2450484 58.979034423828125 85.89188385009766 87.88912963867188 115.0289535522461
truck 0.24044934 24.049531936645508 135.08984375 43.04766845703125 153.90127563476562
truck 0.21245977 37.98957824707031 179.952392578125 53.746856689453125 196.06155395507812
deer 0.20366555 37.97929382324219 179.9937744140625 53.692726135253906 196.05734252929688
