frog 0.99936414 10.029773712158203 96.12311553955078 38.915245056152344 124.7844467163086
frog 0.998731 200.043212890625 132.08230590820312 228.99618530273438 160.83233642578125
airplane 0.9974155 28.94936752319336 3.070465087890625 55.22189712524414 29.004276275634766
airplane 0.997366 140.08062744140625 19.12498664855957 172.04083251953125 51.048805236816406
airplane 0.99556017 60.061641693115234 61.076507568359375 88.9579849243164 90.02476501464844
bird 0.9942552 179.25912475585938 166.87454223632812 214.14889526367188 201.97311401367188
deer 0.99146223 28.001983642578125 177.1221466064453 63.141021728515625 212.1582794189453
frog 0.9894913 101.99803924560547 63.99932861328125 128.0355224609375 89.95762634277344
ship 0.97535753 190.9706268310547 205.01536560058594 226.19349670410156 239.99354553222656
frog 0.974826 29.843647003173828 214.9293212890625 55.967655181884766 241.09805297851562
cat 0.9641992 62.899085998535156 127.25654602050781 97.87566375732422 162.26832580566406
bird 0.94123673 199.10020446777344 84.17211151123047 218.12376403808594 102.9642105102539
automobile 0.9305576 78.09957122802734 200.0882110595703 100.0274429321289 222.07054138183594
frog 0.9216828 3.1242141723632812 193.1966094970703 22.008983612060547 212.01280212402344
cat 0.8549869 69.02115631103516 163.50889587402344 97.9616928100586 193.16758728027344
automobile 0.8266564 91.7229995727539 29.078105926513672 118.06006622314453 55.22480392456055
frog 0.6912938 91.7229995727539 29.078105926513672 118.06006622314453 55.22480392456055
airplane 0.68602026 148.078857421875 189.049072265625 174.174072265625 215.11770629882812
bird 0.6419223 91.7229995727539 29.078105926513672 118.06006622314453 55.22480392456055
dog 0.57172096 47.08128356933594 99.10233306884766 65.9758529663086 117.82738494873047
truck 0.5561743 78.11946868896484 200.25424194335938 99.81963348388672 222.07150268554688
deer 0.4069217 140.082275390625 119.06409454345703 172.16659545898438 151.0062713623047
dog 0.39048117 91.84794616699219 29.124263763427734 118.28604125976562 55.07107925415039
deer 0.3717748 91.7229995727539 29.078105926513672 118.06006622314453 55.22480392456055
dog 0.342063 30.024551391601562 214.98638916015625 55.911048889160156 240.97860717773438
bird 0.2984141 140.0425567626953 119.01808166503906 172.0612335205078 151.0944366455078
frog 0.293782 68.96978759765625 163.63662719726562 98.01918029785156 193.1597900390625
deer 0.28906947 68.83435821533203 163.6875762939453 98.0368423461914 193.31361389160156
deer 0.22280216 3.168600082397461 193.0477294921875 22.183969497680664 212.05844116210938
bird 0.21985486 191.06069946289062 205.19142150878906 226.19839477539062 239.91627502441406
ship 0.2066859 91.7229995727539 29.078105926513672 118.06006622314453 55.22480392456055
