truck 0.9989109 162.9680938720703 156.14312744140625 201.1094512939453 194.33694458007812
bird 0.99706185 116.9971923828125 201.11737060546875 155.12020874023438 238.95443725585938
ship 0.9966088 92.0096664428711 112.98808288574219 127.10559844970703 148.1271514892578
frog 0.9963157 35.08269500732422 126.06338500976562 69.9832763671875 161.10650634765625
cat 0.996083 8.311352729797363 48.16472244262695 40.22593307495117 79.191162109375
automobile 0.99378556 49.049556732177734 23.159940719604492 80.92329406738281 55.181724548339844
cat 0.99348533 31.09482765197754 193.03692626953125 65.9146957397461 227.96786499023438
airplane 0.99283266 204.76983642578125 162.03697204589844 239.90704345703125 196.9028778076172
ship 0.98782456 74.95710754394531 60.90178680419922 112.96932983398438 98.8723373413086
deer 0.9805269 149.90196228027344 8.17464542388916 176.00575256347656 34.314186096191406
deer 0.9781666 138.02090454101562 148.0955047607422 160.17361450195312 170.05186462402344
airplane 0.94885653 166.13900756835938 200.90023803710938 203.93624877929688 239.08441162109375
airplane 0.9318525 142.0496063232422 94.16724395751953 179.99021911621094 132.02108764648438
cat 0.90671504 113.98045349121094 19.14597511291504 142.99110412597656 48.032501220703125
cat 0.9035864 160.23065185546875 69.96437072753906 179.02529907226562 89.15826416015625
cat 0.8630322 162.13369750976562 37.659996032714844 187.88656616210938 63.95246887207031
bird 0.8568951 86.12272644042969 200.0814971923828 108.14854431152344 222.1506805419922
cat 0.760886 44.936927795410156 81.05777740478516 67.051025390625 103.02509307861328
cat 0.759925 191.05995178222656 87.1527099609375 220.20899963378906 116.37260437011719
dog 0.6852797 190.9654541015625 87.12333679199219 220.13748168945312 116.37358093261719
bird 0.49644297 44.936927795410156 81.05777740478516 67.051025390625 103.02509307861328
ship 0.39369494 48.93641662597656 23.090917587280273 80.95866394042969 55.160369873046875
dog 0.3611728 45.00423812866211 81.10387420654297 67.00037384033203 103.01245880126953
frog 0.29798096 138.1730194091797 148.04226684570312 159.9589080810547 169.8321533203125
bird 0.285335 142.02432250976562 94.11021423339844 179.93844604492188 131.96914672851562
dog 0.26494682 114.09457397460938 19.190256118774414 143.17538452148438 47.94310760498047
cat 0.22837764 166.00254821777344 201.03553771972656 204.03675842285156 238.96498107910156
airplane 0.22551471 149.90196228027344 8.17464542388916 176.00575256347656 34.314186096191406
cat 0.22198927 142.02432250976562 94.11021423339844 179.93844604492188 131.96914672851562
