ship 0.9994315 50.02931213378906 7.9686737060546875 79.06742858886719 36.64741897583008
ship 0.99850297 162.0395965576172 121.00534057617188 188.21961975097656 147.23812866210938
truck 0.99779546 65.12437438964844 137.9058380126953 91.01274108886719 163.9062957763672
ship 0.9973985 155.03326416015625 3.0988121032714844 190.0426025390625 37.89476776123047
airplane 0.99738467 163.0110321044922 45.99999237060547 184.90806579589844 68.03175354003906
automobile 0.9969766 104.03659057617188 93.11443328857422 123.00759887695312 111.94445037841797
deer 0.99583924 206.03749084472656 9.061132431030273 244.02784729003906 47.011558532714844
automobile 0.99539053 1.9052753448486328 215.15771484375 37.068145751953125 249.97018432617188
airplane 0.9952907 54.06310272216797 41.1818733215332 92.01351165771484 79.23526000976562
bird 0.9952581 184.84397888183594 81.77323150634766 201.0504608154297 98.1409683227539
deer 0.98990357 109.15924835205078 16.875980377197266 146.8158721923828 54.95772933959961
ship 0.9871392 192.9867401123047 63.12217330932617 209.03623962402344 78.94303131103516
dog 0.981799 98.00975799560547 142.07794189453125 120.05078887939453 163.9581298828125
frog 0.92352676 172.1300048828125 164.13938903808594 198.18453979492188 189.7410125732422
frog 0.88261634 50.964637756347656 86.73117065429688 67.04519653320312 102.98246765136719
dog 0.82535416 32.155311584472656 130.1048583984375 63.89384460449219 162.06082153320312
cat 0.76831394 139.03982543945312 187.0863494873047 170.9949951171875 219.0186004638672
deer 0.7174632 192.0430908203125 119.98693084716797 213.98709106445312 141.95654296875
airplane 0.6386776 191.97743225097656 119.99069213867188 214.02757263183594 141.98345947265625
bird 0.55898666 191.92849731445312 120.01000213623047 214.43698120117188 141.92913818359375
deer 0.5555218 139.03982543945312 187.0863494873047 170.9949951171875 219.0186004638672
bird 0.5212225 32.155311584472656 130.1048583984375 63.89384460449219 162.06082153320312
bird 0.40404144 98.37854766845703 142.1265869140625 119.95323944091797 163.98385620117188
deer 0.4037652 179.54098510742188 198.21266174316406 218.52993774414062 235.9436492919922
truck 0.27691954 147.96182250976562 80.06590270996094 183.08551025390625 115.19198608398438
cat 0.2726937 147.96762084960938 80.30792236328125 183.06671142578125 115.12435913085938
ship 0.26806062 139.03982543945312 187.0863494873047 170.9949951171875 219.0186004638672
dog 0.26346508 147.96182250976562 80.06590270996094 183.08551025390625 115.19198608398438
airplane 0.2433531 193.0030517578125 63.15039825439453 208.98446655273438 78.8147964477539
automobile 0.24187338 147.96182250976562 80.06590270996094 183.08551025390625 115.19198608398438
truck 0.22245026 50.91499328613281 86.73713684082031 66.9568099975586 102.91633605957031
deer 0.21938056 51.0535774230957 86.86217498779297 67.05037689208984 103.02664947509766
