bird 0.99817216 130.1593475341797 3.100741386413574 162.1315460205078 34.985923767089844
dog 0.9937985 134.1645050048828 141.31146240234375 164.90562438964844 172.91372680664062
airplane 0.99218506 141.9538116455078 92.15406799316406 164.03514099121094 113.93440246582031
ship 0.9920825 202.12818908691406 119.13899993896484 218.05897521972656 134.90110778808594
frog 0.9905622 10.042208671569824 37.96942138671875 35.99430465698242 64.11195373535156
cat 0.98781574 187.12757873535156 208.021240234375 221.90867614746094 243.0211181640625
airplane 0.9849321 164.0025177001953 178.05075073242188 180.12232971191406 194.13116455078125
dog 0.9848304 41.028621673583984 149.12216186523438 79.05009460449219 187.298828125
bird 0.9848102 108.0793228149414 197.94781494140625 133.92909240722656 224.22027587890625
deer 0.9784775 58.110084533691406 191.96859741210938 96.0873794555664 230.11038208007812
deer 0.96739095 60.14856719970703 25.99787712097168 94.90503692626953 61.062713623046875
deer 0.9246783 97.25481414794922 27.942787170410156 122.91846466064453 54.10845947265625
dog 0.91028106 63.04064178466797 95.08462524414062 101.0843734741211 132.88250732421875
ship 0.8433425 165.97695922851562 130.1019744873047 200.97604370117188 165.11973571777344
frog 0.8418504 212.9276580810547 165.98638916015625 251.06935119628906 204.0390625
airplane 0.77989745 176.06576538085938 41.964622497558594 211.05609130859375 77.02338409423828
airplane 0.77724767 214.8605194091797 45.960838317871094 250.02146911621094 80.91503143310547
deer 0.7692183 176.02389526367188 42.072547912597656 211.09326171875 77.16326141357422
truck 0.73169345 166.22479248046875 130.18218994140625 200.87908935546875 164.90457153320312
cat 0.5666069 212.9276580810547 165.98638916015625 251.06935119628906 204.0390625
frog 0.5576756 124.13848876953125 51.10640335083008 146.06057739257812 73.15061950683594
airplane 0.5224073 124.17408752441406 51.1680793762207 146.18348693847656 73.0599594116211
bird 0.4604096 214.916748046875 45.986412048339844 250.04275512695312 80.9324951171875
bird 0.45684764 99.14999389648438 140.27850341796875 124.88603210449219 166.16006469726562
cat 0.44498694 124.17408752441406 51.1680793762207 146.18348693847656 73.0599594116211
ship 0.41926897 164.06637573242188 178.09848022460938 180.08517456054688 194.04269409179688
cat 0.347946 99.14999389648438 140.27850341796875 124.88603210449219 166.16006469726562
deer 0.32264775 63.04064178466797 95.08462524414062 101.0843734741211 132.88250732421875
dog 0.2826659 143.85240173339844 216.12469482421875 172.88575744628906 245.02099609375
cat 0.26733446 214.8865509033203 45.956504821777344 249.9815216064453 81.02720642089844
dog 0.26535082 99.14999389648438 140.27850341796875 124.88603210449219 166.16006469726562
deer 0.25927532 214.8865509033203 45.956504821777344 249.9815216064453 81.02720642089844
cat 0.21370932 175.9690704345703 41.97040557861328 211.03724670410156 77.0171890258789
truck 0.21117896 214.916748046875 45.986412048339844 250.04275512695312 80.9324951171875
