dog 0.9982159 149.21524047851562 129.20809936523438 170.96469116210938 150.999267578125
bird 0.99738485 214.09556579589844 206.9613494873047 235.93931579589844 228.97352600097656
automobile 0.99685293 97.80502319335938 118.98301696777344 116.90721130371094 137.8772430419922
automobile 0.99554694 1.8713569641113281 170.10560607910156 37.033592224121094 204.92295837402344
automobile 0.9952871 15.996782302856445 3.9437732696533203 51.18647766113281 38.94566345214844
automobile 0.99428 206.13763427734375 94.11016845703125 225.03286743164062 112.92306518554688
dog 0.99214756 200.17787170410156 156.99354553222656 237.99330139160156 194.94139099121094
airplane 0.9918444 129.946044921875 6.006061553955078 168.0009765625 43.91633987426758
truck 0.99129534 163.00819396972656 46.019065856933594 184.9261932373047 67.86982727050781
airplane 0.989466 7.8724870681762695 60.019100189208984 36.86119079589844 88.83734893798828
frog 0.98814356 83.07034301757812 2.8861618041992188 117.95240783691406 38.00303649902344
frog 0.9853617 115.05453491210938 161.0847625732422 147.06704711914062 192.95936584472656
deer 0.97880805 64.11578369140625 159.99310302734375 86.10391235351562 182.12295532226562
frog 0.96372086 51.970829010009766 197.20030212402344 89.97747802734375 234.77574157714844
frog 0.8712609 208.03677368164062 51.995445251464844 234.17575073242188 78.0494155883789
deer 0.7400359 186.88406372070312 128.06173706054688 208.98651123046875 150.09329223632812
truck 0.63044554 70.26806640625 127.14810943603516 96.18998718261719 153.3180694580078
frog 0.58219 187.0189666748047 128.07989501953125 208.8191680908203 150.01174926757812
dog 0.517583 72.84580993652344 66.33103942871094 110.96101379394531 104.04359436035156
airplane 0.37553304 70.13605499267578 127.17890167236328 96.08873748779297 153.16961669921875
automobile 0.3161763 70.26806640625 127.14810943603516 96.18998718261719 153.3180694580078
bird 0.2710269 186.88406372070312 128.06173706054688 208.98651123046875 150.09329223632812
bird 0.2421118 208.03677368164062 51.995445251464844 234.17575073242188 78.0494155883789
