truck 0.99885386 98.02637481689453 215.96592712402344 126.92078399658203 244.9748992919922
truck 0.9982909 208.90235900878906 196.0103759765625 235.04554748535156 221.9591064453125
automobile 0.9977482 124.13750457763672 94.05441284179688 156.0225067138672 126.0682373046875
ship 0.9977273 137.11978149414062 173.09201049804688 175.09378051757812 210.990966796875
airplane 0.99746776 0.05839729309082031 146.0022735595703 32.0631103515625 178.0099639892578
automobile 0.9958928 164.05081176757812 3.157379150390625 199.05474853515625 37.949440002441406
automobile 0.9949032 48.1107292175293 209.9722900390625 70.05365753173828 231.971435546875
automobile 0.99437904 37.99362564086914 172.03321838378906 60.03653335571289 194.08909606933594
bird 0.9943747 85.11991882324219 9.115998268127441 113.98210144042969 37.97529602050781
truck 0.9943139 92.07776641845703 128.0768585205078 127.0777359008789 163.17735290527344
deer 0.99426115 129.01235961914062 53.8831787109375 154.89041137695312 79.97001647949219
frog 0.9924415 61.096458435058594 64.09729766845703 99.06206512451172 101.99358367919922
truck 0.9914048 202.03311157226562 132.97357177734375 231.05819702148438 162.045166015625
bird 0.99064875 159.96737670898438 212.83103942871094 195.020263671875 248.08580017089844
truck 0.9449873 207.9564208984375 36.180572509765625 236.78903198242188 65.05919647216797
bird 0.9225992 54.028072357177734 136.98678588867188 76.08059692382812 159.10684204101562
bird 0.8827995 183.9942169189453 110.02201843261719 206.0238494873047 132.03636169433594
cat 0.8667536 81.986572265625 184.07003784179688 104.01515197753906 206.1165771484375
ship 0.8502734 12.891772270202637 69.07062530517578 36.520668029785156 89.95587921142578
deer 0.64522034 82.12948608398438 183.8380889892578 104.09675598144531 206.05186462402344
deer 0.5203868 184.14300537109375 110.06085205078125 205.91708374023438 131.8762969970703
ship 0.32227975 54.09381103515625 137.21202087402344 76.14712524414062 159.07618713378906
frog 0.27494666 21.017017364501953 215.89175415039062 46.70347213745117 242.03924560546875
airplane 0.25720626 54.09381103515625 137.21202087402344 76.14712524414062 159.07618713378906
ship 0.20946932 82.12948608398438 183.8380889892578 104.09675598144531 206.05186462402344
