dog 0.99800694 184.12152099609375 41.180511474609375 209.9884033203125 66.71179962158203
truck 0.9954685 100.87779235839844 186.1027374267578 132.97891235351562 217.9656524658203
bird 0.9947886 202.03228759765625 68.09545135498047 239.97640991210938 106.03292083740234
airplane 0.99412525 122.0699691772461 40.04751205444336 156.98704528808594 74.9691162109375
frog 0.9936967 142.090576171875 190.0367889404297 177.11007690429688 225.00706481933594
airplane 0.9933431 6.2315473556518555 68.17143249511719 37.92320251464844 100.05763244628906
automobile 0.99283624 78.07786560058594 71.05773162841797 113.01805114746094 105.9457015991211
cat 0.9923221 38.30256652832031 100.99664306640625 73.01097106933594 135.85055541992188
automobile 0.9895793 202.02862548828125 8.043232917785645 218.0755615234375 24.04709243774414
bird 0.9871614 55.13091278076172 180.10984802246094 90.1176986694336 215.12867736816406
airplane 0.96028286 6.991159439086914 197.04171752929688 26.077890396118164 216.10345458984375
cat 0.95005655 125.18910217285156 151.96189880371094 151.04518127441406 177.88059997558594
ship 0.9292861 180.1073760986328 119.93142700195312 217.92674255371094 157.87326049804688
airplane 0.85384345 206.20973205566406 161.09315490722656 244.06480407714844 199.0448455810547
bird 0.8406323 94.168701171875 126.24910736083984 122.96762084960938 155.08929443359375
cat 0.8244239 36.108497619628906 141.02273559570312 52.025169372558594 156.988525390625
airplane 0.7606999 102.0560302734375 27.01679039001465 118.05255126953125 43.046669006347656
airplane 0.60475135 114.89855194091797 86.91931915283203 147.199951171875 119.10498809814453
airplane 0.5958582 64.32018280029297 34.93857955932617 79.98567962646484 50.9253044128418
truck 0.49373326 35.9713020324707 141.0791473388672 52.012508392333984 156.8976287841797
truck 0.47099918 114.92678833007812 86.97909545898438 147.1455078125 119.03813171386719
cat 0.42872745 64.32018280029297 34.93857955932617 79.98567962646484 50.9253044128418
dog 0.37872386 25.185333251953125 15.20608901977539 63.102752685546875 52.9846305847168
cat 0.37188017 6.991159439086914 197.04171752929688 26.077890396118164 216.10345458984375
dog 0.3418658 36.108497619628906 141.02273559570312 52.025169372558594 156.988525390625
truck 0.33542094 179.98121643066406 119.95174407958984 217.8971405029297 157.9705810546875
ship 0.30755445 206.35842895507812 161.80520629882812 244.58859252929688 199.07098388671875
dog 0.27469414 125.18910217285156 151.96189880371094 151.04518127441406 177.88059997558594
frog 0.2417202 35.9713020324707 141.0791473388672 52.012508392333984 156.8976287841797
airplane 0.240168 180.02200317382812 119.92597961425781 217.970458984375 158.0231475830078
ship 0.21457943 114.88581085205078 86.93222045898438 147.20118713378906 119.00540161132812
ship 0.21181205 202.011962890625 8.062417984008789 218.09133911132812 23.990808486938477
dog 0.2076892 102.05687713623047 26.916824340820312 118.0517807006836 43.16270446777344
