truck 0.9989847 56.96953582763672 158.9287567138672 92.08734893798828 193.97679138183594
automobile 0.99763596 0.15012168884277344 184.97918701171875 19.0693416595459 204.27029418945312
truck 0.99745286 65.89359283447266 95.23103332519531 103.88553619384766 133.00799560546875
ship 0.9967038 211.94534301757812 215.97157287597656 231.06301879882812 234.99378967285156
truck 0.99618876 29.188974380493164 103.93734741210938 47.949867248535156 122.97824096679688
deer 0.99514055 205.9539031982422 104.10474395751953 240.8331756591797 138.88565063476562
deer 0.9948727 130.07083129882812 198.06576538085938 155.94927978515625 224.03021240234375
airplane 0.993921 15.055018424987793 154.83056640625 44.04136657714844 183.95156860351562
truck 0.992349 167.9599609375 60.006961822509766 202.95498657226562 95.07809448242188
automobile 0.9915749 206.9940185546875 160.0245361328125 242.03836059570312 195.04348754882812
frog 0.99065876 89.0208511352539 52.102935791015625 127.16504669189453 90.21536254882812
dog 0.9882618 48.58763122558594 29.9031982421875 76.16142272949219 59.18888854980469
cat 0.9640916 25.129819869995117 211.2295379638672 59.96398162841797 245.98316955566406
airplane 0.94147426 9.021723747253418 110.1591796875 27.941387176513672 129.04444885253906
deer 0.9083754 125.04359436035156 6.9802961349487305 147.12339782714844 29.23987579345703
ship 0.90426826 147.0040283203125 91.0169677734375 166.09591674804688 110.13914489746094
truck 0.73307943 8.961531639099121 110.171875 27.88260269165039 129.01925659179688
cat 0.6483431 98.12616729736328 134.02682495117188 129.96072387695312 166.18051147460938
dog 0.5598099 98.12616729736328 134.02682495117188 129.96072387695312 166.18051147460938
airplane 0.40917343 107.8892822265625 94.10376739501953 142.99359130859375 129.03115844726562
airplane 0.34018925 146.991455078125 91.05677795410156 166.03228759765625 110.12432861328125
bird 0.25632805 146.991455078125 91.05677795410156 166.03228759765625 110.12432861328125
airplane 0.23955241 125.00448608398438 6.974952697753906 147.04296875 29.093711853027344
truck 0.21318272 98.14846801757812 134.1319122314453 129.78903198242188 166.18727111816406
deer 0.20581564 98.14846801757812 134.1319122314453 129.78903198242188 166.18727111816406
