automobile 0.99703777 170.13584899902344 98.13674926757812 196.1214141845703 124.35372924804688
bird 0.99645513 126.14848327636719 19.07482147216797 158.07286071777344 51.070167541503906
automobile 0.9964324 100.06243133544922 173.19277954101562 128.9749298095703 201.99740600585938
bird 0.9957071 54.95917892456055 25.001609802246094 84.01052856445312 53.951759338378906
cat 0.9940114 69.25040435791016 75.18804168701172 100.9885482788086 106.8429183959961
truck 0.99385345 194.9733123779297 131.04527282714844 233.0338897705078 168.77854919433594
ship 0.99357533 29.153043746948242 69.07732391357422 64.05012512207031 104.11026763916016
deer 0.9934897 176.9558868408203 210.0450897216797 214.9375457763672 247.95643615722656
truck 0.9915949 0.12470054626464844 159.11329650878906 26.17596435546875 185.0067596435547
airplane 0.99109113 152.07290649414062 128.15386962890625 184.03094482421875 159.93212890625
automobile 0.98829377 151.04966735839844 175.2320556640625 173.0001983642578 197.01809692382812
cat 0.98467946 13.012611389160156 107.85781860351562 51.046844482421875 145.90257263183594
deer 0.98238415 105.0560302734375 130.1190185546875 130.9259796142578 156.23922729492188
dog 0.9577407 191.10821533203125 33.01408767700195 210.00576782226562 51.9821662902832
frog 0.9181861 6.007234573364258 19.055992126464844 38.08451843261719 50.93822479248047
dog 0.7646945 208.89891052246094 93.0490493774414 231.05677795410156 115.04573822021484
bird 0.76200366 20.054468154907227 193.29954528808594 57.856353759765625 231.04734802246094
bird 0.7260902 150.08522033691406 64.08313751220703 179.0254669189453 93.07357025146484
cat 0.6479901 132.96446228027344 94.95099639892578 164.6393585205078 127.31224822998047
frog 0.60676616 132.98631286621094 94.98884582519531 164.46742248535156 127.19393920898438
deer 0.58586055 150.05621337890625 64.12651824951172 178.96954345703125 93.11946868896484
bird 0.31187063 105.16008758544922 130.0300750732422 130.88937377929688 156.0341339111328
deer 0.28328627 209.18515014648438 92.99240112304688 230.9453125 114.94593811035156
dog 0.25173262 20.04429817199707 193.14743041992188 58.05143737792969 231.08721923828125
cat 0.22781125 31.898944854736328 166.23062133789062 57.94984817504883 191.993408203125
bird 0.21580821 31.898944854736328 166.23062133789062 57.94984817504883 191.993408203125
