truck 0.99963415 49.8369255065918 102.08320617675781 72.08622741699219 124.10081481933594
airplane 0.99913865 2.9584083557128906 23.102731704711914 35.161285400390625 55.01458740234375
airplane 0.99878216 72.91961669921875 215.9780731201172 102.02107238769531 245.00804138183594
truck 0.99858105 162.90931701660156 168.01278686523438 182.0959014892578 187.0079345703125
automobile 0.9965308 28.04111099243164 153.1479034423828 59.9888801574707 184.95396423339844
bird 0.99563444 63.04961013793945 188.9834747314453 84.94880676269531 211.02525329589844
automobile 0.9946239 155.12896728515625 68.96929931640625 189.90493774414062 103.82249450683594
truck 0.9913987 193.13894653320312 210.9933624267578 209.09393310546875 227.0681610107422
dog 0.9842557 160.99607849121094 216.11367797851562 180.0246124267578 235.0611572265625
bird 0.9831743 136.03466796875 9.310449600219727 161.895263671875 35.080055236816406
ship 0.9767227 79.99088287353516 165.95193481445312 96.02936553955078 182.06338500976562
cat 0.9762137 161.8709716796875 105.26801300048828 178.20046997070312 121.09563446044922
cat 0.9410685 8.225318908691406 103.06816864013672 42.87353515625 138.03067016601562
deer 0.93997836 66.06719207763672 61.067298889160156 84.89493560791016 80.0257797241211
truck 0.9096823 104.14954376220703 64.97162628173828 123.05216217041016 83.99846649169922
automobile 0.8688623 34.08564376831055 209.1420440673828 59.9426383972168 234.7501983642578
ship 0.86136234 120.14262390136719 144.04006958007812 157.9565887451172 182.01333618164062
ship 0.78804624 79.16030883789062 17.03820037841797 113.87171936035156 51.743316650390625
automobile 0.6735563 79.09302520751953 17.020103454589844 113.98503875732422 51.840187072753906
dog 0.6114214 204.03933715820312 80.220947265625 229.715087890625 106.05616760253906
cat 0.6086963 204.13357543945312 80.24957275390625 229.78369140625 106.09378051757812
airplane 0.5204856 120.14262390136719 144.04006958007812 157.9565887451172 182.01333618164062
ship 0.4513213 104.14954376220703 64.97162628173828 123.05216217041016 83.99846649169922
truck 0.4172179 34.0025634765625 208.9996795654297 59.91917419433594 234.8125762939453
cat 0.381814 65.98796081542969 61.15571594238281 84.85464477539062 80.01576232910156
automobile 0.3691513 79.99088287353516 165.95193481445312 96.02936553955078 182.06338500976562
automobile 0.3567726 104.14954376220703 64.97162628173828 123.05216217041016 83.99846649169922
cat 0.35320848 136.03466796875 9.310449600219727 161.895263671875 35.080055236816406
airplane 0.34740382 34.0025634765625 208.9996795654297 59.91917419433594 234.8125762939453
frog 0.33228338 34.0025634765625 208.9996795654297 59.91917419433594 234.8125762939453
cat 0.3158223 192.12733459472656 162.99111938476562 211.0416717529297 182.14492797851562
dog 0.24357656 65.98796081542969 61.15571594238281 84.85464477539062 80.01576232910156
deer 0.21476752 192.12733459472656 162.99111938476562 211.0416717529297 182.14492797851562
truck 0.2125409 65.98796081542969 61.15571594238281 84.85464477539062 80.01576232910156
truck 0.20449305 161.8709716796875 105.26801300048828 178.20046997070312 121.09563446044922
