automobile 0.99862397 112.98655700683594 107.1370620727539 135.03924560546875 129.03758239746094
ship 0.99718004 1.9993534088134766 164.06842041015625 24.00665855407715 185.96560668945312
airplane 0.9967903 58.00574493408203 138.0294952392578 89.9574203491211 170.08009338378906
deer 0.9953736 163.11370849609375 123.05851745605469 184.953857421875 144.98765563964844
frog 0.9925983 126.03133392333984 178.12899780273438 154.72906494140625 206.93740844726562
frog 0.98450434 102.17638397216797 37.189552307128906 128.2098846435547 62.984405517578125
airplane 0.9553609 16.011642456054688 20.025554656982422 44.980079650878906 48.96933364868164
bird 0.9425987 74.22686767578125 37.039817810058594 100.03916931152344 62.960166931152344
automobile 0.93793267 206.21337890625 170.99497985839844 237.9342041015625 202.94483947753906
automobile 0.9290266 1.9158878326416016 90.12823486328125 20.976686477661133 108.97538757324219
ship 0.90493447 196.16477966308594 127.13465118408203 231.0022735595703 161.9488525390625
cat 0.89440143 197.98033142089844 209.04931640625 217.02406311035156 228.01107788085938
truck 0.8628677 89.94408416748047 74.8253173828125 119.02423858642578 104.04875183105469
bird 0.7479466 46.02314758300781 196.14669799804688 75.06913757324219 225.07199096679688
cat 0.74750626 213.0568389892578 4.073539733886719 235.05052185058594 26.061050415039062
cat 0.73434067 196.0341796875 127.01687622070312 231.02694702148438 162.06631469726562
bird 0.7316355 89.03970336914062 6.692049980163574 117.91058349609375 35.75043869018555
dog 0.5368568 213.08290100097656 4.105999946594238 235.04237365722656 25.95897674560547
automobile 0.5231396 89.94970703125 74.88481140136719 119.10017395019531 104.06072998046875
truck 0.5024705 206.21310424804688 170.97970581054688 237.934814453125 203.09524536132812
bird 0.4577571 213.08290100097656 4.105999946594238 235.04237365722656 25.95897674560547
truck 0.41773477 1.9158878326416016 90.12823486328125 20.976686477661133 108.97538757324219
ship 0.37335706 16.13388442993164 20.027908325195312 44.965057373046875 48.979469299316406
airplane 0.32539338 197.98033142089844 209.04931640625 217.02406311035156 228.01107788085938
automobile 0.26705444 88.93565368652344 6.658276557922363 118.07569885253906 35.678340911865234
dog 0.26521248 46.02314758300781 196.14669799804688 75.06913757324219 225.07199096679688
deer 0.26389563 88.93565368652344 6.658276557922363 118.07569885253906 35.678340911865234
bird 0.21237737 197.98033142089844 209.04931640625 217.02406311035156 228.01107788085938
