ship 0.99908817 110.8255386352539 215.75985717773438 139.9224853515625 245.31417846679688
truck 0.9989979 169.01849365234375 28.027423858642578 190.82284545898438 50.0212516784668
automobile 0.9980923 123.15653228759766 8.123350143432617 152.0402374267578 37.05853271484375
cat 0.99800146 138.09996032714844 125.93151092529297 170.05555725097656 158.24903869628906
ship 0.9979216 36.047584533691406 165.03997802734375 73.95703125 203.0853271484375
ship 0.99720955 203.18331909179688 145.16004943847656 241.00930786132812 182.91151428222656
bird 0.99636745 205.90530395507812 108.16773223876953 235.16983032226562 137.0729522705078
frog 0.9931855 149.8542022705078 196.0283660888672 175.9813995361328 222.08909606933594
cat 0.98048353 24.110401153564453 109.00314331054688 55.8329963684082 141.0077362060547
frog 0.9056064 37.007259368896484 18.066402435302734 56.0372428894043 36.94978713989258
bird 0.7616501 185.95361328125 216.00164794921875 218.04620361328125 248.03768920898438
automobile 0.7487061 193.12765502929688 42.00185775756836 227.90701293945312 76.92877197265625
deer 0.70137393 77.983154296875 214.16757202148438 109.91830444335938 246.0146484375
cat 0.6058849 87.23298645019531 86.05790710449219 122.05586242675781 121.07978820800781
cat 0.60427487 47.000091552734375 69.9753189086914 85.37841796875 107.98783111572266
bird 0.5780251 47.029205322265625 70.07029724121094 85.42436218261719 107.96485900878906
dog 0.54862344 91.97999572753906 31.931716918945312 108.03579711914062 47.94978332519531
dog 0.5473126 46.878082275390625 69.68772888183594 85.33743286132812 107.43255615234375
cat 0.48869947 78.05301666259766 214.1050262451172 109.90251922607422 245.9890594482422
deer 0.4669085 91.97999572753906 31.931716918945312 108.03579711914062 47.94978332519531
bird 0.44845316 87.12590026855469 86.08747100830078 122.14450073242188 121.10211944580078
dog 0.44749296 87.15310668945312 86.13088989257812 122.05349731445312 121.24400329589844
frog 0.42272085 78.05301666259766 214.1050262451172 109.90251922607422 245.9890594482422
cat 0.40945473 91.9903335571289 31.964555740356445 107.90467071533203 47.99480438232422
ship 0.37288925 193.05596923828125 42.11500549316406 227.96255493164062 76.92356872558594
frog 0.31096768 185.95361328125 216.00164794921875 218.04620361328125 248.03768920898438
cat 0.27401263 212.99911499023438 24.158708572387695 228.97128295898438 40.09550476074219
cat 0.26346755 186.21649169921875 216.00448608398438 217.92855834960938 248.0533447265625
deer 0.23897833 47.000091552734375 69.9753189086914 85.37841796875 107.98783111572266
truck 0.23342335 193.05596923828125 42.11500549316406 227.96255493164062 76.92356872558594
bird 0.23064995 212.99911499023438 24.158708572387695 228.97128295898438 40.09550476074219
deer 0.22252744 186.02883911132812 215.98939514160156 217.95541381835938 248.0532684326172
dog 0.20700696 77.82087707519531 214.1788787841797 109.89642333984375 245.9928741455078
