ship 0.99908406 213.1573944091797 163.13479614257812 244.98634338378906 195.06448364257812
automobile 0.9987438 180.9347381591797 84.25537109375 210.17527770996094 112.89410400390625
bird 0.99469256 178.0765380859375 157.0227508544922 204.14288330078125 183.0571746826172
dog 0.98927736 13.215311050415039 75.98616027832031 51.12139892578125 114.11468505859375
frog 0.9885105 124.19568634033203 121.1114730834961 155.97491455078125 153.11563110351562
cat 0.9859072 22.102752685546875 36.10149002075195 47.910186767578125 61.76095962524414
airplane 0.969669 87.05744934082031 94.10148620605469 105.94322204589844 112.96159362792969
airplane 0.9485959 93.01114654541016 165.16746520996094 130.9698486328125 202.80897521972656
deer 0.9077488 204.18392944335938 28.976736068725586 239.03958129882812 63.93061065673828
airplane 0.8940637 158.0131378173828 138.0130615234375 176.96006774902344 156.79168701171875
frog 0.86294854 136.09706115722656 161.12322998046875 161.9501495361328 186.8848876953125
ship 0.85492325 49.429359436035156 4.641842842102051 79.21048736572266 31.755138397216797
frog 0.69920266 197.03341674804688 200.97152709960938 223.1300048828125 227.11553955078125
ship 0.67246497 158.0538330078125 138.11471557617188 177.08935546875 156.94418334960938
bird 0.521412 204.18392944335938 28.976736068725586 239.03958129882812 63.93061065673828
cat 0.50850165 90.41702270507812 17.3356876373291 128.1747283935547 54.851402282714844
ship 0.4095073 93.03450775146484 165.13417053222656 130.9246826171875 202.9129180908203
automobile 0.40306184 49.20867156982422 4.55458927154541 79.10140228271484 31.73929214477539
dog 0.35324508 176.9637908935547 116.88848876953125 192.9860076904297 133.04833984375
bird 0.34527946 49.422027587890625 4.630462646484375 79.20069885253906 31.797481536865234
ship 0.32145774 86.94115447998047 94.12548828125 105.9954605102539 112.86819458007812
cat 0.27176857 16.846710205078125 166.4082489013672 34.34748458862305 184.2556610107422
dog 0.23532024 144.10365295410156 92.99600219726562 159.90638732910156 109.05886840820312
truck 0.21739724 197.03341674804688 200.97152709960938 223.1300048828125 227.11553955078125
cat 0.21444523 136.09706115722656 161.12322998046875 161.9501495361328 186.8848876953125
bird 0.2077176 144.10365295410156 92.99600219726562 159.90638732910156 109.05886840820312
