bird 0.9984523 138.06021118164062 193.04832458496094 170.08612060546875 224.99964904785156
ship 0.99822366 142.16049194335938 36.63457107543945 180.0556640625 74.05999755859375
truck 0.99815005 6.996267318725586 60.124549865722656 39.101776123046875 92.09627532958984
airplane 0.99767005 162.12637329101562 149.0990447998047 194.0294189453125 180.98094177246094
airplane 0.99337476 75.10877227783203 189.02597045898438 110.1261215209961 224.02899169921875
airplane 0.99113744 197.1281280517578 65.1522216796875 223.0599822998047 91.13345336914062
bird 0.9905614 97.98648071289062 89.04713439941406 133.04385375976562 123.98617553710938
deer 0.9904733 198.92718505859375 141.08248901367188 234.06686401367188 176.01852416992188
dog 0.9901284 85.00700378417969 0.8665027618408203 103.93055725097656 20.066184997558594
dog 0.9857753 80.16988372802734 52.96582794189453 108.87076568603516 82.0092544555664
truck 0.96308315 171.3953399658203 193.1178741455078 199.80201721191406 221.98756408691406
frog 0.95544887 6.045328140258789 208.865478515625 43.89746856689453 247.10067749023438
bird 0.9485515 210.02793884277344 105.02803802490234 228.99888610839844 123.94269561767578
deer 0.9379902 75.01960754394531 141.26544189453125 104.05926513671875 170.00985717773438
deer 0.9359579 41.04125213623047 150.02737426757812 66.87458038330078 176.31118774414062
ship 0.91074455 179.94998168945312 94.9950942993164 196.115234375 111.09041595458984
airplane 0.8598652 49.87571716308594 88.96172332763672 85.09283447265625 123.94617462158203
frog 0.8204068 0.0 112.87336730957031 21.91090965270996 135.13401794433594
bird 0.8111818 49.87571716308594 88.96172332763672 85.09283447265625 123.94617462158203
dog 0.7486993 39.12645721435547 19.208927154541016 77.0403060913086 57.0268669128418
deer 0.66527855 179.94998168945312 94.9950942993164 196.115234375 111.09041595458984
frog 0.46767208 121.0276107788086 7.014324188232422 143.06210327148438 29.03439712524414
cat 0.3876058 121.0276107788086 7.014324188232422 143.06210327148438 29.03439712524414
bird 0.32258627 40.94163131713867 149.89596557617188 66.94931030273438 176.16073608398438
airplane 0.28808042 210.02793884277344 105.02803802490234 228.99888610839844 123.94269561767578
dog 0.2720465 0.00032901763916015625 112.94097137451172 22.019153594970703 135.04458618164062
frog 0.27117556 39.01644515991211 19.260671615600586 77.34840393066406 57.528236389160156
deer 0.2667328 121.0276107788086 7.014324188232422 143.06210327148438 29.03439712524414
deer 0.2662415 0.00032901763916015625 112.94097137451172 22.019153594970703 135.04458618164062
cat 0.25921702 0.00032901763916015625 112.94097137451172 22.019153594970703 135.04458618164062
deer 0.20572022 39.136539459228516 19.075096130371094 76.99183654785156 57.0880126953125
