automobile 0.99871707 195.91151428222656 148.08477783203125 225.0516815185547 176.89968872070312
airplane 0.9984944 186.11187744140625 93.16265869140625 218.170654296875 125.13545227050781
truck 0.99771804 162.09280395507812 68.03369903564453 181.04644775390625 87.05455780029297
bird 0.99587625 167.18939208984375 173.04327392578125 185.99856567382812 191.966796875
dog 0.99504733 69.04425811767578 187.91409301757812 104.0358657836914 222.98779296875
bird 0.99386597 72.98809814453125 29.04453468322754 111.03662109375 66.92537689208984
truck 0.99302757 135.18728637695312 205.00401306152344 160.94802856445312 231.1281280517578
dog 0.9861567 157.93667602539062 139.1391143798828 190.21441650390625 171.00767517089844
ship 0.98132527 198.02218627929688 54.008419036865234 216.9813232421875 73.03475952148438
automobile 0.98080516 13.090715408325195 14.132362365722656 35.0008544921875 35.96190643310547
frog 0.98001677 36.13237380981445 13.980520248413086 71.01100158691406 49.03083038330078
truck 0.96296746 134.19151306152344 11.12651252746582 156.04969787597656 32.3193359375
deer 0.9608252 12.043191909790039 109.22798156738281 44.356109619140625 140.88783264160156
dog 0.95436156 199.23313903808594 8.042476654052734 233.96031188964844 43.02105712890625
bird 0.9179473 206.9882354736328 180.91207885742188 236.12635803222656 210.2869873046875
bird 0.9126317 115.08394622802734 152.0550537109375 150.15982055664062 186.99273681640625
bird 0.6466503 157.8413848876953 139.06808471679688 190.13829040527344 171.12579345703125
bird 0.51066464 48.146217346191406 109.10562896728516 73.984375 134.97845458984375
frog 0.4192903 48.04399108886719 109.0870132446289 74.0058364868164 135.06646728515625
deer 0.40568948 207.10540771484375 180.88851928710938 235.97796630859375 210.2662353515625
ship 0.34930706 115.08394622802734 152.0550537109375 150.15982055664062 186.99273681640625
ship 0.2969302 13.0385160446167 14.087800979614258 34.829612731933594 36.01526641845703
airplane 0.22557855 115.08394622802734 152.0550537109375 150.15982055664062 186.99273681640625
