truck 0.99793243 169.00808715820312 79.7325439453125 197.7567138671875 108.87110900878906
frog 0.9978292 29.04995346069336 98.00999450683594 54.98342514038086 124.05050659179688
ship 0.9973738 5.022790908813477 18.16889190673828 31.04542350769043 43.91693878173828
ship 0.9973726 18.022708892822266 73.0345687866211 33.928611755371094 89.0991439819336
truck 0.9970831 57.93291473388672 210.00009155273438 90.0760726928711 242.01312255859375
frog 0.99471015 46.10235595703125 183.9899444580078 68.05587768554688 206.18052673339844
ship 0.99351645 56.982120513916016 125.18102264404297 95.02670288085938 163.05328369140625
cat 0.9925275 215.03433227539062 198.03997802734375 250.0614013671875 232.95782470703125
dog 0.9909034 205.14913940429688 68.79833221435547 227.032958984375 91.08635711669922
automobile 0.98958933 136.2991485595703 185.40574645996094 167.7484893798828 214.04627990722656
cat 0.98640215 195.9636688232422 47.1139030456543 214.93080139160156 65.86027526855469
bird 0.9829562 129.07135009765625 27.043537139892578 164.00750732421875 62.05988693237305
cat 0.97794294 88.00704956054688 77.05158233642578 110.07398986816406 99.00476837158203
airplane 0.9635109 171.12843322753906 193.12506103515625 199.84092712402344 222.029052734375
dog 0.9334009 79.1390609741211 11.032308578491211 98.04834747314453 30.0965518951416
automobile 0.9160731 7.071005821228027 130.22824096679688 38.79927444458008 162.02996826171875
cat 0.90144026 38.16307830810547 48.19184112548828 70.07746124267578 80.0737075805664
ship 0.87558275 173.0709686279297 57.140995025634766 195.0619659423828 78.78022766113281
truck 0.53725713 7.071005821228027 130.22824096679688 38.79927444458008 162.02996826171875
airplane 0.5320267 173.10989379882812 57.35219955444336 195.12338256835938 78.9233627319336
cat 0.34235 79.1390609741211 11.032308578491211 98.04834747314453 30.0965518951416
deer 0.27852905 38.20806121826172 48.17362976074219 70.1500473022461 80.17030334472656
bird 0.24421147 38.16104507446289 48.09311294555664 70.06428527832031 80.0848159790039
ship 0.22473603 171.12843322753906 193.12506103515625 199.84092712402344 222.029052734375
