automobile 0.9986762 107.93009948730469 78.05480194091797 130.1148223876953 99.92488861083984
truck 0.9984702 154.10858154296875 3.9883995056152344 186.16607666015625 36.09294891357422
airplane 0.9978099 21.873855590820312 172.08428955078125 47.95005798339844 198.22354125976562
dog 0.9961778 63.19847869873047 199.99610900878906 101.00102996826172 237.8236541748047
automobile 0.9957746 151.9050750732422 85.07005310058594 180.98646545410156 113.5777587890625
frog 0.99447525 130.97462463378906 125.10745239257812 152.9574432373047 147.14340209960938
airplane 0.9926917 14.057342529296875 76.03347778320312 52.105316162109375 114.1090087890625
deer 0.98749006 207.10931396484375 149.5245361328125 241.81954956054688 183.0667724609375
airplane 0.9855866 128.9024658203125 17.928112030029297 145.04486083984375 34.03781509399414
bird 0.9594292 63.99730682373047 119.18161010742188 101.9262924194336 157.04696655273438
frog 0.9581111 12.479902267456055 207.95724487304688 47.945457458496094 237.0565185546875
cat 0.9480323 28.101953506469727 47.2554931640625 54.01225280761719 72.8673095703125
airplane 0.8703406 53.259010314941406 168.14920043945312 81.9174575805664 196.64141845703125
frog 0.8285798 129.0606231689453 181.13661193847656 150.8583221435547 202.97462463378906
deer 0.7848798 76.07396697998047 33.06206130981445 98.06697845458984 54.99802017211914
cat 0.66403127 63.83612060546875 119.1474380493164 101.96138000488281 157.15313720703125
truck 0.6217279 128.81393432617188 17.953826904296875 145.01541137695312 34.040626525878906
cat 0.59575176 188.04612731933594 63.24372482299805 214.00059509277344 89.13015747070312
ship 0.53761244 27.931062698364258 47.341285705566406 54.014320373535156 73.16168975830078
deer 0.38282746 155.9354248046875 116.16804504394531 175.10992431640625 135.21844482421875
dog 0.37242788 188.03878784179688 63.26963424682617 214.02542114257812 89.16465759277344
cat 0.3397329 129.09730529785156 181.1119384765625 150.87843322753906 202.96994018554688
bird 0.3287505 53.259010314941406 168.14920043945312 81.9174575805664 196.64141845703125
deer 0.32684147 188.04612731933594 63.24372482299805 214.00059509277344 89.13015747070312
airplane 0.31065238 156.10792541503906 116.08468627929688 175.08872985839844 135.13589477539062
bird 0.26590657 129.0606231689453 181.13661193847656 150.8583221435547 202.97462463378906
truck 0.2623767 156.09271240234375 116.1059341430664 175.111572265625 135.19505310058594
deer 0.23189557 129.09730529785156 181.1119384765625 150.87843322753906 202.96994018554688
