airplane 0.9989836 129.839111328125 79.94819641113281 159.2030029296875 109.05361938476562
ship 0.9987729 176.90090942382812 122.06649780273438 205.91622924804688 150.83795166015625
bird 0.9979224 87.01407623291016 85.96036529541016 116.08611297607422 114.98262786865234
ship 0.99714863 171.0697479248047 159.10342407226562 199.8982391357422 187.92861938476562
ship 0.9947295 25.042457580566406 37.16216278076172 51.046600341796875 63.11981201171875
ship 0.9923625 32.004539489746094 200.1139373779297 63.997596740722656 231.93345642089844
airplane 0.9809506 149.91464233398438 195.9686279296875 168.99200439453125 215.00790405273438
cat 0.9671259 124.00824737548828 199.08135986328125 145.97853088378906 220.94064331054688
airplane 0.8650643 198.02401733398438 89.01561737060547 217.08572387695312 107.9948959350586
airplane 0.84157014 59.364837646484375 50.07263946533203 91.18904113769531 82.1421890258789
ship 0.8369415 97.082763671875 52.92685317993164 119.05001831054688 74.84609985351562
bird 0.7980806 64.92755126953125 102.08096313476562 84.58720397949219 121.13471984863281
cat 0.7662686 119.02009582519531 19.199974060058594 148.1385955810547 48.072669982910156
airplane 0.730888 128.142578125 146.14984130859375 163.10455322265625 181.03582763671875
bird 0.7299141 59.250213623046875 50.18274688720703 91.19229125976562 81.97692108154297
ship 0.6952591 197.91087341308594 89.04327392578125 217.00624084472656 107.98663330078125
airplane 0.6020471 97.082763671875 52.92685317993164 119.05001831054688 74.84609985351562
airplane 0.5861738 84.08584594726562 176.1488800048828 110.13565063476562 202.0563201904297
cat 0.5385289 158.11724853515625 20.896360397338867 186.90249633789062 49.96907043457031
bird 0.5204329 84.08584594726562 176.1488800048828 110.13565063476562 202.0563201904297
bird 0.4501198 158.0498809814453 20.902734756469727 186.98045349121094 49.99961853027344
deer 0.41915843 119.03453063964844 19.347270965576172 148.1455535888672 48.04459762573242
truck 0.41448718 195.06871032714844 28.310415267944336 226.92091369628906 60.211708068847656
cat 0.28675497 84.08584594726562 176.1488800048828 110.13565063476562 202.0563201904297
deer 0.27397808 128.142578125 146.14984130859375 163.10455322265625 181.03582763671875
dog 0.25570968 158.13662719726562 20.868377685546875 187.03079223632812 50.0823974609375
frog 0.22800961 128.142578125 146.14984130859375 163.10455322265625 181.03582763671875
ship 0.20979732 128.142578125 146.14984130859375 163.10455322265625 181.03582763671875
