truck 0.99909097 156.92189025878906 72.99907684326172 183.04371643066406 98.96256256103516
bird 0.998423 28.105913162231445 66.02556610107422 60.14036560058594 97.91397857666016
airplane 0.99825656 210.18357849121094 32.9875602722168 239.07066345214844 61.89133834838867
truck 0.99811006 85.2289810180664 46.237403869628906 117.0632095336914 78.13765716552734
ship 0.9974383 196.04574584960938 102.072265625 230.92739868164062 137.0779266357422
deer 0.99621415 138.1722412109375 207.05270385742188 170.05645751953125 239.0723876953125
frog 0.995826 70.0533676147461 104.05158233642578 91.98332977294922 125.96623992919922
dog 0.99454355 140.8977508544922 3.9372005462646484 173.16917419433594 36.28333282470703
ship 0.99169266 1.9465446472167969 150.02133178710938 40.04335021972656 188.33108520507812
truck 0.9908996 186.1890411376953 190.1143035888672 223.9196014404297 228.13108825683594
airplane 0.97760427 101.989013671875 151.9686279296875 131.01348876953125 181.00811767578125
automobile 0.974077 10.180313110351562 203.2490692138672 48.072120666503906 232.8920135498047
automobile 0.8829988 120.12396240234375 98.02828979492188 151.94717407226562 129.83680725097656
airplane 0.78781974 65.21846771240234 62.07164001464844 84.14081573486328 81.06962585449219
ship 0.7432388 65.19595336914062 62.15106201171875 84.09478759765625 80.97953796386719
dog 0.73479605 120.12396240234375 98.02828979492188 151.94717407226562 129.83680725097656
automobile 0.7268003 194.05548095703125 10.057465553283691 213.0732421875 28.96166229248047
truck 0.6765884 194.05548095703125 10.057465553283691 213.0732421875 28.96166229248047
cat 0.6329259 96.9394302368164 25.123249053955078 116.02136993408203 44.27852249145508
frog 0.520663 96.9874496459961 25.11372947692871 116.01703643798828 44.09583282470703
ship 0.2742724 101.99771118164062 151.9150390625 130.97164916992188 180.979248046875
frog 0.23963013 194.05548095703125 10.057465553283691 213.0732421875 28.96166229248047
truck 0.2163068 96.9874496459961 25.11372947692871 116.01703643798828 44.09583282470703
deer 0.2061173 96.9394302368164 25.123249053955078 116.02136993408203 44.27852249145508
