truck 0.9979875 138.13414001464844 123.16238403320312 166.9875946044922 151.98974609375
airplane 0.9976096 130.134765625 163.0306396484375 162.01788330078125 195.00213623046875
ship 0.99653244 215.1212921142578 96.95557403564453 246.99549865722656 129.16107177734375
bird 0.99582475 209.39590454101562 161.03411865234375 237.69302368164062 190.11019897460938
automobile 0.9951352 39.018165588378906 9.882268905639648 76.81766510009766 47.852996826171875
automobile 0.99279535 42.00963592529297 139.01829528808594 74.13507080078125 170.9816131591797
dog 0.9927176 18.998170852661133 111.08580017089844 41.05670928955078 133.1127471923828
bird 0.98878706 206.16456604003906 27.192739486694336 222.1536102294922 43.016483306884766
deer 0.9854754 115.10713195800781 203.14170837402344 131.05258178710938 219.1298370361328
dog 0.98323274 101.08819580078125 66.1050796508789 123.02827453613281 87.96196746826172
dog 0.98123276 157.10931396484375 201.99432373046875 175.92227172851562 220.96188354492188
frog 0.9792004 167.0159454345703 67.15320587158203 188.51463317871094 89.07817840576172
frog 0.9775945 173.29383850097656 159.0443115234375 204.9259490966797 191.108154296875
bird 0.8507104 183.0497589111328 31.97796630859375 204.9345245361328 54.04950714111328
cat 0.81639695 213.1100311279297 214.25527954101562 248.0183868408203 248.90170288085938
truck 0.7460606 15.979679107666016 59.30787658691406 34.94215393066406 77.98966979980469
deer 0.7454512 192.0324249267578 198.87173461914062 208.1477813720703 215.08746337890625
cat 0.6281258 198.96343994140625 10.032926559448242 215.05255126953125 25.915739059448242
cat 0.52546656 206.12713623046875 27.206645965576172 222.07110595703125 43.0178337097168
frog 0.46739432 198.96343994140625 10.032926559448242 215.05255126953125 25.915739059448242
dog 0.41197026 77.17820739746094 71.17798614501953 95.76736450195312 89.90961456298828
bird 0.32052636 198.96343994140625 10.032926559448242 215.05255126953125 25.915739059448242
deer 0.28172123 198.96343994140625 10.032926559448242 215.05255126953125 25.915739059448242
bird 0.25498492 19.066194534301758 111.00199127197266 41.10102081298828 133.0498504638672
automobile 0.24474353 192.11602783203125 198.97421264648438 208.10195922851562 215.03472900390625
frog 0.23764971 213.1100311279297 214.25527954101562 248.0183868408203 248.90170288085938
dog 0.20652175 206.18637084960938 27.235109329223633 222.07965087890625 42.99397277832031
truck 0.20623511 183.0288543701172 31.99498748779297 204.99147033691406 54.114097595214844
airplane 0.20347327 192.02528381347656 198.92892456054688 208.1194610595703 215.0283203125
cat 0.20067802 192.04444885253906 198.92514038085938 208.12083435058594 215.12310791015625
