automobile 0.9986036 61.97652053833008 30.20467758178711 93.96426391601562 61.92558670043945
dog 0.99833363 175.05897521972656 91.15225219726562 200.92298889160156 117.03604125976562
automobile 0.9968896 184.2469024658203 131.06106567382812 209.7833709716797 156.9095458984375
automobile 0.99682087 5.052635192871094 215.89015197753906 42.9467658996582 253.9831085205078
deer 0.99581695 121.09797668457031 19.12103843688965 155.97779846191406 53.94038391113281
truck 0.9954053 176.01535034179688 170.13052368164062 197.99404907226562 191.92999267578125
cat 0.9944898 31.048648834228516 176.07579040527344 63.078365325927734 207.98094177246094
cat 0.9930036 73.17584991455078 98.22818756103516 108.0141372680664 133.005859375
truck 0.9912414 103.09960174560547 57.06406021118164 129.01226806640625 83.0924301147461
deer 0.9852004 115.04542541503906 89.16812133789062 153.00621032714844 127.05540466308594
automobile 0.9848206 129.0587921142578 197.13919067382812 145.0780792236328 213.04873657226562
dog 0.98147273 13.094290733337402 50.10426330566406 39.037353515625 76.24188995361328
truck 0.97752213 200.92724609375 158.20826721191406 217.04910278320312 174.0845489501953
frog 0.97472453 183.14332580566406 197.08726501464844 204.89662170410156 219.1327362060547
deer 0.9741721 9.047891616821289 173.14065551757812 28.154298782348633 192.04656982421875
frog 0.90251046 155.9813690185547 143.01370239257812 182.03086853027344 168.84988403320312
airplane 0.86484253 20.071441650390625 81.21446990966797 41.97831726074219 103.17012786865234
cat 0.7948401 93.10249328613281 151.83612060546875 122.05598449707031 181.05770874023438
deer 0.77099544 155.9813690185547 143.01370239257812 182.03086853027344 168.84988403320312
cat 0.73066366 130.05563354492188 136.8776397705078 146.081787109375 153.02952575683594
bird 0.60127455 93.10249328613281 151.83612060546875 122.05598449707031 181.05770874023438
airplane 0.56608295 129.0587921142578 197.13919067382812 145.0780792236328 213.04873657226562
automobile 0.44608548 200.92724609375 158.20826721191406 217.04910278320312 174.0845489501953
ship 0.33040076 19.9558162689209 81.15966796875 42.05509948730469 102.99395751953125
truck 0.3221231 128.9757843017578 197.13209533691406 145.0602264404297 213.0704803466797
automobile 0.2873698 20.071441650390625 81.21446990966797 41.97831726074219 103.17012786865234
frog 0.21363756 200.92724609375 158.20826721191406 217.04910278320312 174.0845489501953
