ship 0.99880993 127.18840789794922 3.854839324951172 162.04611206054688 38.99605941772461
automobile 0.99831176 98.94917297363281 126.03606414794922 137.1510772705078 164.0494384765625
automobile 0.99774146 11.100332260131836 118.05267333984375 36.893836975097656 143.97445678710938
ship 0.99757254 148.0884552001953 173.9944305419922 176.9607391357422 202.9521026611328
truck 0.99676 32.866756439208984 37.041969299316406 52.07051467895508 55.86579132080078
automobile 0.9944578 211.91880798339844 7.009119033813477 250.1151885986328 44.84123992919922
airplane 0.9941536 123.1054458618164 83.18460845947266 158.13223266601562 118.04537200927734
airplane 0.9930161 71.52497863769531 195.06944274902344 103.16470336914062 226.9623565673828
airplane 0.99251544 92.06281280517578 33.04996871948242 110.9985580444336 52.01651382446289
deer 0.99026275 53.252010345458984 49.271827697753906 78.93940734863281 74.93062591552734
truck 0.98738533 37.98231506347656 189.11184692382812 69.82556915283203 221.19415283203125
bird 0.98524106 1.9964637756347656 50.092105865478516 31.086387634277344 79.08760070800781
automobile 0.90237516 39.116432189941406 87.03874969482422 61.02533721923828 109.1015396118164
bird 0.8620633 212.10403442382812 105.78895568847656 227.93875122070312 121.95878601074219
truck 0.79990816 16.919771194458008 188.0084686279297 36.144927978515625 207.17161560058594
ship 0.40970367 16.990188598632812 187.95895385742188 35.97979736328125 207.15805053710938
airplane 0.36167505 16.919771194458008 188.0084686279297 36.144927978515625 207.17161560058594
truck 0.30772322 39.12875747680664 87.00947570800781 60.96940994262695 108.95790100097656
airplane 0.2979836 37.77897644042969 189.03366088867188 69.7966537475586 221.041748046875
bird 0.25295284 179.3675994873047 31.46326446533203 210.89158630371094 63.16356658935547
ship 0.24531332 39.116432189941406 87.03874969482422 61.02533721923828 109.1015396118164
dog 0.2246821 39.07867431640625 87.0382080078125 61.0179443359375 109.08331298828125
deer 0.21347079 179.32818603515625 31.52768325805664 210.92892456054688 62.911190032958984
