bird 0.99810565 196.0955810546875 133.2980194091797 228.09005737304688 165.3632354736328
ship 0.9979776 27.12784194946289 141.20777893066406 56.08049392700195 170.13661193847656
frog 0.9964777 29.95211410522461 54.14604187011719 59.088619232177734 83.08895874023438
ship 0.9951291 175.109130859375 2.040707588195801 207.11553955078125 34.00342559814453
automobile 0.9948275 50.954444885253906 176.0403289794922 86.05223846435547 211.00196838378906
deer 0.9941491 122.93388366699219 53.112701416015625 157.8661346435547 88.43278503417969
truck 0.99227345 210.11122131347656 84.2462387084961 244.92796325683594 118.82013702392578
automobile 0.99161386 199.9701385498047 167.3173370361328 232.0540008544922 199.0381622314453
deer 0.9901327 4.9724931716918945 4.157248497009277 33.87331771850586 33.03292465209961
ship 0.9889561 2.0249710083007812 196.1307373046875 36.918182373046875 230.9600830078125
airplane 0.98206174 211.16757202148438 211.05516052246094 237.1031494140625 237.06788635253906
cat 0.95463187 105.17094421386719 164.092529296875 124.07196044921875 183.06967163085938
automobile 0.93803185 162.0170440673828 103.12104797363281 190.89488220214844 132.09185791015625
ship 0.88351357 152.18035888671875 201.05978393554688 186.9500732421875 236.1392822265625
automobile 0.8696866 157.17800903320312 153.16986083984375 186.14035034179688 182.13714599609375
airplane 0.8647597 128.02883911132812 90.97797393798828 154.04153442382812 117.09239959716797
cat 0.81220186 1.8107213973999023 102.99085998535156 18.09543228149414 119.02133178710938
bird 0.79964876 90.1015625 117.06880187988281 108.97439575195312 136.09024047851562
airplane 0.6889765 152.17288208007812 200.94522094726562 187.05157470703125 235.9510498046875
frog 0.6864996 157.21664428710938 153.09974670410156 186.06622314453125 182.05064392089844
frog 0.62447256 187.07460021972656 35.35673522949219 224.94956970214844 72.95907592773438
airplane 0.6152315 187.14439392089844 35.2032470703125 224.94300842285156 72.87085723876953
dog 0.61473805 90.1015625 117.06880187988281 108.97439575195312 136.09024047851562
truck 0.58625257 88.9738540649414 194.00314331054688 114.83602142333984 220.06903076171875
dog 0.39951453 105.0660629272461 164.1011505126953 124.05042266845703 183.11827087402344
dog 0.3981012 1.8107213973999023 102.99085998535156 18.09543228149414 119.02133178710938
bird 0.3351879 187.14439392089844 35.2032470703125 224.94300842285156 72.87085723876953
airplane 0.32709652 1.7427539825439453 102.94515991210938 18.17207145690918 119.055908203125
cat 0.2917478 90.1015625 117.06880187988281 108.97439575195312 136.09024047851562
bird 0.25674278 1.7427539825439453 102.94515991210938 18.17207145690918 119.055908203125
ship 0.25131154 128.00994873046875 91.1429672241211 154.06741333007812 116.98479461669922
automobile 0.24701244 186.9436492919922 35.51704406738281 225.0877227783203 72.88692474365234
ship 0.23680222 157.1492156982422 153.1026611328125 186.15321350097656 182.25924682617188
deer 0.21148258 90.1015625 117.06880187988281 108.97439575195312 136.09024047851562
truck 0.2033346 1.7354116439819336 103.03147888183594 18.064640045166016 119.08012390136719
frog 0.20082512 105.0660629272461 164.1011505126953 124.05042266845703 183.11827087402344
