frog 0.9988518 148.99082946777344 196.05203247070312 177.8933563232422 224.82730102539062
ship 0.99818885 151.79718017578125 150.08697509765625 174.1412353515625 171.98504638671875
frog 0.9981275 121.18816375732422 155.10360717773438 150.14779663085938 184.00912475585938
deer 0.9979781 79.0384292602539 67.07865142822266 95.0194320678711 82.9990463256836
automobile 0.9977036 42.00028991699219 13.014925956726074 64.06671142578125 35.131507873535156
bird 0.99711585 95.92874145507812 27.883541107177734 125.03375244140625 56.95365524291992
automobile 0.9962263 108.11550903320312 64.69368743896484 145.91868591308594 103.00472259521484
ship 0.99226415 0.8119411468505859 184.08056640625 38.94055938720703 222.16232299804688
frog 0.9695612 209.30343627929688 32.7981071472168 229.02774047851562 52.0269660949707
dog 0.9654617 151.8726043701172 73.27245330810547 187.13356018066406 107.89530181884766
automobile 0.9334118 208.98426818847656 190.1201171875 237.78855895996094 219.08203125
bird 0.89392936 59.929561614990234 172.01708984375 81.99560546875 194.14102172851562
frog 0.88365304 153.10105895996094 16.000375747680664 187.89598083496094 50.977943420410156
airplane 0.8833308 101.16053771972656 188.9439697265625 139.1188507080078 227.064208984375
deer 0.8802501 57.032257080078125 206.1019287109375 95.08441162109375 244.22470092773438
deer 0.7252698 101.07919311523438 189.07473754882812 139.1387176513672 226.92098999023438
bird 0.6555253 19.217269897460938 62.030338287353516 54.0557861328125 96.89910888671875
deer 0.56500435 19.217269897460938 62.030338287353516 54.0557861328125 96.89910888671875
cat 0.5239237 56.98114013671875 140.9997100830078 76.054443359375 160.15382385253906
airplane 0.4787866 13.924283981323242 146.0571746826172 43.214561462402344 174.9039764404297
bird 0.32107544 13.9497652053833 146.04518127441406 43.08763885498047 174.8686065673828
dog 0.2673188 57.06532287597656 206.06048583984375 95.06085205078125 244.02734375
frog 0.25395697 19.217269897460938 62.030338287353516 54.0557861328125 96.89910888671875
cat 0.23943964 151.8726043701172 73.27245330810547 187.13356018066406 107.89530181884766
automobile 0.2316181 56.94438934326172 141.12460327148438 75.98465728759766 159.97537231445312
cat 0.22762936 57.40169143676758 205.59246826171875 94.97247314453125 244.12249755859375
frog 0.2013998 57.40169143676758 205.59246826171875 94.97247314453125 244.12249755859375
