frog 0.99886984 25.114669799804688 102.12715911865234 53.767669677734375 131.02865600585938
automobile 0.9979749 181.06263732910156 211.9928741455078 199.9858856201172 231.0270538330078
ship 0.9974674 183.07742309570312 28.088319778442383 202.06088256835938 46.98114776611328
ship 0.9968054 0.03255271911621094 28.01636505126953 38.04753875732422 66.05486297607422
frog 0.9964052 134.05490112304688 71.31047058105469 163.04425048828125 99.85861206054688
airplane 0.99553335 61.91968536376953 122.15130615234375 100.0381851196289 159.90740966796875
truck 0.99456906 55.13917922973633 214.13319396972656 90.09663391113281 249.01979064941406
bird 0.9917462 133.0688934326172 7.033438682556152 165.0472869873047 38.9135627746582
automobile 0.9830028 166.8768768310547 130.8829345703125 202.0081329345703 165.87835693359375
deer 0.9778167 72.04188537597656 37.7762451171875 109.92436218261719 76.12654113769531
ship 0.9737758 130.0865936279297 129.1988067626953 162.3361053466797 160.96595764160156
airplane 0.9730298 45.02719497680664 5.099194526672363 71.09280395507812 31.03502655029297
bird 0.92426836 54.69308090209961 162.01785278320312 81.01412963867188 188.09765625
airplane 0.7951239 198.9439697265625 94.00655364990234 218.01235961914062 113.0336685180664
ship 0.6943439 198.97256469726562 94.05477905273438 217.945556640625 112.99049377441406
airplane 0.52388734 54.81194305419922 161.9369354248047 80.85681915283203 188.0460968017578
bird 0.41687047 204.5534210205078 144.0334014892578 234.03880310058594 173.10414123535156
dog 0.32330725 204.5534210205078 144.0334014892578 234.03880310058594 173.10414123535156
cat 0.2888339 204.5534210205078 144.0334014892578 234.03880310058594 173.10414123535156
airplane 0.24759042 204.5534210205078 144.0334014892578 234.03880310058594 173.10414123535156
automobile 0.21839455 54.69308090209961 162.01785278320312 81.01412963867188 188.09765625
