bird 0.9985869 55.100364685058594 9.180469512939453 84.06922149658203 38.016334533691406
dog 0.9979781 1.9661874771118164 134.14120483398438 31.07400131225586 162.90567016601562
airplane 0.99796546 104.07693481445312 128.9688720703125 136.165283203125 160.93994140625
deer 0.9969654 143.08572387695312 55.1661376953125 180.83721923828125 93.01475524902344
bird 0.9968393 9.938189506530762 102.9757308959961 36.15598678588867 128.9462432861328
frog 0.99475366 88.13766479492188 79.0237808227539 110.01458740234375 100.91341400146484
bird 0.9937554 182.18968200683594 2.2519474029541016 220.05628967285156 39.987579345703125
dog 0.992156 215.0067138671875 210.03359985351562 236.93545532226562 231.92388916015625
frog 0.99075365 140.97853088378906 121.041259765625 157.1208038330078 137.0616455078125
bird 0.99011374 133.11236572265625 13.88309097290039 164.89584350585938 46.00625228881836
bird 0.97901464 188.14285278320312 182.04701232910156 210.08572387695312 203.95252990722656
bird 0.974175 48.091609954833984 131.14053344726562 82.86143493652344 165.8797607421875
cat 0.83103365 114.22941589355469 205.1650848388672 146.1421661376953 237.13877868652344
automobile 0.79686284 105.02095794677734 6.069622039794922 123.9836196899414 25.058794021606445
frog 0.78555876 179.94415283203125 128.99839782714844 201.88992309570312 150.8885955810547
truck 0.70977753 105.02481842041016 5.982936859130859 124.04444122314453 25.09581756591797
deer 0.6558655 64.15731048583984 187.13600158691406 98.96002960205078 222.11280822753906
dog 0.5159229 179.7040557861328 209.43087768554688 199.1268768310547 227.26809692382812
cat 0.4747904 64.2391586303711 187.293701171875 98.98308563232422 222.07623291015625
truck 0.388564 179.94415283203125 128.99839782714844 201.88992309570312 150.8885955810547
deer 0.2897598 180.03765869140625 209.51675415039062 199.38552856445312 227.88079833984375
cat 0.26054943 179.7040557861328 209.43087768554688 199.1268768310547 227.26809692382812
