ship 0.9988602 209.05270385742188 169.0723876953125 235.09188842773438 195.08453369140625
automobile 0.99693507 173.18356323242188 55.191463470458984 205.08340454101562 86.90396881103516
cat 0.9949076 165.0851287841797 142.0767059326172 183.90003967285156 161.16871643066406
ship 0.99310803 9.054000854492188 138.0579071044922 44.10139846801758 173.1265411376953
deer 0.9867296 98.9574966430664 66.09444427490234 121.13826751708984 88.0359878540039
frog 0.9863274 186.2957000732422 115.08704376220703 224.07984924316406 152.99887084960938
dog 0.985703 25.037212371826172 213.02967834472656 63.05337905883789 250.94053649902344
cat 0.98527676 102.02754211425781 16.129501342773438 136.79588317871094 50.81581115722656
truck 0.9838476 79.98401641845703 180.15428161621094 117.9691390991211 217.94358825683594
bird 0.98243177 154.979248046875 201.08900451660156 193.10623168945312 238.9514617919922
dog 0.97706634 75.00816345214844 90.02385711669922 100.92121887207031 116.06444549560547
deer 0.97353965 183.88372802734375 30.058837890625 202.98760986328125 49.04717254638672
frog 0.96874726 9.975704193115234 35.88451385498047 42.0582389831543 68.1760482788086
bird 0.9055475 51.681087493896484 122.9282455444336 84.17845153808594 154.1813507080078
bird 0.886149 166.16497802734375 168.79568481445312 187.979248046875 191.04620361328125
dog 0.86276406 42.05077362060547 89.98023986816406 58.035118103027344 106.06158447265625
frog 0.69744444 163.07278442382812 19.996089935302734 182.18035888671875 39.027099609375
frog 0.37642467 42.03702926635742 90.01078033447266 58.04665756225586 106.03197479248047
cat 0.33143297 51.681087493896484 122.9282455444336 84.17845153808594 154.1813507080078
cat 0.33105826 163.07278442382812 19.996089935302734 182.18035888671875 39.027099609375
dog 0.31073308 9.975704193115234 35.88451385498047 42.0582389831543 68.1760482788086
automobile 0.3052797 42.03702926635742 90.01078033447266 58.04665756225586 106.03197479248047
deer 0.29477173 163.10362243652344 20.013538360595703 182.18382263183594 39.05940628051758
cat 0.26309064 45.58281707763672 38.02616500854492 64.7642593383789 57.032413482666016
ship 0.22104725 42.03702926635742 90.01078033447266 58.04665756225586 106.03197479248047
