ship 0.99906015 79.9979019165039 192.95611572265625 109.12470245361328 222.23751831054688
automobile 0.99866676 135.0193328857422 3.96273136138916 163.92649841308594 32.9608154296875
airplane 0.9977915 54.016963958740234 54.87638854980469 83.12100982666016 84.00576782226562
deer 0.9956131 129.07284545898438 183.3177490234375 155.01608276367188 209.115966796875
frog 0.9953262 48.94818878173828 124.98749542236328 84.09770965576172 159.9840850830078
frog 0.99414957 172.04302978515625 76.0616683959961 194.011962890625 97.9561538696289
ship 0.99392354 205.270751953125 187.00489807128906 239.7647705078125 222.3050079345703
automobile 0.9938147 9.01199722290039 59.68611145019531 46.16424560546875 91.96568298339844
airplane 0.9934393 200.01097106933594 116.00143432617188 226.10169982910156 141.968017578125
deer 0.99255204 62.07698059082031 2.024473190307617 97.00627136230469 37.002052307128906
bird 0.99132806 144.09136962890625 136.05911254882812 178.99685668945312 171.11502075195312
dog 0.9906452 103.01339721679688 136.98956298828125 137.88836669921875 171.86831665039062
ship 0.98807573 170.10072326660156 197.0814208984375 198.91880798339844 225.85507202148438
automobile 0.98325926 199.2393341064453 67.08255004882812 225.0477752685547 93.03115844726562
truck 0.98154724 67.10287475585938 86.0360336303711 102.15101623535156 121.03263092041016
cat 0.94882447 194.1813201904297 15.14577865600586 229.0032501220703 49.84739303588867
ship 0.8974489 131.14862060546875 55.18544006347656 160.00057983398438 83.98915100097656
airplane 0.8648864 118.9690933227539 212.10626220703125 153.99362182617188 247.19024658203125
bird 0.8365442 196.0032501220703 159.917724609375 212.15284729003906 175.9892578125
dog 0.6521323 7.2262067794799805 193.1439971923828 33.10039138793945 220.0859832763672
bird 0.33814928 118.9690933227539 212.10626220703125 153.99362182617188 247.19024658203125
cat 0.29620868 118.9690933227539 212.10626220703125 153.99362182617188 247.19024658203125
airplane 0.27266273 131.1683349609375 55.06015396118164 160.03033447265625 83.98432922363281
airplane 0.26769942 195.90106201171875 159.91293334960938 212.15408325195312 176.01113891601562
ship 0.26634443 118.9690933227539 212.10626220703125 153.99362182617188 247.19024658203125
deer 0.2349942 195.90106201171875 159.91293334960938 212.15408325195312 176.01113891601562
ship 0.22969335 195.92355346679688 159.9242706298828 212.25106811523438 175.99317932128906
bird 0.22820497 7.150223731994629 193.03994750976562 33.04868698120117 219.9866943359375
frog 0.22374496 7.2262067794799805 193.1439971923828 33.10039138793945 220.0859832763672
