truck 0.9986123 194.907958984375 167.89991760253906 224.01904296875 196.9543914794922
frog 0.9984765 33.04108810424805 203.9178466796875 62.086429595947266 232.96786499023438
frog 0.998024 37.942630767822266 161.95384216308594 67.24131774902344 190.9254608154297
truck 0.99793625 126.20697021484375 106.02623748779297 158.03530883789062 138.11495971679688
truck 0.9970722 210.0774383544922 19.178709030151367 248.01548767089844 57.13819885253906
bird 0.9964162 116.19310760498047 73.10714721679688 148.0077667236328 104.66081237792969
deer 0.99636686 63.829566955566406 213.05152893066406 95.8658218383789 245.03309631347656
automobile 0.9931499 82.94112396240234 165.6580810546875 115.0902328491211 198.00726318359375
deer 0.9741986 154.07684326171875 173.19476318359375 182.84530639648438 201.88479614257812
dog 0.9738145 135.1185302734375 209.1895294189453 160.95584106445312 235.4943084716797
cat 0.97076213 77.59314727783203 13.205831527709961 114.91533660888672 50.727455139160156
truck 0.9566038 163.06643676757812 109.97916412353516 195.03671264648438 142.10604858398438
truck 0.91632336 34.092567443847656 64.95346069335938 66.06596374511719 96.93605041503906
cat 0.9108805 10.970114707946777 12.072654724121094 27.010608673095703 27.995254516601562
ship 0.90727377 196.9443817138672 138.0490264892578 213.03880310058594 153.9547576904297
dog 0.82646763 4.4889326095581055 99.82331848144531 36.00473403930664 131.91619873046875
deer 0.7913105 10.970114707946777 12.072654724121094 27.010608673095703 27.995254516601562
frog 0.77809536 55.078399658203125 104.92512512207031 73.89250183105469 124.09870910644531
cat 0.7025967 28.067405700683594 27.060184478759766 50.07573699951172 49.06227493286133
cat 0.64668554 4.4889326095581055 99.82331848144531 36.00473403930664 131.91619873046875
truck 0.6390646 196.9443817138672 138.0490264892578 213.03880310058594 153.9547576904297
airplane 0.5545045 196.9443817138672 138.0490264892578 213.03880310058594 153.9547576904297
cat 0.49815142 117.71977233886719 39.84166717529297 140.0264434814453 61.883445739746094
cat 0.42897204 146.01034545898438 39.102352142333984 177.77297973632812 71.0762710571289
dog 0.37078047 55.049705505371094 104.9378433227539 73.89679718017578 124.14835357666016
deer 0.36713856 28.20975112915039 27.10903549194336 49.982913970947266 49.111019134521484
cat 0.36408782 163.06643676757812 109.97916412353516 195.03671264648438 142.10604858398438
cat 0.3479656 55.08437728881836 104.98207092285156 73.95478057861328 124.02076721191406
dog 0.32579467 28.20975112915039 27.10903549194336 49.982913970947266 49.111019134521484
ship 0.30015618 34.00271987915039 64.86917877197266 66.05036926269531 97.01834869384766
truck 0.2809431 10.970114707946777 12.072654724121094 27.010608673095703 27.995254516601562
dog 0.25307328 10.970114707946777 12.072654724121094 27.010608673095703 27.995254516601562
bird 0.23008734 28.207378387451172 27.001310348510742 49.889644622802734 49.0250244140625
