frog 0.99876356 107.169677734375 97.94783782958984 138.4744415283203 129.9411163330078
automobile 0.9982659 1.9968233108520508 128.12005615234375 30.91307830810547 157.04095458984375
dog 0.9978665 15.160945892333984 29.191970825195312 53.0866813659668 67.02088928222656
bird 0.9973291 140.07630920410156 90.19328308105469 171.94847106933594 122.2459716796875
ship 0.9951544 47.958587646484375 93.94963836669922 66.99951171875 112.98131561279297
automobile 0.99494004 201.05809020996094 211.69708251953125 238.9064483642578 249.92098999023438
airplane 0.9932742 10.947321891784668 204.0263214111328 30.073562622070312 222.96885681152344
airplane 0.9932488 124.04915618896484 190.0410919189453 143.09701538085938 208.99620056152344
deer 0.9857629 0.035841941833496094 68.10417175292969 19.124473571777344 87.01968383789062
dog 0.9705961 194.06442260742188 130.07691955566406 232.03878784179688 168.02989196777344
deer 0.94547147 168.95809936523438 53.028564453125 201.03591918945312 85.09547424316406
cat 0.94064486 117.97217559814453 68.00829315185547 136.81552124023438 87.07836151123047
cat 0.92749274 207.29331970214844 73.93739318847656 241.98255920410156 108.99928283691406
automobile 0.86456513 147.07461547851562 124.87344360351562 173.05801391601562 151.11959838867188
cat 0.8389994 155.0034637451172 169.02044677734375 187.1500701904297 200.82598876953125
cat 0.7659836 114.1773681640625 45.980159759521484 132.92225646972656 65.00082397460938
truck 0.75562096 64.98069763183594 3.1112022399902344 83.93251037597656 22.464555740356445
bird 0.7401146 61.13322067260742 196.060302734375 79.95034790039062 214.98983764648438
ship 0.7343232 65.06706237792969 3.2087793350219727 84.0347900390625 22.300212860107422
bird 0.72120774 169.05848693847656 53.038368225097656 201.15797424316406 85.0298843383789
bird 0.43869808 155.09634399414062 169.18051147460938 186.91610717773438 200.81634521484375
airplane 0.36396906 155.09634399414062 169.18051147460938 186.91610717773438 200.81634521484375
deer 0.35344902 33.057254791259766 133.13450622558594 52.06877517700195 151.9617156982422
deer 0.314367 61.09667205810547 196.0745086669922 79.8777847290039 215.03773498535156
bird 0.31415185 114.22108459472656 46.141597747802734 132.93109130859375 64.95415496826172
deer 0.30721474 114.22108459472656 46.141597747802734 132.93109130859375 64.95415496826172
dog 0.29021633 207.24761962890625 73.8932113647461 241.97933959960938 108.99646759033203
dog 0.27230865 114.25747680664062 46.116058349609375 132.95806884765625 64.9511947631836
bird 0.26339144 33.057254791259766 133.13450622558594 52.06877517700195 151.9617156982422
frog 0.24487275 61.15230941772461 195.9748077392578 79.82518768310547 215.07713317871094
truck 0.24075824 147.1356201171875 124.89641571044922 172.9949951171875 151.1667938232422
frog 0.22468096 169.05848693847656 53.038368225097656 201.15797424316406 85.0298843383789
automobile 0.20661643 64.96287536621094 3.261812210083008 83.92503356933594 22.40508460998535
