airplane 0.9972863 157.9800262451172 113.95868682861328 177.0329132080078 133.07467651367188
automobile 0.9967376 158.1138458251953 169.033203125 187.0435028076172 197.92205810546875
truck 0.9947428 79.1134033203125 39.072914123535156 108.0419921875 67.87124633789062
bird 0.9892918 209.07635498046875 143.0857696533203 235.00881958007812 168.9318389892578
frog 0.9855679 109.1485366821289 196.00074768066406 128.02757263183594 214.94984436035156
cat 0.98347026 0.05431842803955078 163.92466735839844 31.288951873779297 196.0776824951172
ship 0.9023689 20.021610260009766 48.03984832763672 41.968387603759766 69.9476089477539
frog 0.9019837 151.9095458984375 149.0712127685547 167.93264770507812 165.10072326660156
airplane 0.89664054 16.110816955566406 91.93699645996094 44.91242980957031 120.995849609375
frog 0.890477 56.054115295410156 205.93472290039062 93.99829864501953 243.9683837890625
automobile 0.8504215 122.10403442382812 162.1210174560547 144.03302001953125 184.05604553222656
ship 0.83600605 136.9619140625 23.992443084716797 156.0228271484375 43.040287017822266
deer 0.81959844 121.08946228027344 135.15997314453125 142.97010803222656 157.205078125
truck 0.78567934 25.162967681884766 7.0147705078125 51.03181076049805 33.031402587890625
dog 0.7773521 36.718711853027344 151.69168090820312 75.27340698242188 190.15350341796875
cat 0.76844686 37.026451110839844 152.1343994140625 74.8330307006836 189.97869873046875
bird 0.7254276 56.22150421142578 205.877197265625 94.1447525024414 244.42367553710938
truck 0.67796427 122.08973693847656 162.09288024902344 144.07765197753906 184.0976104736328
cat 0.64929646 189.34130859375 215.09445190429688 227.01779174804688 252.98330688476562
airplane 0.59751284 112.17008972167969 51.208126068115234 150.2232208251953 89.1407470703125
frog 0.55652374 189.34130859375 215.09445190429688 227.01779174804688 252.98330688476562
automobile 0.51861763 213.9503631591797 86.06873321533203 230.0995635986328 102.02217864990234
cat 0.49170583 112.18173217773438 51.159637451171875 150.155517578125 89.03996276855469
truck 0.48748195 151.94264221191406 149.08045959472656 167.8549041748047 165.1348419189453
airplane 0.45741683 137.05364990234375 24.059038162231445 155.9976806640625 43.05229187011719
automobile 0.39923647 137.05364990234375 24.059038162231445 155.9976806640625 43.05229187011719
cat 0.38832092 186.8330078125 37.771793365478516 225.12850952148438 76.98123168945312
frog 0.37189963 112.08489990234375 51.21772003173828 150.57357788085938 89.22789764404297
bird 0.36765498 16.074848175048828 91.95954895019531 44.8871955871582 120.99855041503906
deer 0.34086478 112.18173217773438 51.159637451171875 150.155517578125 89.03996276855469
frog 0.32716006 213.9513702392578 86.06535339355469 230.08580017089844 101.97959899902344
frog 0.3001759 25.194461822509766 7.135394096374512 50.94833755493164 33.07335662841797
bird 0.2979434 20.020374298095703 48.097103118896484 41.955833435058594 70.02272033691406
truck 0.24891034 213.98626708984375 86.03527069091797 229.99493408203125 102.00911712646484
airplane 0.24861482 213.93359375 86.03424072265625 230.06900024414062 101.92742919921875
deer 0.24844721 189.25392150878906 214.9521026611328 227.0009307861328 253.0615692138672
deer 0.24455881 151.94264221191406 149.08045959472656 167.8549041748047 165.1348419189453
dog 0.24205491 186.88235473632812 38.25053405761719 225.26806640625 76.91810607910156
bird 0.23032331 137.05364990234375 24.059038162231445 155.9976806640625 43.05229187011719
bird 0.22012246 37.026451110839844 152.1343994140625 74.8330307006836 189.97869873046875
automobile 0.21268567 25.194461822509766 7.135394096374512 50.94833755493164 33.07335662841797
automobile 0.20799214 151.94264221191406 149.08045959472656 167.8549041748047 165.1348419189453
