airplane 0.99879557 138.87509155273438 11.01303768157959 171.0985107421875 42.61901092529297
ship 0.99879324 121.12303161621094 184.04525756835938 155.89051818847656 218.8211669921875
ship 0.99795425 73.14496612548828 151.92608642578125 105.07587432861328 183.89169311523438
airplane 0.9975717 114.06246948242188 9.99129867553711 135.926025390625 31.983562469482422
deer 0.99653506 138.0398712158203 46.87031936645508 167.0413360595703 76.01294708251953
dog 0.9948652 156.99966430664062 169.9564971923828 186.13568115234375 199.1397247314453
deer 0.9919184 29.139347076416016 53.01576614379883 61.01852798461914 84.99745178222656
ship 0.9801738 43.97594451904297 214.94325256347656 82.01500701904297 252.91172790527344
frog 0.97251 131.11190795898438 131.9873504638672 157.07699584960938 158.06642150878906
airplane 0.9594114 113.10636138916016 46.985267639160156 128.9476776123047 63.06733703613281
ship 0.9485671 188.1430206298828 170.10890197753906 226.0985870361328 207.8920135498047
dog 0.9295513 195.10284423828125 13.983019828796387 227.18612670898438 45.90731430053711
dog 0.9250723 39.09453201293945 97.14896392822266 76.90388488769531 134.91390991210938
truck 0.8892691 69.99490356445312 38.26932907104492 88.97024536132812 56.89543533325195
dog 0.88836706 91.99330139160156 82.02163696289062 114.06936645507812 104.0064697265625
frog 0.65272015 148.99220275878906 98.11769104003906 175.00889587402344 123.99270629882812
dog 0.5043117 148.99220275878906 98.11769104003906 175.00889587402344 123.99270629882812
automobile 0.43729365 69.99490356445312 38.26932907104492 88.97024536132812 56.89543533325195
ship 0.42215565 113.11764526367188 47.07330322265625 128.94586181640625 63.036521911621094
cat 0.41282916 130.93556213378906 132.07131958007812 157.1261749267578 158.09884643554688
cat 0.395334 149.06716918945312 97.95487213134766 175.01116943359375 123.88777923583984
bird 0.36975536 205.97286987304688 141.03231811523438 227.97061157226562 163.01016235351562
automobile 0.33043605 187.97817993164062 170.12606811523438 226.12542724609375 207.90203857421875
automobile 0.32979617 92.07112121582031 81.92471313476562 113.94805908203125 103.87800598144531
automobile 0.30503646 206.03555297851562 140.99484252929688 227.91839599609375 162.86456298828125
airplane 0.2995635 205.97286987304688 141.03231811523438 227.97061157226562 163.01016235351562
airplane 0.29018235 43.9052619934082 214.83213806152344 81.45402526855469 252.8121795654297
cat 0.2332339 92.07112121582031 81.92471313476562 113.94805908203125 103.87800598144531
truck 0.21989289 188.00291442871094 170.22802734375 226.30555725097656 207.90655517578125
deer 0.207751 113.15857696533203 46.928749084472656 128.86488342285156 63.09308624267578
