airplane 0.9985181 28.13634490966797 100.07106018066406 59.83538818359375 131.909912109375
airplane 0.9983181 135.08453369140625 51.22334289550781 163.98348999023438 80.07261657714844
airplane 0.99675715 83.01502990722656 180.79080200195312 109.02340698242188 207.003662109375
deer 0.9961003 200.9744415283203 23.970151901245117 223.0704803466797 46.032936096191406
deer 0.99605584 87.95553588867188 52.07196044921875 110.05551147460938 73.91704559326172
automobile 0.99563444 93.18385314941406 16.14495277404785 111.95036315917969 35.12004089355469
deer 0.9945269 39.93666458129883 210.04429626464844 72.07391357421875 242.03440856933594
deer 0.9882846 131.076171875 213.3367919921875 169.17111206054688 250.63848876953125
bird 0.987468 210.1516876220703 214.01475524902344 244.94752502441406 248.95423889160156
airplane 0.96432126 211.12359619140625 169.1299591064453 248.96145629882812 206.84165954589844
truck 0.9585844 211.10845947265625 133.21620178222656 237.13592529296875 159.04161071777344
truck 0.95653474 130.10797119140625 100.0350112915039 155.94970703125 126.02156829833984
cat 0.7172229 12.059229850769043 181.04197692871094 31.020458221435547 199.95079040527344
automobile 0.71460855 59.033119201660156 35.0883903503418 77.99144744873047 54.05277633666992
deer 0.71261454 53.14219284057617 69.98897552490234 82.13739013671875 99.11347198486328
bird 0.6304492 12.100260734558105 181.0362091064453 31.022167205810547 199.9939727783203
airplane 0.60985947 53.15022277832031 70.0857162475586 82.01071166992188 99.05084991455078
bird 0.5055827 178.14425659179688 187.05929565429688 203.96774291992188 213.00405883789062
airplane 0.46659517 59.02403259277344 35.10041809082031 77.99543762207031 54.07542419433594
cat 0.40899256 178.12295532226562 187.0651397705078 203.97085571289062 212.9918975830078
bird 0.37732923 159.07672119140625 109.80661010742188 197.21090698242188 147.69839477539062
truck 0.31113175 59.033119201660156 35.0883903503418 77.99144744873047 54.05277633666992
airplane 0.3105064 130.04248046875 100.01105499267578 156.08575439453125 125.9721908569336
cat 0.28346655 130.04248046875 100.01105499267578 156.08575439453125 125.9721908569336
cat 0.2392968 159.07672119140625 109.80661010742188 197.21090698242188 147.69839477539062
dog 0.2225365 12.064498901367188 180.98509216308594 30.888233184814453 199.71852111816406
ship 0.2111403 12.100260734558105 181.0362091064453 31.022167205810547 199.9939727783203
deer 0.20704919 12.059229850769043 181.04197692871094 31.020458221435547 199.95079040527344
airplane 0.2037152 159.07672119140625 109.80661010742188 197.21090698242188 147.69839477539062
deer 0.20134616 59.02403259277344 35.10041809082031 77.99543762207031 54.07542419433594
