automobile 0.9988148 170.0841064453125 191.90826416015625 198.93853759765625 220.97537231445312
bird 0.9978899 135.98985290527344 18.089336395263672 164.95762634277344 46.97706985473633
automobile 0.9968797 14.18526840209961 127.24458312988281 52.04762649536133 165.1031951904297
airplane 0.99585354 202.75802612304688 192.18275451660156 241.0435791015625 230.05552673339844
airplane 0.99427974 10.018112182617188 204.97630310058594 48.029884338378906 243.1691436767578
frog 0.9942597 38.07309341430664 181.1292266845703 60.030330657958984 203.0377960205078
automobile 0.99403584 115.12532806396484 95.16527557373047 147.2285614013672 126.91085052490234
frog 0.99209595 160.13331604003906 83.2769775390625 188.86073303222656 112.08631896972656
truck 0.9750593 110.98391723632812 10.922094345092773 126.998779296875 27.177949905395508
automobile 0.96485865 204.11801147460938 19.121196746826172 230.0572509765625 45.12211227416992
frog 0.9634757 71.13409423828125 180.96987915039062 105.98222351074219 216.04837036132812
deer 0.9514146 193.22769165039062 91.10053253173828 228.04220581054688 125.86382293701172
deer 0.9259815 72.05751037597656 21.118337631225586 97.86061096191406 47.03130340576172
ship 0.87343514 178.98680114746094 41.9664306640625 197.9857940673828 60.91020965576172
deer 0.79164004 93.15863800048828 150.03001403808594 111.9332504272461 169.0143585205078
bird 0.733482 211.02947998046875 152.91946411132812 249.11752319335938 190.91317749023438
airplane 0.6156146 211.101318359375 153.03675842285156 249.0711669921875 190.73304748535156
cat 0.49919975 53.032657623291016 71.20480346679688 78.99395751953125 97.05708312988281
airplane 0.47080836 110.98391723632812 10.922094345092773 126.998779296875 27.177949905395508
cat 0.4406941 163.58285522460938 154.31907653808594 199.04324340820312 187.0069122314453
ship 0.39367613 53.032657623291016 71.20480346679688 78.99395751953125 97.05708312988281
frog 0.33711675 93.15863800048828 150.03001403808594 111.9332504272461 169.0143585205078
airplane 0.32276648 53.032657623291016 71.20480346679688 78.99395751953125 97.05708312988281
airplane 0.28516546 179.08323669433594 41.860740661621094 198.0756072998047 60.93262481689453
cat 0.2656755 110.98391723632812 10.922094345092773 126.998779296875 27.177949905395508
