truck 0.99801624 141.0706329345703 107.0690689086914 175.92955017089844 142.0489959716797
airplane 0.99714386 188.90721130371094 201.9130859375 218.13099670410156 231.00799560546875
cat 0.99685955 187.96112060546875 118.1005859375 220.01031494140625 149.94827270507812
frog 0.9964945 46.192047119140625 46.03611755371094 78.22787475585938 77.96282958984375
airplane 0.99604386 19.16067886352539 128.12677001953125 41.217586517333984 150.23153686523438
airplane 0.99353915 84.06912231445312 38.165313720703125 118.75155639648438 73.11481475830078
bird 0.99165237 45.072113037109375 216.0369110107422 76.9815444946289 248.0756072998047
deer 0.9907758 135.95472717285156 28.16228485107422 155.06410217285156 46.993621826171875
bird 0.99076223 194.10292053222656 56.05156707763672 213.27626037597656 75.0113296508789
dog 0.9795861 211.13392639160156 85.9685287475586 232.95228576660156 108.05254364013672
deer 0.97050214 214.91009521484375 55.01390075683594 244.139892578125 83.97775268554688
dog 0.9698223 5.097376823425293 196.9783935546875 30.959991455078125 223.06304931640625
airplane 0.96402586 122.0689697265625 166.10816955566406 154.15206909179688 198.0009002685547
truck 0.96359444 166.11734008789062 82.17098236083984 184.9805908203125 100.96668243408203
deer 0.9488911 124.02881622314453 64.12226867675781 150.06463623046875 90.02803039550781
cat 0.69379985 65.12077331542969 138.22662353515625 99.88665771484375 172.99307250976562
frog 0.6922703 195.17335510253906 24.144508361816406 214.0583038330078 43.16478729248047
automobile 0.6922049 195.0939178466797 24.12530517578125 214.01234436035156 43.080078125
dog 0.6867535 170.07691955566406 28.087820053100586 186.1206512451172 43.97372817993164
frog 0.6788657 102.98348999023438 97.02429962158203 129.16322326660156 123.2480697631836
bird 0.45740145 65.07117462158203 138.213623046875 99.9634017944336 172.95205688476562
airplane 0.42485133 170.0909881591797 28.05419158935547 186.2399444580078 43.993324279785156
dog 0.39335203 65.0565414428711 137.97216796875 100.04415130615234 173.05047607421875
cat 0.28146416 122.05445861816406 166.11428833007812 154.0438690185547 197.980712890625
cat 0.27305853 211.16697692871094 86.01192474365234 232.8889923095703 107.8694076538086
frog 0.24320811 65.0565414428711 137.97216796875 100.04415130615234 173.05047607421875
cat 0.20728984 102.89032745361328 96.98104095458984 129.13795471191406 123.27303314208984
airplane 0.20549434 195.17335510253906 24.144508361816406 214.0583038330078 43.16478729248047
