ship 0.99757814 2.9857540130615234 148.07077026367188 41.1707763671875 186.28677368164062
deer 0.9974397 29.22272491455078 13.022429466247559 61.14057922363281 45.01197814941406
bird 0.9970429 88.98905181884766 102.9919204711914 117.94625091552734 132.038818359375
dog 0.9964103 55.16582107543945 139.94906616210938 86.95907592773438 172.04513549804688
frog 0.9955262 96.08524322509766 36.06282043457031 128.0489044189453 67.88925170898438
frog 0.9955185 142.1255645751953 5.971383094787598 164.07127380371094 28.098552703857422
airplane 0.9949621 154.0726318359375 196.03140258789062 189.00833129882812 231.03884887695312
ship 0.992437 191.02847290039062 110.05641174316406 226.0379638671875 145.2567596435547
frog 0.98886955 73.98348236083984 79.21741485595703 92.9904556274414 98.04979705810547
deer 0.9756682 93.05679321289062 8.038106918334961 109.00106811523438 23.990243911743164
cat 0.96158093 135.0902557373047 62.157161712646484 166.96717834472656 94.11933898925781
frog 0.9571603 19.190473556518555 55.962684631347656 48.06059265136719 84.91155242919922
bird 0.94611347 173.38720703125 29.18082046508789 202.0057373046875 58.075077056884766
deer 0.936316 71.08718872070312 25.026630401611328 90.10009765625 44.05351638793945
truck 0.9355928 127.99742889404297 206.05201721191406 150.04244995117188 228.01539611816406
ship 0.9223283 69.03008270263672 191.18710327148438 84.96456146240234 206.94692993164062
bird 0.900007 208.23953247070312 54.124176025390625 245.91693115234375 92.09532165527344
airplane 0.8103578 198.01901245117188 164.91282653808594 226.96981811523438 194.0886993408203
automobile 0.79517484 173.33705139160156 29.27326202392578 202.06761169433594 57.96135711669922
bird 0.55810064 71.08718872070312 25.026630401611328 90.10009765625 44.05351638793945
bird 0.54907113 92.19096374511719 180.0625 126.82176208496094 214.8236083984375
automobile 0.45144188 120.56135559082031 143.3199462890625 145.83103942871094 166.09857177734375
airplane 0.41367424 69.03008270263672 191.18710327148438 84.96456146240234 206.94692993164062
automobile 0.4018579 198.06884765625 164.93292236328125 226.968017578125 193.98114013671875
dog 0.36581826 135.0902557373047 62.157161712646484 166.96717834472656 94.11933898925781
bird 0.36458808 198.06884765625 164.93292236328125 226.968017578125 193.98114013671875
airplane 0.35122484 128.07264709472656 205.93115234375 150.0404510498047 227.88250732421875
truck 0.3228106 92.03633117675781 180.0715789794922 126.83656311035156 214.8647918701172
frog 0.3144896 93.04810333251953 8.092788696289062 109.01493072509766 24.00096893310547
deer 0.30960855 69.03008270263672 191.18710327148438 84.96456146240234 206.94692993164062
cat 0.30036455 19.190473556518555 55.962684631347656 48.06059265136719 84.91155242919922
ship 0.2960609 92.11199188232422 179.9959716796875 127.01569366455078 214.748046875
truck 0.27207184 68.99906158447266 191.2541046142578 84.79265594482422 206.9644317626953
automobile 0.25642014 127.92764282226562 206.068115234375 149.9444580078125 228.02450561523438
cat 0.2540353 69.03008270263672 191.18710327148438 84.96456146240234 206.94692993164062
frog 0.2498725 208.20042419433594 54.113128662109375 245.9865264892578 91.89561462402344
frog 0.23743543 71.08718872070312 25.026630401611328 90.10009765625 44.05351638793945
