bird 0.9987062 126.0427474975586 105.18489074707031 147.96714782714844 127.06417846679688
bird 0.9985812 116.87026977539062 69.03329467773438 145.9964599609375 98.2437744140625
ship 0.9982337 141.992919921875 11.898293495178223 168.13656616210938 38.16016387939453
automobile 0.99761593 95.09489440917969 30.027061462402344 126.99263000488281 62.43206787109375
automobile 0.9960618 206.12594604492188 57.22100830078125 243.93597412109375 95.18438720703125
ship 0.9940449 65.97579956054688 95.14710998535156 91.96951293945312 120.94636535644531
ship 0.9933544 119.97180938720703 192.13153076171875 139.03184509277344 210.88726806640625
airplane 0.9932997 51.927345275878906 54.10487365722656 86.99178314208984 89.07901000976562
bird 0.99103 25.22134780883789 152.11572265625 50.90743637084961 178.19784545898438
bird 0.98946106 182.98757934570312 13.013833999633789 218.07272338867188 47.792640686035156
dog 0.9894242 182.02032470703125 168.1311492919922 200.96221923828125 187.01463317871094
frog 0.9818419 13.098408699035645 209.9654998779297 39.00366973876953 236.03199768066406
frog 0.9779154 145.00274658203125 177.2069854736328 176.91574096679688 209.06837463378906
cat 0.97520113 55.97441864013672 196.72471618652344 90.99210357666016 231.27757263183594
bird 0.97168326 205.11167907714844 98.03326416015625 243.1170196533203 135.8639373779297
airplane 0.95318615 85.24989318847656 163.1838836669922 113.96688842773438 191.97792053222656
truck 0.9090625 23.940677642822266 29.134815216064453 45.9793815612793 51.110050201416016
bird 0.81609607 191.90634155273438 199.32711791992188 226.67062377929688 233.8214111328125
automobile 0.80230045 23.940677642822266 29.134815216064453 45.9793815612793 51.110050201416016
truck 0.7566631 189.29998779296875 142.21356201171875 207.86727905273438 161.09625244140625
cat 0.6882013 189.29998779296875 142.21356201171875 207.86727905273438 161.09625244140625
automobile 0.36539745 85.24989318847656 163.1838836669922 113.96688842773438 191.97792053222656
cat 0.35090452 191.9117431640625 199.35726928710938 226.701416015625 233.8194580078125
dog 0.29759488 189.34393310546875 142.1114501953125 207.93582153320312 160.97378540039062
deer 0.29262888 18.082199096679688 92.09962463378906 36.974456787109375 111.07304382324219
frog 0.27785516 189.29998779296875 142.21356201171875 207.86727905273438 161.09625244140625
automobile 0.2490257 144.82791137695312 177.09417724609375 176.86038208007812 209.145751953125
