ship 0.9990561 177.99501037597656 65.02616882324219 207.0139617919922 94.04257202148438
truck 0.99872065 38.0439338684082 162.84213256835938 63.947574615478516 188.95657348632812
bird 0.9984425 139.0828399658203 187.1553497314453 168.0098419189453 215.9709014892578
automobile 0.9983671 209.02127075195312 117.09956359863281 228.0057373046875 135.93423461914062
ship 0.99819905 190.0393524169922 11.03948974609375 216.0168914794922 37.01329040527344
frog 0.9966477 181.16822814941406 210.0291748046875 206.9308624267578 236.06271362304688
truck 0.9966197 59.146934509277344 207.10862731933594 96.97942352294922 244.9370574951172
frog 0.99590385 182.05416870117188 144.88743591308594 208.35174560546875 171.0386505126953
ship 0.9957433 62.07367706298828 70.92828369140625 81.06938934326172 89.94361877441406
frog 0.9952533 38.05751419067383 137.01913452148438 56.990116119384766 156.04730224609375
airplane 0.95902246 210.84056091308594 160.14080810546875 236.8875274658203 185.9599609375
bird 0.932495 107.89332580566406 135.0835418701172 139.94943237304688 166.9872283935547
airplane 0.9236064 89.0291519165039 32.309837341308594 120.95735931396484 63.78892517089844
dog 0.91880834 11.99297046661377 140.99520874023438 31.143203735351562 159.85989379882812
frog 0.9087413 141.98829650878906 99.07109069824219 164.07554626464844 121.0604248046875
airplane 0.90320563 183.1415557861328 107.96273040771484 201.9545440673828 127.1023941040039
bird 0.8539431 27.98261260986328 40.158653259277344 54.09431457519531 66.12422180175781
cat 0.6180649 89.0003890991211 32.20504379272461 120.95026397705078 63.81373977661133
ship 0.5028121 183.0866241455078 108.0187759399414 202.08616638183594 127.10515594482422
deer 0.468031 141.98829650878906 99.07109069824219 164.07554626464844 121.0604248046875
frog 0.2248489 107.90028381347656 134.99832153320312 139.9818878173828 166.77618408203125
dog 0.21207392 122.95182800292969 37.94078063964844 156.87416076660156 73.2325668334961
bird 0.2076993 141.92349243164062 99.14665222167969 163.97549438476562 121.08616638183594
