truck 0.9990653 107.04016876220703 173.04014587402344 128.9823455810547 194.9147186279297
truck 0.9985613 211.09078979492188 13.96636962890625 248.92861938476562 52.06226348876953
ship 0.99824023 10.009321212768555 148.8673858642578 38.988983154296875 178.01316833496094
bird 0.99763775 47.08255386352539 59.20050048828125 79.21774291992188 91.25675964355469
ship 0.9975532 135.98342895507812 75.08736419677734 162.00552368164062 101.19628143310547
ship 0.99744856 188.04144287109375 138.89675903320312 226.2099609375 176.86651611328125
ship 0.99715376 70.96471405029297 98.01673889160156 99.99710845947266 127.0421142578125
automobile 0.9968126 114.00990295410156 100.0971908569336 133.11257934570312 118.98401641845703
ship 0.99656117 42.98572540283203 130.1344451904297 78.05646514892578 164.98069763183594
deer 0.9607444 170.951171875 6.901031494140625 208.67196655273438 44.95606231689453
automobile 0.95104045 12.989446640014648 15.998297691345215 39.04582977294922 42.01331329345703
dog 0.93068564 156.29635620117188 136.0301513671875 184.97528076171875 164.9697265625
cat 0.92330635 16.036235809326172 97.01898193359375 45.02329635620117 125.97291564941406
deer 0.91226447 73.11194610595703 19.978923797607422 105.01984405517578 51.94728469848633
frog 0.89032185 129.2303466796875 14.042930603027344 167.06747436523438 52.08495330810547
truck 0.863606 82.19558715820312 149.0976104736328 100.98481750488281 167.91526794433594
bird 0.6318971 140.036376953125 200.06402587890625 174.97787475585938 235.07907104492188
bird 0.5011468 73.11194610595703 19.978923797607422 105.01984405517578 51.94728469848633
dog 0.4435344 16.036235809326172 97.01898193359375 45.02329635620117 125.97291564941406
cat 0.37696743 129.27830505371094 14.124446868896484 167.0587921142578 52.106876373291016
frog 0.3751414 40.91606521606445 180.07762145996094 60.14949417114258 199.0240936279297
dog 0.37151387 140.1058349609375 199.93118286132812 175.11215209960938 234.86444091796875
truck 0.28983814 21.051593780517578 47.933502197265625 42.95077896118164 69.99650573730469
automobile 0.28699005 82.0958023071289 148.97483825683594 101.02608489990234 167.9492950439453
frog 0.24801892 82.10809326171875 149.00259399414062 100.975830078125 167.9786376953125
deer 0.23977229 140.14666748046875 200.03677368164062 174.98873901367188 234.9947509765625
truck 0.23757154 40.84382629394531 180.1818389892578 59.98253631591797 199.09986877441406
