dog 0.99812496 99.95884704589844 120.05503845214844 128.9208984375 148.96949768066406
bird 0.99806476 56.0648078918457 191.2286376953125 88.01178741455078 223.024169921875
ship 0.996835 174.06300354003906 13.11991024017334 200.0435333251953 39.27691650390625
bird 0.9964353 196.85488891601562 81.25823974609375 235.08511352539062 118.76866149902344
airplane 0.99359906 203.1275634765625 34.069541931152344 240.93905639648438 71.75675201416016
automobile 0.9912511 136.0087890625 147.13528442382812 154.93313598632812 165.99984741210938
bird 0.9907024 142.97793579101562 185.14620971679688 177.99542236328125 219.9273681640625
automobile 0.9895491 189.0587158203125 160.06109619140625 204.96731567382812 175.92233276367188
dog 0.98842245 63.07883834838867 118.08919525146484 84.96636199951172 140.30618286132812
deer 0.9865219 210.13311767578125 182.02252197265625 244.97830200195312 216.9508056640625
truck 0.98352695 2.0600900650024414 138.9703826904297 28.015792846679688 164.90928649902344
truck 0.9808818 159.94357299804688 77.94667053222656 192.0537109375 110.17030334472656
ship 0.97523546 31.09585952758789 9.028780937194824 52.97077560424805 31.047428131103516
bird 0.9733819 19.002887725830078 71.05387878417969 34.90701675415039 87.01261901855469
cat 0.9725694 128.16909790039062 61.149505615234375 157.03909301757812 90.00279235839844
ship 0.79233134 6.171573638916016 189.3267364501953 25.05288314819336 207.85020446777344
cat 0.64136344 56.13312530517578 39.9819450378418 78.07743072509766 61.6113395690918
dog 0.6152154 55.92055130004883 39.940773010253906 78.00765991210938 61.824928283691406
deer 0.47894043 51.054168701171875 153.06585693359375 69.89944458007812 171.94552612304688
automobile 0.39873782 6.121917724609375 189.32656860351562 25.107025146484375 207.8958740234375
cat 0.396237 51.054168701171875 153.06585693359375 69.89944458007812 171.94552612304688
cat 0.301185 31.04953384399414 9.069778442382812 52.94960403442383 31.02820587158203
dog 0.28458086 91.22306823730469 15.255337715148926 116.96182250976562 41.08737564086914
airplane 0.26220462 159.94851684570312 78.07655334472656 192.08575439453125 110.07981872558594
ship 0.25273845 2.092892646789551 139.04220581054688 28.158126831054688 164.80795288085938
airplane 0.24448422 6.1856889724731445 189.26275634765625 25.109294891357422 207.87274169921875
bird 0.21963984 128.0703887939453 61.13869094848633 156.8970184326172 90.0727310180664
