truck 0.998693 87.12789916992188 172.07493591308594 115.98016357421875 201.0139617919922
ship 0.9978981 128.98545837402344 133.0370330810547 166.8477325439453 171.1763153076172
automobile 0.99749434 197.16346740722656 68.87633514404297 225.8004913330078 97.49279022216797
frog 0.9968778 28.97396469116211 93.05706024169922 55.03811264038086 119.15764617919922
ship 0.9968262 40.870670318603516 125.05201721191406 63.09982681274414 147.2841339111328
automobile 0.99626946 98.0545425415039 3.3061084747314453 124.07622528076172 29.080602645874023
cat 0.99617857 85.08406066894531 87.75289154052734 107.5103759765625 110.20032501220703
truck 0.9951483 162.2211456298828 211.20314025878906 193.90223693847656 242.9724884033203
frog 0.99206185 119.87451171875 69.91635131835938 155.08682250976562 105.04985046386719
cat 0.9912319 29.009883880615234 23.108402252197266 57.98100662231445 51.87569046020508
dog 0.99011564 199.16221618652344 100.06346893310547 221.0322723388672 122.02373504638672
frog 0.9854437 8.154919624328613 32.110076904296875 27.020126342773438 51.0712890625
airplane 0.9804031 157.9141387939453 56.93925476074219 174.00828552246094 73.09109497070312
dog 0.9766449 183.14443969726562 15.1425199508667 215.011474609375 46.92963790893555
cat 0.967394 88.9629898071289 128.07969665527344 107.99469757080078 146.95130920410156
frog 0.953375 47.064571380615234 181.99307250976562 81.91926574707031 216.98397827148438
airplane 0.93475026 172.1092071533203 139.87171936035156 198.0055694580078 166.12742614746094
dog 0.5736785 12.103326797485352 145.05091857910156 38.004066467285156 170.8878936767578
deer 0.2868384 12.033060073852539 144.93948364257812 38.072784423828125 171.01034545898438
ship 0.23430279 88.93098449707031 128.1335906982422 108.04310607910156 147.04795837402344
deer 0.21246076 157.90513610839844 57.00746154785156 173.83030700683594 73.18667602539062
ship 0.21119943 157.90513610839844 57.00746154785156 173.83030700683594 73.18667602539062
cat 0.20375139 183.07200622558594 15.028013229370117 215.10707092285156 46.91888427734375
