truck 0.9984335 138.04159545898438 209.0185546875 170.00286865234375 241.04107666015625
ship 0.9965669 72.07706451416016 152.02871704101562 107.07649993896484 186.98165893554688
bird 0.99610907 181.08889770507812 88.11141967773438 213.05679321289062 120.07637023925781
ship 0.99539155 80.02552795410156 93.09208679199219 101.98747253417969 114.921630859375
bird 0.99260974 119.05010223388672 164.04388427734375 138.11105346679688 182.99127197265625
frog 0.9919714 118.07616424560547 79.95970916748047 137.0251922607422 99.00609588623047
airplane 0.99120283 74.94841003417969 119.24160766601562 94.09280395507812 137.93179321289062
frog 0.9902062 198.00930786132812 3.0933074951171875 230.07681274414062 34.900028228759766
cat 0.9896344 101.97215270996094 41.22258758544922 130.88076782226562 69.87714385986328
frog 0.98489475 44.103492736816406 92.04120635986328 69.9661636352539 118.25580596923828
dog 0.97553504 28.064041137695312 152.1939239501953 59.8955078125 184.08396911621094
bird 0.9718158 95.95870208740234 131.18209838867188 115.09656524658203 150.02517700195312
deer 0.9556251 10.117887496948242 37.154258728027344 28.87615394592285 55.93756866455078
truck 0.94079316 95.98930358886719 197.0513916015625 131.1011505126953 232.02005004882812
truck 0.9008947 187.0181427001953 58.96156311035156 209.04197692871094 81.03977966308594
bird 0.8531051 80.05155944824219 72.03512573242188 96.04512023925781 88.04734802246094
truck 0.8426126 212.83489990234375 190.87518310546875 251.01492309570312 228.98086547851562
airplane 0.81025434 7.051593780517578 128.06187438964844 26.17087173461914 147.04478454589844
dog 0.45128483 10.051992416381836 37.09767150878906 28.806772232055664 55.91441345214844
deer 0.37957162 204.0235137939453 130.088134765625 219.9123992919922 146.05096435546875
frog 0.3181827 80.02491760253906 71.96946716308594 96.02650451660156 88.02740478515625
deer 0.31182283 80.05155944824219 72.03512573242188 96.04512023925781 88.04734802246094
frog 0.29627466 27.983287811279297 152.2367706298828 59.80729293823242 184.05177307128906
automobile 0.2573005 212.85191345214844 191.0410919189453 250.8495330810547 228.88722229003906
cat 0.22439238 80.11761474609375 72.05414581298828 96.02041625976562 87.98661041259766
cat 0.21232945 95.98930358886719 197.0513916015625 131.1011505126953 232.02005004882812
