automobile 0.9982506 18.1776180267334 50.022064208984375 52.980743408203125 84.84886169433594
frog 0.9977424 181.1611328125 193.04818725585938 207.06365966796875 219.336181640625
ship 0.9973078 198.0101318359375 29.022497177124023 216.9576416015625 47.965919494628906
automobile 0.9967364 68.00423431396484 87.05061340332031 97.01348114013672 115.97637939453125
truck 0.99447536 137.07325744628906 29.01042938232422 159.10130310058594 51.025177001953125
airplane 0.9939759 109.11434936523438 160.2643585205078 137.8384246826172 188.98365783691406
truck 0.9935588 189.97987365722656 102.0486831665039 209.00563049316406 120.9754867553711
frog 0.9933839 45.11293029785156 160.06651306152344 77.00344848632812 191.95347595214844
automobile 0.9932121 16.987144470214844 201.16287231445312 43.02203369140625 227.28073120117188
frog 0.9928399 2.1474132537841797 137.21084594726562 40.23234558105469 175.01608276367188
frog 0.9893111 125.97579193115234 2.9817609786987305 145.00582885742188 22.091651916503906
deer 0.9805989 194.03997802734375 139.95159912109375 220.0064697265625 166.15869140625
bird 0.97839403 4.057379722595215 95.13655090332031 36.043243408203125 127.06156921386719
automobile 0.9733539 102.89277648925781 7.095304489135742 119.06819152832031 23.173616409301758
airplane 0.97090113 84.9694595336914 156.10841369628906 100.98798370361328 171.9337921142578
airplane 0.96958715 115.93461608886719 128.1233673095703 142.07667541503906 154.16346740722656
frog 0.9626009 149.0059356689453 80.04691314697266 171.0770721435547 102.04515838623047
ship 0.9457886 126.05095672607422 198.04833984375 142.0877685546875 214.07083129882812
airplane 0.70824695 126.05095672607422 198.04833984375 142.0877685546875 214.07083129882812
automobile 0.4122085 84.99529266357422 156.10162353515625 100.96465301513672 171.92922973632812
bird 0.3692119 148.9962158203125 80.02017974853516 170.99234008789062 102.01445770263672
airplane 0.2976903 3.9166259765625 95.13700866699219 36.02446365356445 127.05577087402344
truck 0.27582252 84.9694595336914 156.10841369628906 100.98798370361328 171.9337921142578
ship 0.2626282 102.96813201904297 7.084344863891602 119.0319595336914 23.13544273376465
airplane 0.2487444 84.95555877685547 19.070112228393555 101.05208587646484 35.02602767944336
