automobile 0.9989985 187.0748291015625 87.1532211303711 208.9521484375 109.02790069580078
automobile 0.9975845 67.069580078125 87.05101013183594 93.07550048828125 113.06573486328125
airplane 0.99686444 141.04986572265625 27.04488754272461 173.00668334960938 59.02469253540039
ship 0.995612 183.16921997070312 131.0346221923828 221.10946655273438 169.0609588623047
frog 0.99534655 45.03791046142578 130.24122619628906 71.10968780517578 156.0028533935547
automobile 0.9948356 85.9063720703125 202.02191162109375 121.02505493164062 237.03167724609375
ship 0.9944395 58.10760498046875 162.07553100585938 83.92289733886719 188.03204345703125
cat 0.99146736 140.1448974609375 171.09535217285156 165.88607788085938 196.96559143066406
dog 0.99142116 208.14508056640625 3.9688854217529297 233.94607543945312 30.154996871948242
airplane 0.9911981 177.9642333984375 198.1079559326172 210.04071044921875 230.19996643066406
cat 0.9811648 27.0277042388916 10.936416625976562 65.14383697509766 48.94927215576172
deer 0.98034024 69.88616180419922 26.967952728271484 104.93073272705078 62.10187911987305
dog 0.94842124 130.97332763671875 105.13319396972656 149.93313598632812 124.0068359375
cat 0.9429579 86.99336242675781 115.23077392578125 119.07270812988281 147.19024658203125
truck 0.9261254 126.07982635498047 140.08984375 147.98912048339844 161.96514892578125
automobile 0.9048443 15.072819709777832 51.99108123779297 31.087265014648438 68.08283233642578
bird 0.8884843 130.01939392089844 201.2034912109375 168.0658721923828 239.05490112304688
deer 0.8545349 174.1138916015625 23.087345123291016 195.88812255859375 44.959285736083984
truck 0.83028454 15.072819709777832 51.99108123779297 31.087265014648438 68.08283233642578
automobile 0.6533112 126.12710571289062 140.1595458984375 148.05819702148438 161.9466552734375
truck 0.3272239 13.77708911895752 153.03390502929688 29.975872039794922 169.02236938476562
airplane 0.3239342 129.8057861328125 200.89173889160156 168.41226196289062 238.57301330566406
ship 0.32391554 174.11634826660156 23.25876235961914 195.69947814941406 45.0814323425293
airplane 0.32238287 13.920435905456543 152.9219512939453 30.089435577392578 169.0375518798828
cat 0.29795927 174.07391357421875 23.05691909790039 195.94711303710938 45.04909896850586
deer 0.27982455 130.82228088378906 105.18219757080078 149.9710235595703 124.02729034423828
cat 0.2558512 130.01939392089844 201.2034912109375 168.0658721923828 239.05490112304688
dog 0.2468045 87.03816223144531 115.19913482666016 119.08924865722656 147.166748046875
airplane 0.24298519 37.94411849975586 215.03775024414062 54.07352828979492 231.01846313476562
truck 0.22356433 174.11634826660156 23.25876235961914 195.69947814941406 45.0814323425293
