ship 0.9985723 200.05844116210938 41.17764663696289 232.04962158203125 72.99120330810547
automobile 0.9982879 191.97328186035156 213.99624633789062 223.9856719970703 246.10174560546875
truck 0.99794376 80.96208190917969 58.89159393310547 112.94752502441406 90.96434783935547
truck 0.9979088 126.0981216430664 207.26576232910156 151.9375 232.9584503173828
automobile 0.99711514 10.014729499816895 112.03929138183594 28.976333618164062 131.09141540527344
airplane 0.9959743 14.97154426574707 179.0572052001953 47.00886535644531 211.0571746826172
frog 0.99029875 91.9925537109375 164.1299591064453 113.92137145996094 186.0072479248047
automobile 0.989616 43.06993865966797 36.92119598388672 78.17170715332031 72.00550079345703
truck 0.9620757 44.041812896728516 90.11982727050781 73.00919342041016 118.9945068359375
frog 0.9520651 57.18486404418945 132.0345916748047 86.05274963378906 160.9671173095703
airplane 0.9145107 16.07547378540039 153.94195556640625 32.052955627441406 169.95407104492188
cat 0.89579946 128.91748046875 142.98985290527344 166.8875732421875 180.9635772705078
deer 0.89157975 22.028125762939453 3.0550107955932617 54.11354446411133 34.95770263671875
bird 0.89132714 198.1116180419922 99.08049774169922 224.0854034423828 124.83206939697266
deer 0.8834808 198.02662658691406 148.97508239746094 235.9667205810547 186.95750427246094
truck 0.87507653 120.09512329101562 15.032865524291992 151.96249389648438 47.09297180175781
ship 0.81325436 173.0309600830078 197.0798797607422 188.99314880371094 213.0112762451172
automobile 0.7792908 173.00013732910156 197.13055419921875 189.02366638183594 213.0615234375
ship 0.7254343 21.993045806884766 3.034184455871582 54.10245132446289 34.9979133605957
deer 0.72140074 128.99887084960938 142.9635009765625 166.979248046875 181.0645751953125
automobile 0.5473269 16.039709091186523 153.9404296875 32.03005599975586 169.98147583007812
frog 0.5395283 197.95220947265625 149.0108642578125 236.20211791992188 186.97845458984375
ship 0.50947934 122.18539428710938 115.098388671875 138.00341796875 131.00527954101562
cat 0.5090428 122.18539428710938 115.098388671875 138.00341796875 131.00527954101562
dog 0.4724492 122.18539428710938 115.098388671875 138.00341796875 131.00527954101562
dog 0.38662007 57.262001037597656 132.18341064453125 86.01689910888672 160.97518920898438
bird 0.35710445 122.07305908203125 115.10637664794922 138.0496826171875 131.06265258789062
ship 0.34990048 44.041812896728516 90.11982727050781 73.00919342041016 118.9945068359375
automobile 0.282999 122.07305908203125 115.10637664794922 138.0496826171875 131.06265258789062
truck 0.28013223 21.993045806884766 3.034184455871582 54.10245132446289 34.9979133605957
airplane 0.26146388 119.94585418701172 15.020336151123047 152.04946899414062 47.190181732177734
deer 0.26138854 57.262001037597656 132.18341064453125 86.01689910888672 160.97518920898438
deer 0.23831797 173.0309600830078 197.0798797607422 188.99314880371094 213.0112762451172
