airplane 0.99601257 208.9542694091797 7.152556419372559 235.0804901123047 33.1663932800293
automobile 0.99555767 187.93617248535156 8.018542289733887 204.04673767089844 24.067676544189453
frog 0.99457145 20.125335693359375 127.1595458984375 52.08465576171875 159.13128662109375
truck 0.9933425 146.06260681152344 136.98997497558594 183.9291534423828 174.98390197753906
ship 0.99136794 67.98322296142578 5.156988143920898 96.82819366455078 34.138145446777344
frog 0.98948956 182.058837890625 31.14952850341797 204.15896606445312 53.01226043701172
dog 0.98709124 29.147512435913086 7.4147491455078125 64.10675048828125 41.933773040771484
frog 0.984162 74.03074645996094 40.945980072021484 111.95143127441406 79.08212280273438
dog 0.9800627 175.0669403076172 107.06956481933594 197.02052307128906 129.07516479492188
airplane 0.9776224 18.25905990600586 175.29977416992188 43.8677864074707 200.89471435546875
airplane 0.9770119 101.92504119873047 134.16476440429688 128.0406951904297 159.95999145507812
ship 0.9648721 129.95657348632812 17.959421157836914 145.98333740234375 34.02008056640625
dog 0.8839083 64.99043273925781 96.13050842285156 96.95062255859375 128.00051879882812
dog 0.85987425 9.697687149047852 205.0855712890625 44.87773132324219 239.95809936523438
truck 0.8542638 124.11778259277344 50.43406295776367 155.40245056152344 82.00532531738281
frog 0.8066575 110.9664306640625 205.02601623535156 129.9778289794922 223.98143005371094
frog 0.7865337 210.0221405029297 35.52909851074219 245.12022399902344 70.9407958984375
cat 0.74115545 181.98487854003906 200.97091674804688 204.08921813964844 223.1444091796875
bird 0.6513494 95.17060852050781 180.0199737548828 117.05836486816406 201.96217346191406
deer 0.6242732 129.94955444335938 18.011066436767578 146.05029296875 33.9650764465332
cat 0.6034361 124.12077331542969 50.29908752441406 155.40541076660156 82.09941101074219
bird 0.5512864 181.92752075195312 200.93174743652344 204.05535888671875 223.13279724121094
cat 0.40223962 9.816217422485352 205.04856872558594 45.00005340576172 239.9244842529297
frog 0.32451516 182.1005096435547 201.06668090820312 204.01612854003906 223.04367065429688
cat 0.29744714 129.94955444335938 18.011066436767578 146.05029296875 33.9650764465332
airplane 0.28988135 95.17060852050781 180.0199737548828 117.05836486816406 201.96217346191406
truck 0.28489673 129.95657348632812 17.959421157836914 145.98333740234375 34.02008056640625
truck 0.26059243 187.93617248535156 8.018542289733887 204.04673767089844 24.067676544189453
automobile 0.2594061 129.95657348632812 17.959421157836914 145.98333740234375 34.02008056640625
deer 0.25770217 9.816217422485352 205.04856872558594 45.00005340576172 239.9244842529297
cat 0.25116432 95.07780456542969 180.10000610351562 117.04371643066406 202.142333984375
dog 0.22982287 210.0221405029297 35.52909851074219 245.12022399902344 70.9407958984375
cat 0.21825767 110.96475982666016 205.02854919433594 129.98654174804688 224.03419494628906
deer 0.21374485 95.07780456542969 180.10000610351562 117.04371643066406 202.142333984375
deer 0.21291569 110.9664306640625 205.02601623535156 129.9778289794922 223.98143005371094
truck 0.21085396 18.25905990600586 175.29977416992188 43.8677864074707 200.89471435546875
deer 0.20895654 210.0221405029297 35.52909851074219 245.12022399902344 70.9407958984375
