truck 0.9986122 192.8765411376953 100.09181213378906 214.94749450683594 121.85488891601562
frog 0.9984424 87.03907775878906 88.02725219726562 102.99531555175781 103.91336059570312
automobile 0.9983816 118.96529388427734 15.050732612609863 145.07107543945312 41.09870910644531
truck 0.9982264 20.993003845214844 123.05948638916016 53.036109924316406 155.27536010742188
frog 0.9968103 43.036399841308594 10.04952621459961 78.13018035888672 45.03123092651367
ship 0.99678606 151.92576599121094 85.99979400634766 168.0531768798828 102.07524871826172
deer 0.9955324 1.906484603881836 57.94805145263672 40.139930725097656 95.94811248779297
ship 0.9892636 185.9840545654297 123.20418548583984 221.09095764160156 157.947998046875
bird 0.98770565 135.38345336914062 192.18521118164062 173.03570556640625 229.78973388671875
cat 0.97396487 83.00055694580078 213.97657775878906 99.1220932006836 230.06813049316406
frog 0.95513654 39.04214859008789 173.15182495117188 60.94681167602539 195.02548217773438
cat 0.94511795 54.8990592956543 108.9952621459961 71.11670684814453 124.9209976196289
dog 0.94471073 26.04344367980957 201.17697143554688 48.034812927246094 223.11477661132812
frog 0.87666476 192.9192657470703 4.574926376342773 229.80836486816406 45.991050720214844
dog 0.8651096 166.10108947753906 161.14744567871094 184.82591247558594 179.9381866455078
cat 0.8437811 80.26925659179688 51.310264587402344 114.89036560058594 78.14681243896484
frog 0.8308194 175.08590698242188 92.9873046875 191.15274047851562 109.04061889648438
dog 0.7190283 161.03787231445312 60.14105224609375 179.94482421875 79.10090637207031
cat 0.6150917 161.01605224609375 59.998878479003906 179.91265869140625 79.09545135498047
bird 0.6066034 166.17469787597656 161.11929321289062 184.89332580566406 180.04132080078125
airplane 0.41252807 191.6153106689453 198.1042938232422 207.8973846435547 215.08311462402344
truck 0.34598768 54.860877990722656 108.99276733398438 71.0337905883789 124.91619873046875
deer 0.2632798 175.1610107421875 92.98693084716797 191.20016479492188 109.09258270263672
truck 0.24780881 175.1610107421875 92.98693084716797 191.20016479492188 109.09258270263672
automobile 0.24200904 175.08590698242188 92.9873046875 191.15274047851562 109.04061889648438
truck 0.22736236 26.033950805664062 201.1888427734375 47.955055236816406 223.04873657226562
