ship 0.997928 211.9917755126953 17.077899932861328 241.0017852783203 45.89390182495117
frog 0.9970615 96.08621978759766 207.9678192138672 122.04065704345703 233.8896942138672
automobile 0.99270195 116.93693542480469 75.92601776123047 151.9541778564453 111.03295135498047
deer 0.99165714 39.260406494140625 107.92359161376953 74.00293731689453 142.904052734375
truck 0.9884552 18.087963104248047 59.963619232177734 43.97093200683594 85.94009399414062
dog 0.98440605 146.04086303710938 38.89222717285156 174.99102783203125 68.06477355957031
bird 0.97721773 203.02769470214844 160.04302978515625 221.98765563964844 178.9642333984375
deer 0.9468235 74.99020385742188 75.03392791748047 103.88699340820312 104.02291107177734
airplane 0.93900824 3.1726980209350586 201.9165496826172 31.92397689819336 231.00877380371094
frog 0.914609 178.0272674560547 22.98128890991211 193.96739196777344 39.030330657958984
truck 0.8849714 208.83834838867188 184.19898986816406 237.81936645507812 212.9963836669922
automobile 0.87040985 43.00382614135742 10.012219429016113 65.0069580078125 31.98934555053711
deer 0.83299524 176.95143127441406 83.94688415527344 196.0559539794922 102.99995422363281
deer 0.79355335 146.2041473388672 130.2725067138672 178.1266326904297 161.91343688964844
truck 0.7744246 202.12625122070312 86.07133483886719 236.89065551757812 121.18881225585938
cat 0.77146053 27.956687927246094 148.0545196533203 53.91200256347656 174.0461883544922
bird 0.72603595 176.95143127441406 83.94688415527344 196.0559539794922 102.99995422363281
truck 0.71708655 42.959774017333984 10.020276069641113 65.05783081054688 32.0047492980957
bird 0.6576019 85.88771057128906 133.1613311767578 123.93925476074219 171.04737854003906
truck 0.6236228 181.95240783691406 210.01434326171875 207.98411560058594 235.76947021484375
frog 0.6104191 100.16651916503906 3.120777130126953 128.91046142578125 31.872692108154297
dog 0.5929599 208.7119140625 184.0612335205078 237.94662475585938 213.02684020996094
frog 0.5697901 85.62541198730469 133.08511352539062 123.68495178222656 170.69284057617188
frog 0.50966656 27.956687927246094 148.0545196533203 53.91200256347656 174.0461883544922
deer 0.5075903 178.01019287109375 22.943506240844727 193.94534301757812 39.03105163574219
cat 0.4972147 178.01019287109375 22.943506240844727 193.94534301757812 39.03105163574219
deer 0.43656737 86.00245666503906 132.9971160888672 123.94609069824219 170.9478302001953
bird 0.4028582 100.16651916503906 3.120777130126953 128.91046142578125 31.872692108154297
ship 0.38931787 202.12625122070312 86.07133483886719 236.89065551757812 121.18881225585938
automobile 0.38893235 146.2041473388672 130.2725067138672 178.1266326904297 161.91343688964844
deer 0.3303758 3.051563262939453 202.0954132080078 31.838764190673828 230.8949737548828
dog 0.3238685 146.2041473388672 130.2725067138672 178.1266326904297 161.91343688964844
cat 0.27642304 85.62541198730469 133.08511352539062 123.68495178222656 170.69284057617188
dog 0.25646192 181.95240783691406 210.01434326171875 207.98411560058594 235.76947021484375
automobile 0.22236603 100.04051208496094 3.1657514572143555 128.94700622558594 31.95621109008789
cat 0.21833414 181.95240783691406 210.01434326171875 207.98411560058594 235.76947021484375
dog 0.21763831 100.16651916503906 3.120777130126953 128.91046142578125 31.872692108154297
truck 0.2127634 178.02157592773438 22.933813095092773 193.92620849609375 39.135101318359375
