bird 0.9990802 144.0367431640625 124.01220703125 172.99029541015625 153.16851806640625
frog 0.9986309 201.3730926513672 98.17130279541016 232.85743713378906 130.2958984375
bird 0.9975603 124.1598892211914 13.099509239196777 156.11810302734375 44.922576904296875
bird 0.9973623 146.02601623535156 100.12150573730469 165.12269592285156 118.92506408691406
bird 0.99549484 4.168094635009766 168.0515899658203 42.04054641723633 206.03468322753906
truck 0.9949835 200.99339294433594 202.08956909179688 220.0279998779297 221.01702880859375
ship 0.99411213 112.98281860351562 194.031494140625 132.0057830810547 212.9544677734375
dog 0.9931004 112.09639739990234 117.12979125976562 130.96026611328125 135.9899139404297
airplane 0.99246275 73.12328338623047 192.9735107421875 108.26506805419922 228.13986206054688
airplane 0.99051034 5.93056583404541 121.08457946777344 37.86592102050781 153.1646270751953
cat 0.98922503 8.117042541503906 12.991604804992676 37.18769073486328 41.796531677246094
dog 0.9859638 194.13311767578125 161.1985626220703 220.02606201171875 187.0228729248047
frog 0.9839673 112.8391342163086 60.065887451171875 138.73394775390625 85.94508361816406
cat 0.9761716 182.94631958007812 59.0717887878418 201.9921875 78.05308532714844
truck 0.9700377 81.92598724365234 117.58808898925781 108.4818344116211 144.18702697753906
dog 0.93386793 45.15400695800781 133.09530639648438 61.038917541503906 149.02456665039062
airplane 0.8384756 59.185306549072266 72.11164855957031 96.98454284667969 110.08518981933594
frog 0.83321255 171.13746643066406 94.11534881591797 199.8080291748047 123.0429458618164
frog 0.4586584 182.94631958007812 59.0717887878418 201.9921875 78.05308532714844
deer 0.43914783 59.00235366821289 72.00520324707031 96.99391174316406 110.03131103515625
cat 0.37545598 171.13746643066406 94.11534881591797 199.8080291748047 123.0429458618164
dog 0.31994134 171.13746643066406 94.11534881591797 199.8080291748047 123.0429458618164
bird 0.24141657 59.457061767578125 72.51559448242188 97.00924682617188 109.46351623535156
cat 0.237335 45.095760345458984 133.0976104736328 61.07390213012695 149.10914611816406
truck 0.21534166 182.94631958007812 59.0717887878418 201.9921875 78.05308532714844
