frog 0.9987701 12.153950691223145 200.29534912109375 40.99635696411133 228.95257568359375
ship 0.9982594 143.1699981689453 115.97885131835938 175.03770446777344 147.94039916992188
automobile 0.99747264 109.97201538085938 189.94012451171875 141.97567749023438 222.22366333007812
airplane 0.9974036 177.09608459472656 91.03140258789062 209.0232696533203 122.9510498046875
truck 0.9958775 18.077617645263672 135.370361328125 44.00111770629883 161.01925659179688
dog 0.9957279 56.990413665771484 137.10740661621094 79.04806518554688 159.0431365966797
deer 0.9942802 13.07518482208252 91.14459228515625 38.898929595947266 117.00326538085938
deer 0.9870366 91.78582763671875 111.90263366699219 127.14181518554688 146.97853088378906
bird 0.9813994 61.005714416503906 65.10262298583984 80.2680892944336 83.9263687133789
truck 0.98090786 172.0970458984375 50.082763671875 190.86322021484375 68.8373031616211
cat 0.9800792 112.9980697631836 49.02651596069336 132.0804443359375 68.10248565673828
frog 0.93997586 192.03182983398438 58.13808822631836 213.97088623046875 80.10237884521484
cat 0.9031799 110.01145935058594 156.03311157226562 128.99842834472656 175.18768310546875
frog 0.88637495 51.803951263427734 95.03836059570312 77.91087341308594 121.06338500976562
bird 0.8852217 40.28713607788086 167.964599609375 62.02724075317383 190.02175903320312
airplane 0.8810562 18.068038940429688 49.96000289916992 36.926666259765625 69.07816314697266
automobile 0.77549225 190.8861083984375 186.24134826660156 228.93927001953125 224.1503143310547
bird 0.773579 110.01145935058594 156.03311157226562 128.99842834472656 175.18768310546875
airplane 0.74393296 98.97332763671875 20.977439880371094 124.93910217285156 46.983795166015625
airplane 0.71457726 85.19306945800781 72.07704162597656 120.02107238769531 107.07344055175781
ship 0.6871756 98.97332763671875 20.977439880371094 124.93910217285156 46.983795166015625
bird 0.6719916 98.97332763671875 20.977439880371094 124.93910217285156 46.983795166015625
airplane 0.5192984 190.92056274414062 186.1797637939453 228.93319702148438 224.0997772216797
cat 0.45013773 172.0970458984375 50.082763671875 190.86322021484375 68.8373031616211
cat 0.44113618 191.85238647460938 57.99016571044922 213.9754638671875 80.10578155517578
airplane 0.27702487 40.28713607788086 167.964599609375 62.02724075317383 190.02175903320312
ship 0.23185235 110.01145935058594 156.03311157226562 128.99842834472656 175.18768310546875
airplane 0.22734901 112.91319274902344 48.95669937133789 132.0076446533203 68.18899536132812
