truck 0.9984373 0.015897750854492188 49.16056823730469 34.998146057128906 84.04206848144531
automobile 0.99804884 104.9599380493164 201.8627471923828 137.0412139892578 234.07716369628906
truck 0.9963098 187.13507080078125 111.13835906982422 218.98992919921875 142.92579650878906
dog 0.99296045 36.28885269165039 109.30036163330078 71.09443664550781 143.96316528320312
truck 0.988026 177.8651885986328 17.150341033935547 215.95460510253906 55.11899185180664
deer 0.98275644 44.17138671875 70.22803497314453 69.98064422607422 96.05635833740234
airplane 0.96472037 139.10494995117188 117.10597229003906 173.98391723632812 152.21470642089844
cat 0.95386153 56.000083923339844 186.13275146484375 78.0521011352539 207.98214721679688
ship 0.95083725 53.10167694091797 0.8618869781494141 74.9899673461914 23.04874610900879
ship 0.9434842 73.88005828857422 133.0756072998047 92.99677276611328 151.9444122314453
airplane 0.94143784 50.00516891479492 212.04322814941406 66.04890441894531 228.0544891357422
cat 0.93815684 75.14440155029297 81.163330078125 107.01988983154297 113.14840698242188
airplane 0.92678285 0.04438495635986328 204.98434448242188 29.033470153808594 233.9365234375
ship 0.9265553 207.06129455566406 65.05940246582031 245.1058807373047 103.00224304199219
deer 0.9080993 32.11241912841797 154.57379150390625 57.682411193847656 179.97100830078125
ship 0.88594353 127.99173736572266 31.19023895263672 159.90170288085938 62.93347930908203
automobile 0.82362634 207.167236328125 64.99557495117188 245.04458618164062 103.02156066894531
cat 0.8068049 102.1768569946289 140.0956573486328 131.0569305419922 168.91114807128906
automobile 0.71095145 53.1714973449707 0.8134088516235352 75.12142944335938 23.250263214111328
airplane 0.56289595 73.91155242919922 133.08917236328125 93.03044891357422 151.97958374023438
frog 0.38136333 49.91778564453125 211.98973083496094 66.04293823242188 228.0670623779297
automobile 0.37424797 128.13331604003906 31.24957847595215 159.9619903564453 62.98589324951172
bird 0.36735904 0.013422012329101562 205.04190063476562 28.99378776550293 234.0626220703125
truck 0.2699906 49.91778564453125 211.98973083496094 66.04293823242188 228.0670623779297
deer 0.26929802 74.96517181396484 81.13493347167969 107.0188217163086 113.04949951171875
ship 0.2567218 0.013422012329101562 205.04190063476562 28.99378776550293 234.0626220703125
bird 0.24085975 75.0553207397461 81.08695983886719 107.02558135986328 113.12496948242188
frog 0.23653239 102.1768569946289 140.0956573486328 131.0569305419922 168.91114807128906
bird 0.22513297 50.00516891479492 212.04322814941406 66.04890441894531 228.0544891357422
airplane 0.21355802 75.0553207397461 81.08695983886719 107.02558135986328 113.12496948242188
cat 0.20604381 139.18167114257812 117.1636962890625 174.103515625 152.13232421875
truck 0.20313928 73.91155242919922 133.08917236328125 93.03044891357422 151.97958374023438
