ship 0.99852645 206.1865692138672 135.12518310546875 235.0691680908203 163.99142456054688
bird 0.99701524 92.19122314453125 105.97750854492188 130.0770721435547 144.02081298828125
automobile 0.99688756 0.21286392211914062 191.99624633789062 38.145626068115234 229.95193481445312
ship 0.9968834 153.02777099609375 129.01568603515625 187.83609008789062 163.90740966796875
deer 0.9950653 143.1005096435547 16.13735580444336 175.1990203857422 48.0429573059082
automobile 0.9945693 119.02458953857422 189.09347534179688 141.0408477783203 211.07022094726562
automobile 0.9945013 213.03677368164062 45.042945861816406 247.90029907226562 79.98176574707031
automobile 0.9940157 91.1093521118164 34.106300354003906 113.08380889892578 55.907501220703125
deer 0.9937934 41.01696014404297 31.134212493896484 63.02428436279297 53.06997299194336
ship 0.99127716 167.13192749023438 108.96849060058594 183.13967895507812 125.1749267578125
cat 0.9900178 108.42247009277344 58.04866409301758 137.1039581298828 86.91842651367188
airplane 0.9886702 177.99423217773438 64.08799743652344 200.06381225585938 86.01657104492188
cat 0.97840905 180.21170043945312 32.91316223144531 199.45147705078125 51.964935302734375
automobile 0.9637948 14.188209533691406 140.06478881835938 52.1488037109375 177.92413330078125
airplane 0.9462565 183.0303497314453 211.02178955078125 202.03038024902344 230.07736206054688
deer 0.906252 9.962069511413574 28.993358612060547 26.04620361328125 44.976688385009766
dog 0.8860251 61.21055603027344 68.00801849365234 87.08790588378906 93.9975814819336
airplane 0.6503392 140.1787872314453 93.9644775390625 165.9694061279297 119.84869384765625
cat 0.49265963 61.21055603027344 68.00801849365234 87.08790588378906 93.9975814819336
truck 0.30668133 140.1787872314453 93.9644775390625 165.9694061279297 119.84869384765625
ship 0.27861166 140.07212829589844 93.79292297363281 165.8183135986328 119.79533386230469
truck 0.2732655 14.103586196899414 140.00999450683594 52.116188049316406 177.93605041503906
deer 0.25301063 147.9752655029297 169.1223602294922 170.23118591308594 191.0453338623047
truck 0.23539144 73.09334564208984 172.46966552734375 111.2072982788086 209.7113037109375
dog 0.23532322 73.09334564208984 172.46966552734375 111.2072982788086 209.7113037109375
ship 0.22616822 183.09222412109375 210.99623107910156 202.09393310546875 230.14915466308594
cat 0.22493297 143.04469299316406 16.05105972290039 175.17271423339844 48.13734817504883
cat 0.22112495 73.09334564208984 172.46966552734375 111.2072982788086 209.7113037109375
ship 0.20190996 73.09334564208984 172.46966552734375 111.2072982788086 209.7113037109375
