ship 0.99914825 116.01766204833984 144.04470825195312 144.9242401123047 172.99758911132812
ship 0.9990208 35.180999755859375 157.95938110351562 61.11357879638672 183.83782958984375
ship 0.99894106 99.0562515258789 101.09831237792969 130.9567413330078 133.16751098632812
bird 0.9969287 211.14515686035156 67.07852172851562 237.00108337402344 92.98025512695312
truck 0.9965168 98.0353012084961 8.959944725036621 123.9784164428711 35.17576217651367
deer 0.996199 91.9800033569336 201.0015869140625 126.99486541748047 236.02102661132812
bird 0.9955674 213.8045654296875 194.00267028808594 243.2310791015625 222.8463897705078
deer 0.98679304 174.2568359375 162.052734375 208.89508056640625 196.9228515625
ship 0.96084106 175.07481384277344 7.024019718170166 190.9772186279297 22.937536239624023
truck 0.9558097 171.06553649902344 207.0722198486328 192.9286346435547 228.8510284423828
ship 0.9396384 15.062150001525879 26.10348892211914 34.050880432128906 44.77741622924805
truck 0.93525577 70.9525146484375 1.0128602981567383 93.07185363769531 22.932743072509766
cat 0.92876136 67.09976196289062 200.14593505859375 86.03092956542969 219.03854370117188
dog 0.9116377 175.08151245117188 29.195837020874023 209.95663452148438 64.0231704711914
dog 0.8577519 148.02593994140625 122.03160095214844 176.78256225585938 151.15675354003906
deer 0.81707215 48.120399475097656 62.9935302734375 82.9704360961914 98.06138610839844
bird 0.81419605 48.126625061035156 62.993736267089844 83.0634994506836 98.1495590209961
truck 0.7436187 43.009639739990234 15.052879333496094 59.08854293823242 31.033199310302734
airplane 0.72274154 209.10362243652344 97.21382904052734 230.90565490722656 119.0464096069336
ship 0.50320476 70.9525146484375 1.0128602981567383 93.07185363769531 22.932743072509766
frog 0.49856138 67.09976196289062 200.14593505859375 86.03092956542969 219.03854370117188
deer 0.4582599 175.07481384277344 7.024019718170166 190.9772186279297 22.937536239624023
deer 0.408063 67.09976196289062 200.14593505859375 86.03092956542969 219.03854370117188
airplane 0.35716838 14.977468490600586 26.088550567626953 33.966209411621094 44.77579116821289
frog 0.32703006 147.96786499023438 122.0259017944336 176.99374389648438 151.07716369628906
airplane 0.3020603 71.09553527832031 0.8637723922729492 93.08457946777344 22.73650360107422
deer 0.28363344 43.052574157714844 15.059160232543945 59.0323486328125 31.042661666870117
truck 0.24264097 14.977468490600586 26.088550567626953 33.966209411621094 44.77579116821289
bird 0.22632408 67.09976196289062 200.14593505859375 86.03092956542969 219.03854370117188
