airplane 0.9990604 4.050629615783691 130.1367950439453 33.169551849365234 159.0200653076172
airplane 0.998988 146.1573486328125 28.08084487915039 175.05392456054688 57.01389694213867
automobile 0.99791944 30.045331954956055 171.95005798339844 65.00409698486328 207.0320587158203
automobile 0.9972803 101.02901458740234 184.05325317382812 133.17327880859375 216.0009765625
cat 0.9948698 178.03257751464844 200.00033569335938 213.0064239501953 235.12994384765625
automobile 0.9946743 186.16616821289062 1.1665668487548828 212.00857543945312 27.10380744934082
bird 0.9868029 72.01847839355469 7.071738243103027 94.0338134765625 28.99645233154297
automobile 0.9843584 80.07393646240234 60.97157287597656 99.0241470336914 80.08370971679688
automobile 0.9310359 144.98995971679688 186.92857360839844 164.09930419921875 205.9478302001953
cat 0.9018146 113.89556121826172 66.95167541503906 151.75381469726562 104.9107666015625
frog 0.8959273 95.19510650634766 37.935543060302734 111.07019805908203 54.05191421508789
frog 0.8105159 32.067649841308594 51.315765380859375 58.041770935058594 76.96333312988281
frog 0.8070582 185.04774475097656 67.07386016845703 214.06614685058594 96.0055923461914
deer 0.750098 185.13209533691406 67.08305358886719 214.0749053955078 96.04817199707031
truck 0.7313231 47.235252380371094 208.06016540527344 76.09684753417969 236.9889678955078
dog 0.7248801 94.17658996582031 92.9274673461914 110.00918579101562 109.04491424560547
cat 0.7190119 14.121833801269531 88.21881866455078 48.943912506103516 122.96947479248047
automobile 0.6390884 47.235252380371094 208.06016540527344 76.09684753417969 236.9889678955078
airplane 0.6268569 162.01564025878906 133.07626342773438 184.0764923095703 155.12579345703125
dog 0.54698026 114.05546569824219 67.03255462646484 151.95472717285156 104.9344253540039
bird 0.5152581 194.07090759277344 110.09630584716797 223.00962829589844 139.1646728515625
bird 0.43599474 162.09996032714844 133.1562042236328 183.88856506347656 154.98265075683594
frog 0.4336491 94.17658996582031 92.9274673461914 110.00918579101562 109.04491424560547
ship 0.43304652 162.09996032714844 133.1562042236328 183.88856506347656 154.98265075683594
deer 0.41552687 95.19908905029297 37.933876037597656 111.12784576416016 54.04908752441406
truck 0.4042501 94.17658996582031 92.9274673461914 110.00918579101562 109.04491424560547
cat 0.37230438 94.17658996582031 92.9274673461914 110.00918579101562 109.04491424560547
airplane 0.3070185 194.07171630859375 110.13062286376953 223.049560546875 139.11856079101562
deer 0.2910658 144.99893188476562 187.02232360839844 163.9896240234375 206.03150939941406
automobile 0.26674917 94.17658996582031 92.9274673461914 110.00918579101562 109.04491424560547
deer 0.25059605 194.07090759277344 110.09630584716797 223.00962829589844 139.1646728515625
automobile 0.23244575 185.04774475097656 67.07386016845703 214.06614685058594 96.0055923461914
truck 0.2174057 144.8971710205078 187.07093811035156 164.11753845214844 205.9807891845703
cat 0.2166293 32.010589599609375 51.280914306640625 58.01264953613281 76.94390869140625
airplane 0.20119643 94.31080627441406 93.05912780761719 110.07279968261719 109.06520080566406
