ship 0.9975418 193.06304931640625 16.08238983154297 224.98529052734375 47.81464767456055
bird 0.99739933 13.912199020385742 205.08355712890625 45.95622253417969 236.9888916015625
truck 0.9963848 131.22225952148438 57.05661392211914 169.00338745117188 94.93418884277344
frog 0.9955732 86.09186553955078 63.097450256347656 123.9666519165039 100.9887466430664
truck 0.99554014 132.8740234375 145.9501190185547 171.01629638671875 184.0165557861328
airplane 0.995006 215.04624938964844 181.97792053222656 234.08531188964844 200.9946746826172
deer 0.9932716 88.92652130126953 136.99034118652344 126.86902618408203 174.9314727783203
airplane 0.9926175 6.984244346618652 28.04122543334961 35.92564392089844 57.00336837768555
ship 0.9916545 194.9661865234375 79.09222412109375 211.0650634765625 95.0009765625
truck 0.9852223 44.20227813720703 8.16234302520752 75.9512710571289 40.0940055847168
airplane 0.98427916 186.95726013183594 144.89642333984375 208.9852752685547 167.02645874023438
bird 0.9759849 146.99871826171875 123.01222229003906 163.0848388671875 139.16673278808594
bird 0.94926894 40.09428405761719 124.28734588623047 69.10450744628906 152.626953125
frog 0.93314195 143.89622497558594 193.04788208007812 163.09889221191406 211.99179077148438
deer 0.9064152 192.99594116210938 114.07958221435547 221.99334716796875 143.03843688964844
truck 0.8751919 34.067359924316406 79.8148193359375 69.1077651977539 115.08432006835938
deer 0.820342 30.063087463378906 154.4591522216797 62.01118469238281 185.98570251464844
truck 0.7931622 119.09857177734375 196.93663024902344 135.19989013671875 212.92799377441406
frog 0.7692375 119.09857177734375 196.93663024902344 135.19989013671875 212.92799377441406
dog 0.7360721 125.08656311035156 24.109771728515625 141.1411590576172 39.996315002441406
deer 0.70741296 125.10590362548828 24.08685302734375 141.1379852294922 39.968116760253906
frog 0.6426204 30.063087463378906 154.4591522216797 62.01118469238281 185.98570251464844
automobile 0.6083028 119.04071807861328 196.96510314941406 135.1958770751953 212.9725799560547
automobile 0.47753584 143.98497009277344 193.0587158203125 163.03514099121094 211.98687744140625
dog 0.38032675 119.09857177734375 196.93663024902344 135.19989013671875 212.92799377441406
dog 0.31271502 143.98497009277344 193.0587158203125 163.03514099121094 211.98687744140625
bird 0.25654984 30.063087463378906 154.4591522216797 62.01118469238281 185.98570251464844
automobile 0.2509147 34.067359924316406 79.8148193359375 69.1077651977539 115.08432006835938
cat 0.2372691 39.84465789794922 124.21692657470703 68.96491241455078 152.6848907470703
cat 0.21568313 125.08656311035156 24.109771728515625 141.1411590576172 39.996315002441406
