frog 0.9989178 15.130329132080078 40.06575393676758 31.017818450927734 56.08431625366211
automobile 0.9986402 54.05282211303711 85.0238037109375 79.88262939453125 110.98606872558594
truck 0.9986161 91.09849548339844 14.042899131774902 119.83000183105469 43.1456413269043
ship 0.9976846 183.17288208007812 139.0222930908203 218.01287841796875 173.98582458496094
ship 0.99646556 23.100996017456055 197.26138305664062 54.99629211425781 229.155029296875
automobile 0.9961144 23.400680541992188 61.95763397216797 49.028480529785156 87.8816909790039
bird 0.9934859 98.14620971679688 47.94157791137695 124.00045776367188 74.06898498535156
cat 0.9924967 102.03789520263672 142.08106994628906 124.04776763916016 164.0164337158203
truck 0.9918926 128.3067169189453 97.0841064453125 153.8500518798828 123.05302429199219
bird 0.9916384 0.12175559997558594 66.93814086914062 22.186777114868164 89.02122497558594
frog 0.9898401 185.967529296875 74.1832275390625 207.95013427734375 96.03765869140625
ship 0.9765415 147.91949462890625 66.15630340576172 176.97332763671875 94.95992279052734
frog 0.9757503 150.9268341064453 23.041038513183594 169.85459899902344 42.038795471191406
airplane 0.9491129 12.966843605041504 123.97920989990234 29.044662475585938 140.080322265625
deer 0.8905666 180.46429443359375 23.260601043701172 213.0928955078125 55.09743118286133
cat 0.8813838 60.12672424316406 24.092187881469727 85.9202880859375 50.070892333984375
ship 0.8680841 144.05859375 138.0580291748047 166.03753662109375 159.9258270263672
airplane 0.7951306 189.0346221923828 1.8058910369873047 208.05799865722656 21.21348762512207
cat 0.763244 63.048194885253906 173.16905212402344 98.0060043334961 207.7727508544922
airplane 0.58490807 144.25814819335938 138.03038024902344 166.16046142578125 160.10316467285156
airplane 0.5770569 180.3995361328125 23.190898895263672 213.11215209960938 55.166316986083984
bird 0.51018417 63.08671951293945 173.19012451171875 98.10824584960938 207.91983032226562
deer 0.5049599 52.07164001464844 137.93736267089844 78.16400146484375 164.19898986816406
frog 0.5003741 60.12672424316406 24.092187881469727 85.9202880859375 50.070892333984375
ship 0.4571548 189.01495361328125 1.897892951965332 207.96792602539062 21.209659576416016
cat 0.33627892 52.07164001464844 137.93736267089844 78.16400146484375 164.19898986816406
bird 0.3010348 180.46429443359375 23.260601043701172 213.0928955078125 55.09743118286133
deer 0.27871692 63.08671951293945 173.19012451171875 98.10824584960938 207.91983032226562
bird 0.25769085 188.9889678955078 1.9077320098876953 207.9307098388672 21.49048614501953
truck 0.23435181 188.9889678955078 1.9077320098876953 207.9307098388672 21.49048614501953
airplane 0.22915524 63.08671951293945 173.19012451171875 98.10824584960938 207.91983032226562
ship 0.22705495 63.08671951293945 173.19012451171875 98.10824584960938 207.91983032226562
dog 0.20445597 63.048194885253906 173.16905212402344 98.0060043334961 207.7727508544922
