airplane 0.99929154 60.948402404785156 197.14083862304688 90.05492401123047 225.96487426757812
ship 0.998579 208.01280212402344 40.08495330810547 229.94664001464844 62.05238342285156
truck 0.9984416 137.9739532470703 161.04776000976562 156.96766662597656 179.9451904296875
airplane 0.99833274 9.083393096923828 34.07533264160156 41.15070724487305 66.09783172607422
truck 0.99723804 62.14408874511719 126.94292449951172 100.07792663574219 165.00762939453125
bird 0.9962926 30.00152587890625 101.29285430908203 56.02898406982422 127.0861587524414
automobile 0.99606067 195.01646423339844 141.90911865234375 217.0016326904297 163.94131469726562
cat 0.99426425 106.13916015625 27.05685043334961 121.89299011230469 43.12759780883789
cat 0.99005044 75.0621337890625 2.321981430053711 97.0098876953125 24.023345947265625
ship 0.9847442 6.06378173828125 209.09170532226562 44.03099060058594 246.8814697265625
airplane 0.947749 213.02529907226562 191.10214233398438 232.09173583984375 209.9697265625
automobile 0.9411664 116.16868591308594 109.86486053466797 132.1119842529297 126.1090316772461
frog 0.8908381 123.58917999267578 21.98874282836914 145.00357055664062 44.09163284301758
truck 0.8827842 157.12799072265625 96.97586059570312 192.0457763671875 131.6228790283203
dog 0.8470502 43.05177688598633 38.94792556762695 62.337398529052734 58.00851821899414
cat 0.7682401 43.05177688598633 38.94792556762695 62.337398529052734 58.00851821899414
truck 0.7201447 34.99346160888672 145.00222778320312 51.03857421875 161.10009765625
frog 0.60637134 185.06581115722656 46.22804260253906 206.66456604003906 67.83717346191406
cat 0.53275895 123.47270202636719 22.247005462646484 145.0365753173828 43.66824722290039
automobile 0.43960872 157.01373291015625 97.03350067138672 192.02099609375 131.44921875
frog 0.43387255 116.16868591308594 109.86486053466797 132.1119842529297 126.1090316772461
airplane 0.39456815 34.99346160888672 145.00222778320312 51.03857421875 161.10009765625
automobile 0.3868097 34.99346160888672 145.00222778320312 51.03857421875 161.10009765625
airplane 0.37711206 116.16868591308594 109.86486053466797 132.1119842529297 126.1090316772461
truck 0.37689793 116.16868591308594 109.86486053466797 132.1119842529297 126.1090316772461
deer 0.35862514 40.96427917480469 77.12812042236328 63.303131103515625 99.03192901611328
airplane 0.26780325 106.13568115234375 27.04836654663086 121.87989807128906 43.1202278137207
bird 0.26064152 43.05177688598633 38.94792556762695 62.337398529052734 58.00851821899414
dog 0.25590104 185.06581115722656 46.22804260253906 206.66456604003906 67.83717346191406
bird 0.24926737 185.33367919921875 46.17345428466797 206.70941162109375 67.73076629638672
deer 0.21828043 116.07599639892578 109.8875961303711 132.0550537109375 126.10977935791016
deer 0.21406877 213.04452514648438 191.0527801513672 232.01901245117188 210.0267791748047
dog 0.21179086 116.07219696044922 109.88776397705078 132.0665283203125 126.10152435302734
