airplane 0.9988636 68.05287170410156 155.08224487304688 97.09443664550781 183.8448486328125
automobile 0.9983455 20.006805419921875 74.95310974121094 48.98870849609375 103.42922973632812
frog 0.99832535 28.96249008178711 132.08255004882812 61.09474563598633 164.01129150390625
ship 0.99593854 185.05062866210938 207.03077697753906 219.97222900390625 241.9158477783203
bird 0.9924835 194.08212280273438 132.7403106689453 223.10092163085938 161.99623107910156
bird 0.98833835 182.05789184570312 23.086179733276367 204.05307006835938 44.97624969482422
dog 0.9865516 9.098848342895508 30.943429946899414 47.07673645019531 69.11518096923828
deer 0.9859356 147.0190887451172 152.0260467529297 184.9398651123047 190.0181427001953
deer 0.98484945 98.05213928222656 108.03982543945312 116.92953491210938 126.97602844238281
frog 0.9776728 51.08747482299805 26.92768096923828 85.93511962890625 61.97911834716797
deer 0.9153917 106.04855346679688 175.84861755371094 144.01951599121094 214.00437927246094
dog 0.78540826 185.93177795410156 94.0176773071289 221.0204620361328 129.08132934570312
deer 0.75014406 60.08217239379883 185.1793212890625 82.0509033203125 207.03762817382812
bird 0.70919806 66.0665054321289 120.03134155273438 84.9409408569336 138.9190673828125
deer 0.64058775 103.96620178222656 37.09659194946289 129.96307373046875 63.13418197631836
deer 0.60521907 156.02235412597656 17.934375762939453 174.91810607910156 36.93967819213867
frog 0.56818473 156.0253143310547 17.959285736083984 174.97837829589844 37.06660079956055
airplane 0.52642524 60.08217239379883 185.1793212890625 82.0509033203125 207.03762817382812
dog 0.51951206 38.13862991333008 196.9779052734375 57.071773529052734 215.9014892578125
cat 0.5131566 66.0665054321289 120.03134155273438 84.9409408569336 138.9190673828125
truck 0.4891546 18.018768310546875 105.17227935791016 40.05323028564453 127.0474624633789
airplane 0.48597774 18.127819061279297 105.15519714355469 40.07914733886719 127.10679626464844
cat 0.48161238 185.6892547607422 94.09473419189453 220.86814880371094 129.38839721679688
bird 0.45443174 155.98202514648438 17.950010299682617 175.011474609375 36.99443054199219
cat 0.32496452 38.098388671875 197.0417938232422 57.03224182128906 215.98448181152344
ship 0.3249094 66.0665054321289 120.03134155273438 84.9409408569336 138.9190673828125
cat 0.29612935 18.127819061279297 105.15519714355469 40.07914733886719 127.10679626464844
bird 0.28078264 60.172889709472656 185.07815551757812 82.02872467041016 207.06533813476562
automobile 0.2576099 18.127819061279297 105.15519714355469 40.07914733886719 127.10679626464844
frog 0.2559812 106.0843276977539 175.7174072265625 143.63027954101562 214.276611328125
ship 0.23698711 194.07382202148438 132.88238525390625 223.06890869140625 162.05722045898438
bird 0.22571781 38.087440490722656 197.0264129638672 57.01587677001953 215.8257598876953
frog 0.22117761 18.127819061279297 105.15519714355469 40.07914733886719 127.10679626464844
cat 0.20751408 103.96620178222656 37.09659194946289 129.96307373046875 63.13418197631836
