airplane 0.9990802 94.06300354003906 53.101226806640625 123.06092834472656 81.9737548828125
dog 0.99826324 88.1246566772461 11.105646133422852 123.10237884521484 46.0069580078125
frog 0.9982325 134.08404541015625 110.7750473022461 163.01519775390625 139.86819458007812
dog 0.9974583 59.02744674682617 178.29335021972656 88.12813568115234 207.1887664794922
ship 0.99557054 79.03433227539062 110.05007934570312 113.84410095214844 144.9727020263672
airplane 0.9939554 175.14356994628906 128.83189392089844 210.12477111816406 161.55345153808594
bird 0.9893189 206.91102600097656 169.1219482421875 235.9313507080078 198.07882690429688
airplane 0.98631203 195.98892211914062 86.03276062011719 221.955322265625 111.90335083007812
ship 0.977082 133.038818359375 182.020751953125 152.0865478515625 200.9312744140625
bird 0.95093036 29.19699478149414 37.98627471923828 63.8961067199707 73.12117767333984
frog 0.9445349 176.02410888671875 171.22996520996094 202.20074462890625 197.15464782714844
truck 0.9314431 117.31938171386719 214.06878662109375 146.0850067138672 243.05401611328125
automobile 0.88801146 143.09974670410156 87.00291442871094 159.15025329589844 102.83311462402344
airplane 0.87624097 16.972963333129883 213.00523376464844 36.023590087890625 232.1469268798828
dog 0.82571316 5.160601615905762 83.19745635986328 33.83171463012695 112.00308990478516
dog 0.8252103 211.0524139404297 200.02297973632812 239.8695831298828 228.94509887695312
automobile 0.7843256 215.18519592285156 39.08211898803711 246.96385192871094 71.02310180664062
bird 0.78065795 174.0115966796875 34.149635314941406 202.98086547851562 62.98191833496094
airplane 0.7565249 174.0115966796875 34.149635314941406 202.98086547851562 62.98191833496094
airplane 0.7408421 181.9693603515625 209.02584838867188 200.9876708984375 228.00570678710938
automobile 0.66883135 211.0524139404297 200.02297973632812 239.8695831298828 228.94509887695312
truck 0.5362575 215.08749389648438 39.18483352661133 246.96063232421875 71.01282501220703
bird 0.5017493 16.987258911132812 213.03060913085938 35.91982650756836 232.06997680664062
airplane 0.47704858 215.08749389648438 39.18483352661133 246.96063232421875 71.01282501220703
bird 0.4620737 89.08885192871094 158.07400512695312 108.03361511230469 176.89895629882812
bird 0.36201242 176.02410888671875 171.22996520996094 202.20074462890625 197.15464782714844
ship 0.3603155 143.0443115234375 87.02259063720703 159.15206909179688 102.8712387084961
truck 0.34653765 143.0600128173828 86.98284912109375 159.1329803466797 102.92385864257812
dog 0.3225305 89.01505279541016 158.09519958496094 108.10201263427734 176.9281768798828
deer 0.30559322 5.195915222167969 83.18346405029297 33.83481216430664 112.03270721435547
deer 0.3006691 133.038818359375 182.020751953125 152.0865478515625 200.9312744140625
bird 0.2973112 5.195915222167969 83.18346405029297 33.83481216430664 112.03270721435547
bird 0.2950791 195.98892211914062 86.03276062011719 221.955322265625 111.90335083007812
cat 0.2833184 89.08885192871094 158.07400512695312 108.03361511230469 176.89895629882812
ship 0.27662373 117.31938171386719 214.06878662109375 146.0850067138672 243.05401611328125
ship 0.22894949 89.01505279541016 158.09519958496094 108.10201263427734 176.9281768798828
deer 0.2213164 89.08885192871094 158.07400512695312 108.03361511230469 176.89895629882812
