airplane 0.9988452 150.05874633789062 176.93067932128906 182.14657592773438 208.7936248779297
airplane 0.9983766 203.11094665527344 139.13946533203125 238.1396942138672 174.39425659179688
dog 0.9980027 60.11338806152344 122.94096374511719 86.03511047363281 148.9940948486328
frog 0.9972714 56.0659065246582 38.09833526611328 88.08380126953125 69.90509033203125
deer 0.9961716 99.1408920288086 168.90171813964844 137.07135009765625 207.07444763183594
deer 0.9957103 45.217308044433594 75.03340148925781 79.8907470703125 110.16661071777344
truck 0.99529266 0.8176460266113281 71.11328125 22.924510955810547 93.0386962890625
dog 0.9946947 193.9767303466797 215.16262817382812 229.1126251220703 249.91525268554688
frog 0.994229 121.04999542236328 2.0553359985351562 143.1359405517578 24.100370407104492
dog 0.9938752 166.1138916015625 99.91473388671875 204.06588745117188 138.1743621826172
automobile 0.98986125 117.08146667480469 33.05470275878906 143.0298614501953 58.979469299316406
truck 0.9793082 188.05775451660156 56.07570266723633 210.09034729003906 78.13137817382812
automobile 0.91029114 160.1634979248047 140.94264221191406 179.0361785888672 159.87376403808594
cat 0.90816665 51.81586456298828 196.96160888671875 74.0621566772461 219.0462646484375
airplane 0.8795601 214.10888671875 50.004150390625 248.88265991210938 85.06837463378906
deer 0.87360734 201.11087036132812 175.21127319335938 226.933837890625 201.05905151367188
airplane 0.8711785 100.05548858642578 115.13383483886719 118.9607162475586 133.9682159423828
automobile 0.8200744 53.06053161621094 7.716933250427246 71.94120025634766 27.02309799194336
truck 0.69261134 53.0672607421875 8.001437187194824 72.04828643798828 27.055740356445312
ship 0.66064775 100.03622436523438 115.06761932373047 119.04257202148438 134.00108337402344
ship 0.62992257 201.11087036132812 175.21127319335938 226.933837890625 201.05905151367188
automobile 0.54447806 14.037576675415039 167.1315155029297 35.98869323730469 189.0760040283203
truck 0.53214854 51.87628936767578 197.05628967285156 74.05769348144531 219.1299285888672
cat 0.46166462 214.10888671875 50.004150390625 248.88265991210938 85.06837463378906
frog 0.39682096 214.10888671875 50.004150390625 248.88265991210938 85.06837463378906
bird 0.3768539 14.021651268005371 167.10684204101562 36.0579719543457 189.08004760742188
deer 0.37581655 14.037576675415039 167.1315155029297 35.98869323730469 189.0760040283203
automobile 0.25917828 188.0095672607422 56.02692413330078 210.1168975830078 78.05632781982422
airplane 0.23941821 14.037576675415039 167.1315155029297 35.98869323730469 189.0760040283203
bird 0.23661643 201.10885620117188 175.47958374023438 226.8804931640625 201.19082641601562
