automobile 0.9990144 103.05661010742188 156.11585998535156 131.94931030273438 184.89527893066406
ship 0.99871665 189.10678100585938 174.01422119140625 221.11358642578125 206.02301025390625
deer 0.99741346 155.97877502441406 94.11640167236328 184.9442596435547 123.09525299072266
automobile 0.9972482 189.10865783691406 75.12158203125 226.93605041503906 113.01216125488281
truck 0.99657536 8.01630973815918 49.97370147705078 40.147003173828125 81.97156524658203
dog 0.9950791 2.9066219329833984 135.8733367919922 41.07936096191406 174.1106719970703
dog 0.99206567 136.06309509277344 213.98895263671875 173.9152069091797 252.13369750976562
airplane 0.9918506 111.08771514892578 60.99995422363281 137.2389678955078 86.94035339355469
ship 0.99126846 78.9585952758789 191.69842529296875 95.09758758544922 207.96469116210938
ship 0.9866586 146.1722412109375 44.059783935546875 172.121826171875 70.054443359375
dog 0.9706819 14.139853477478027 202.18287658691406 35.98661804199219 223.9587860107422
frog 0.9701792 213.10281372070312 36.06317138671875 231.9036865234375 54.94850158691406
frog 0.9503181 67.84223937988281 142.07679748535156 89.88229370117188 164.02598571777344
airplane 0.947461 180.98910522460938 35.014930725097656 200.04739379882812 53.91565704345703
cat 0.8962338 70.57492065429688 29.83330726623535 102.94924926757812 64.83710479736328
frog 0.6883296 148.06240844726562 152.90650939941406 164.0740966796875 168.93653869628906
dog 0.66057885 77.03013610839844 171.95826721191406 96.08247375488281 190.6916046142578
frog 0.608328 146.0016326904297 173.90365600585938 165.06517028808594 192.97171020507812
bird 0.5547714 146.07461547851562 173.7396697998047 165.0479736328125 193.0142364501953
deer 0.4052891 147.95553588867188 152.8963623046875 163.96652221679688 169.02249145507812
bird 0.32146645 70.71148681640625 29.725139617919922 103.06028747558594 65.05885314941406
cat 0.30936298 14.267911911010742 202.4244842529297 36.17488098144531 224.0811004638672
dog 0.26967144 78.18358612060547 174.72879028320312 95.41414642333984 197.58270263671875
cat 0.26706702 77.03013610839844 171.95826721191406 96.08247375488281 190.6916046142578
ship 0.2668023 78.18358612060547 174.72879028320312 95.41414642333984 197.58270263671875
cat 0.22969207 67.84383392333984 141.99636840820312 90.00702667236328 164.02206420898438
cat 0.21299472 213.06927490234375 36.054168701171875 232.02423095703125 54.91331481933594
