frog 0.9966589 139.21755981445312 39.12623596191406 171.10220336914062 70.85322570800781
automobile 0.99628294 3.0768871307373047 73.12403106689453 38.09288787841797 107.97740936279297
airplane 0.9948374 153.90646362304688 137.08749389648438 176.12802124023438 159.06439208984375
automobile 0.9939113 141.93765258789062 199.82989501953125 180.20269775390625 237.9158935546875
airplane 0.99319804 191.00808715820312 63.042755126953125 229.01907348632812 101.17842102050781
truck 0.99286807 21.329153060913086 27.348434448242188 48.081031799316406 54.106109619140625
truck 0.99246883 100.11427307128906 198.96401977539062 138.02561950683594 237.0296630859375
cat 0.99125063 106.98808288574219 17.859045028686523 128.8656768798828 39.933349609375
airplane 0.9894841 204.05352783203125 6.127191543579102 235.91116333007812 38.05107879638672
automobile 0.97309744 98.02474975585938 48.2546501159668 119.98924255371094 69.99852752685547
frog 0.97018826 183.912353515625 135.0903778076172 206.03118896484375 156.8721160888672
dog 0.94329536 213.1217498779297 171.89398193359375 242.1472625732422 200.9456787109375
frog 0.8733043 41.934906005859375 163.65963745117188 58.15779113769531 179.76266479492188
airplane 0.8520894 37.07453155517578 135.17214965820312 63.190956115722656 160.72933959960938
dog 0.83963704 78.01956176757812 120.94747924804688 107.12094116210938 149.89010620117188
dog 0.7542085 38.08759307861328 180.90708923339844 76.14608001708984 218.8235321044922
bird 0.57416594 101.0734634399414 165.06729125976562 123.11133575439453 186.94668579101562
cat 0.5033607 41.91655349731445 163.39120483398438 58.09669876098633 179.70294189453125
deer 0.46821332 101.12007141113281 165.3209228515625 123.01847839355469 186.73342895507812
frog 0.43716484 37.744285583496094 180.975830078125 75.86772918701172 218.92111206054688
dog 0.37796155 183.912353515625 135.0903778076172 206.03118896484375 156.8721160888672
truck 0.35203224 98.01966857910156 48.075618743896484 119.99409484863281 69.68782043457031
cat 0.30814433 37.744285583496094 180.975830078125 75.86772918701172 218.92111206054688
truck 0.30748713 148.947265625 174.15138244628906 170.97744750976562 195.9425506591797
frog 0.25243497 101.12007141113281 165.3209228515625 123.01847839355469 186.73342895507812
ship 0.24670851 148.95872497558594 174.13067626953125 171.0028533935547 195.9598388671875
deer 0.23385006 149.06982421875 174.03375244140625 170.63946533203125 196.0343017578125
frog 0.22573897 213.2604522705078 171.9208526611328 242.0767364501953 200.87315368652344
bird 0.21387306 37.05268478393555 135.17674255371094 63.111270904541016 160.83384704589844
bird 0.20746166 149.06982421875 174.03375244140625 170.63946533203125 196.0343017578125
