ship 0.99906886 98.05349731445312 98.9588623046875 120.06044006347656 121.03872680664062
ship 0.99750674 55.07617950439453 193.1586456298828 80.92098236083984 219.0042266845703
automobile 0.99738526 44.10409164428711 42.10654830932617 70.0120849609375 67.95146179199219
automobile 0.99736786 88.1353530883789 156.9099578857422 120.02696990966797 189.15333557128906
deer 0.996863 203.0886688232422 208.122314453125 238.03001403808594 242.99395751953125
dog 0.9949262 192.20925903320312 104.03202819824219 229.98922729492188 141.8723602294922
automobile 0.99220026 155.02731323242188 205.22137451171875 190.06414794921875 239.75625610351562
ship 0.9901154 159.99388122558594 21.885120391845703 186.0918731689453 48.12733840942383
bird 0.9877242 145.03561401367188 87.04785919189453 164.07095336914062 105.9458236694336
automobile 0.98733056 215.2200164794922 22.196430206298828 249.93919372558594 57.21249008178711
airplane 0.98685014 59.18773651123047 73.1570816040039 94.04419708251953 107.88282012939453
dog 0.9838412 6.092659950256348 100.093994140625 24.997478485107422 118.94731140136719
truck 0.97840786 29.154541015625 118.02421569824219 48.01819610595703 136.9622344970703
truck 0.9592169 27.06671905517578 20.10641098022461 45.964569091796875 38.9831657409668
automobile 0.8772945 189.69017028808594 52.11947250366211 208.9832000732422 71.11723327636719
deer 0.81015503 142.02304077148438 168.17864990234375 176.86917114257812 202.8035888671875
airplane 0.7448401 154.94830322265625 53.05513381958008 187.00985717773438 85.02169036865234
truck 0.548126 117.03904724121094 73.08826446533203 135.96115112304688 92.12960052490234
deer 0.4952846 117.12590026855469 73.01408386230469 135.97744750976562 92.07037353515625
automobile 0.49367914 154.94830322265625 53.05513381958008 187.00985717773438 85.02169036865234
deer 0.48745537 41.95940399169922 141.99118041992188 60.9295654296875 160.9932861328125
deer 0.38165948 27.02036476135254 19.95693588256836 45.957969665527344 39.05611038208008
bird 0.31217346 41.977813720703125 142.04043579101562 60.995826721191406 160.94833374023438
bird 0.29796094 141.93675231933594 168.0887451171875 176.98765563964844 202.67556762695312
ship 0.29478395 117.05072784423828 73.04133605957031 136.07754516601562 92.08735656738281
ship 0.28896248 189.69017028808594 52.11947250366211 208.9832000732422 71.11723327636719
automobile 0.27390775 117.04600524902344 73.21572875976562 135.88499450683594 91.96551513671875
deer 0.25044367 154.94830322265625 53.05513381958008 187.00985717773438 85.02169036865234
ship 0.24791017 154.94830322265625 53.05513381958008 187.00985717773438 85.02169036865234
bird 0.22073916 154.94830322265625 53.05513381958008 187.00985717773438 85.02169036865234
airplane 0.218714 141.93675231933594 168.0887451171875 176.98765563964844 202.67556762695312
truck 0.20841822 189.69017028808594 52.11947250366211 208.9832000732422 71.11723327636719
