bird 0.9991109 208.1966094970703 207.94729614257812 240.07301330566406 240.145263671875
automobile 0.99795926 11.245800971984863 206.16014099121094 39.95396041870117 234.68605041503906
airplane 0.99738055 27.01107406616211 1.9354829788208008 55.9203987121582 30.93914031982422
bird 0.9972213 196.07054138183594 3.8751697540283203 230.97593688964844 39.041595458984375
truck 0.99658775 126.28195190429688 84.19452667236328 155.11590576171875 112.88164520263672
automobile 0.9960001 148.311279296875 46.056007385253906 173.91152954101562 72.07525634765625
bird 0.9955269 64.26385498046875 134.00469970703125 101.94528198242188 171.97586059570312
truck 0.99547464 74.14778900146484 49.87531280517578 99.91495513916016 75.91880798339844
cat 0.990273 153.12046813964844 186.81704711914062 172.04652404785156 206.0137939453125
frog 0.98123664 58.13222885131836 83.96285247802734 74.14147186279297 99.98668670654297
frog 0.95747495 148.07855224609375 18.094890594482422 164.08258056640625 34.036293029785156
dog 0.9055041 39.99252700805664 103.93125915527344 55.9946403503418 119.98403930664062
airplane 0.8494398 203.02151489257812 46.14114761352539 225.04388427734375 67.95549011230469
dog 0.8337141 103.3135986328125 151.92320251464844 138.02450561523438 186.9843292236328
cat 0.80000377 178.9728240966797 156.06455993652344 195.05628967285156 171.84764099121094
cat 0.798875 19.122879028320312 73.04434967041016 48.00633239746094 101.95726776123047
automobile 0.7886009 31.156349182128906 51.0296745300293 46.9217529296875 66.94074249267578
cat 0.71528006 120.79415893554688 38.106632232666016 146.9796142578125 63.65896224975586
cat 0.71224254 39.97385787963867 103.95198059082031 55.980953216552734 120.00743103027344
deer 0.70054805 19.122879028320312 73.04434967041016 48.00633239746094 101.95726776123047
airplane 0.57777655 31.156349182128906 51.0296745300293 46.9217529296875 66.94074249267578
cat 0.5040933 148.08290100097656 18.100496292114258 164.03468322753906 34.019317626953125
truck 0.4986459 178.99951171875 155.99778747558594 195.07070922851562 171.85499572753906
deer 0.4965071 121.04153442382812 38.16228485107422 146.87042236328125 63.73020935058594
deer 0.47267622 9.71971321105957 153.63784790039062 29.548723220825195 173.14932250976562
cat 0.32920492 103.17533874511719 152.03408813476562 138.07981872558594 187.20962524414062
dog 0.31275213 178.99951171875 155.99778747558594 195.07070922851562 171.85499572753906
deer 0.3052467 148.08290100097656 18.100496292114258 164.03468322753906 34.019317626953125
ship 0.27969593 31.156349182128906 51.0296745300293 46.9217529296875 66.94074249267578
truck 0.26932457 40.005760192871094 103.94660949707031 56.0447998046875 120.02520751953125
ship 0.25141037 178.9728240966797 156.06455993652344 195.05628967285156 171.84764099121094
truck 0.21666068 31.156349182128906 51.0296745300293 46.9217529296875 66.94074249267578
truck 0.20213264 148.08290100097656 18.100496292114258 164.03468322753906 34.019317626953125
