truck 0.9972547 14.091791152954102 118.14508056640625 46.15325927734375 150.077392578125
truck 0.99710584 100.03338623046875 53.11440658569336 119.04922485351562 72.04180908203125
truck 0.99658203 75.04161071777344 104.29515838623047 96.93421936035156 126.03824615478516
cat 0.9955454 126.99384307861328 145.17860412597656 148.96287536621094 166.98399353027344
bird 0.9949933 99.09162139892578 14.042097091674805 121.04288482666016 36.116127014160156
ship 0.99317086 53.08069610595703 47.24565505981445 72.06332397460938 65.92253112792969
ship 0.99055696 77.24214172363281 216.06629943847656 114.95610046386719 254.0537872314453
automobile 0.9902773 172.023681640625 171.97506713867188 198.11074829101562 198.322021484375
cat 0.9877595 8.100732803344727 68.07582092285156 42.999244689941406 103.04316711425781
cat 0.96857905 111.04667663574219 174.14132690429688 133.00999450683594 196.06198120117188
truck 0.91734326 129.0454864501953 211.93133544921875 154.99122619628906 238.17361450195312
dog 0.9083256 108.99118041992188 103.90469360351562 144.10169982910156 138.8050994873047
frog 0.8161074 206.03369140625 66.01374816894531 225.06875610351562 84.92236328125
cat 0.6366832 138.14955139160156 1.982741355895996 160.0680694580078 24.078433990478516
deer 0.5774979 138.082763671875 2.14483642578125 159.96939086914062 24.071767807006836
deer 0.50256765 151.8944549560547 105.9997329711914 178.1444854736328 132.0474853515625
bird 0.34427196 108.98853302001953 104.02388763427734 143.83990478515625 138.89332580566406
dog 0.30892682 111.04986572265625 174.09249877929688 133.00559997558594 195.94790649414062
bird 0.30631965 206.03369140625 66.01374816894531 225.06875610351562 84.92236328125
dog 0.30433363 20.81096649169922 173.2361602783203 55.91297912597656 208.04954528808594
deer 0.29345757 206.03369140625 66.01374816894531 225.06875610351562 84.92236328125
dog 0.28553903 206.09609985351562 66.00769805908203 225.0989990234375 85.08475494384766
automobile 0.20612559 129.05691528320312 211.82997131347656 155.04110717773438 238.2740936279297
