deer 0.9979286 182.0207977294922 143.03717041015625 207.8339080810547 168.9373779296875
deer 0.99763894 215.11402893066406 116.07418060302734 237.03794860839844 138.0213165283203
truck 0.9976133 43.04330062866211 174.00738525390625 61.99570846557617 192.96084594726562
bird 0.9971186 6.062231063842773 81.18463897705078 41.02156066894531 115.88249969482422
truck 0.9962491 91.05960845947266 14.026939392089844 109.99051666259766 33.03165054321289
dog 0.9953214 215.35916137695312 51.903648376464844 246.91061401367188 84.1406478881836
deer 0.99448425 211.07723999023438 177.0357666015625 230.05743408203125 195.99420166015625
automobile 0.99095386 38.125999450683594 215.07229614257812 75.79862213134766 252.9356689453125
deer 0.97929037 145.1276092529297 83.20076751708984 170.90248107910156 108.66724395751953
ship 0.978332 107.0653305053711 99.95890808105469 123.13118743896484 115.97547912597656
deer 0.97643626 63.062477111816406 95.0642318725586 91.97220611572266 123.9698257446289
dog 0.9712657 0.0 199.74639892578125 30.93535614013672 231.6636962890625
automobile 0.8693981 152.9624481201172 137.0441131591797 172.07106018066406 155.8658905029297
dog 0.83032066 123.01312255859375 127.00361633300781 145.02206420898438 149.12635803222656
cat 0.8052292 1.7908248901367188 35.414772033691406 37.751922607421875 68.8089370727539
bird 0.8020115 180.05007934570312 178.9793243408203 206.09469604492188 205.15980529785156
ship 0.7760143 153.01417541503906 137.15283203125 171.9761199951172 155.93618774414062
ship 0.7679255 176.91993713378906 70.11235809326172 199.02476501464844 91.96154022216797
frog 0.74862635 151.97509765625 188.0272674560547 171.09310913085938 207.0519561767578
cat 0.73486185 122.91947937011719 126.98109436035156 144.9317169189453 148.9615936279297
airplane 0.6098901 117.98734283447266 151.7904510498047 137.01834106445312 170.9932098388672
airplane 0.60672724 180.0189666748047 179.00924682617188 206.03868103027344 205.11178588867188
bird 0.42904645 176.91993713378906 70.11235809326172 199.02476501464844 91.96154022216797
airplane 0.35473275 176.91993713378906 70.11235809326172 199.02476501464844 91.96154022216797
airplane 0.35167426 151.97509765625 188.0272674560547 171.09310913085938 207.0519561767578
dog 0.3428464 152.03375244140625 188.0195770263672 171.019287109375 207.03993225097656
bird 0.2996496 118.11690521240234 151.82492065429688 136.77987670898438 170.78927612304688
automobile 0.2906504 151.97509765625 188.0272674560547 171.09310913085938 207.0519561767578
airplane 0.20245901 1.7908248901367188 35.414772033691406 37.751922607421875 68.8089370727539
