dog 0.99853987 50.15296936035156 179.9031524658203 79.3232421875 208.86717224121094
truck 0.998389 67.93577575683594 2.142502784729004 96.77159118652344 31.187698364257812
automobile 0.9976342 161.23941040039062 83.06364440917969 190.05987548828125 112.06771850585938
deer 0.9970788 52.927772521972656 67.97591400146484 85.03131866455078 100.07682037353516
automobile 0.99681467 138.09327697753906 127.0937728881836 172.9804229736328 162.12091064453125
bird 0.9967505 203.00782775878906 83.16190338134766 237.9425506591797 117.94860076904297
deer 0.9946928 179.14157104492188 4.87421989440918 216.93780517578125 43.005706787109375
deer 0.9932457 137.97994995117188 26.945289611816406 170.07354736328125 59.07942199707031
dog 0.9907064 0.8164043426513672 140.89512634277344 26.800464630126953 166.9951934814453
bird 0.9864714 105.97013854980469 79.07491302490234 138.25650024414062 110.9802017211914
ship 0.9699886 162.07896423339844 174.13218688964844 194.0618438720703 205.85987854003906
dog 0.9693359 83.95308685302734 176.0347900390625 106.01175689697266 198.28945922851562
dog 0.94381136 13.117798805236816 80.13792419433594 34.97615051269531 101.99270629882812
frog 0.92917705 143.220703125 3.1216793060302734 161.9713134765625 21.987756729125977
automobile 0.8846032 207.04026794433594 49.09238815307617 236.0204620361328 78.3074722290039
dog 0.86091304 91.1207275390625 136.17831420898438 119.9761962890625 165.01296997070312
airplane 0.82138264 0.0 213.0467071533203 22.04862403869629 235.07167053222656
bird 0.6988895 208.94403076171875 175.87948608398438 225.02056884765625 191.65042114257812
truck 0.63980746 207.04026794433594 49.09238815307617 236.0204620361328 78.3074722290039
automobile 0.5705747 0.0 213.0557861328125 21.967052459716797 235.0050048828125
ship 0.5279332 105.97013854980469 79.07491302490234 138.25650024414062 110.9802017211914
truck 0.44146618 0.0 213.0557861328125 21.967052459716797 235.0050048828125
automobile 0.40272275 84.08673858642578 176.02320861816406 105.94341278076172 198.25938415527344
frog 0.2986815 91.04935455322266 136.16934204101562 119.9577407836914 164.96609497070312
bird 0.27999806 143.24134826660156 3.2071456909179688 161.9259796142578 21.94046401977539
ship 0.27306536 84.08673858642578 176.02320861816406 105.94341278076172 198.25938415527344
deer 0.25174278 143.24134826660156 3.2071456909179688 161.9259796142578 21.94046401977539
airplane 0.2193164 162.14276123046875 174.149658203125 194.03765869140625 205.90347290039062
