airplane 0.997849 52.919525146484375 196.08705139160156 85.048095703125 228.1173553466797
truck 0.99773884 106.07845306396484 205.13699340820312 134.98553466796875 234.05831909179688
bird 0.9974756 165.08261108398438 127.04496765136719 193.92703247070312 156.1077423095703
ship 0.9972457 50.09336471557617 5.091259956359863 68.93238830566406 23.93301010131836
cat 0.99538386 193.82681274414062 56.32889175415039 220.22006225585938 82.15470886230469
automobile 0.9948429 150.0475616455078 15.944269180297852 169.05833435058594 35.06642150878906
dog 0.9846263 36.00239181518555 73.07826232910156 65.0133056640625 101.90806579589844
dog 0.97911084 59.11330795288086 120.00902557373047 77.74365997314453 139.0440216064453
airplane 0.96260536 164.16221618652344 60.98472213745117 180.01234436035156 76.97576141357422
ship 0.9466464 131.04440307617188 184.02163696289062 147.0301513671875 200.09091186523438
deer 0.9162096 208.02723693847656 3.0692615509033203 239.9745330810547 35.16401672363281
airplane 0.8715066 79.0988998413086 103.07974243164062 101.09680938720703 124.94380187988281
dog 0.86617994 202.0104217529297 92.03394317626953 233.97645568847656 124.16922760009766
automobile 0.8493717 186.0181121826172 181.9705047607422 202.08287048339844 198.05372619628906
deer 0.8464416 73.01984405517578 39.12676239013672 107.8553695678711 73.91655731201172
automobile 0.7982993 131.05331420898438 183.96319580078125 147.02267456054688 200.13558959960938
truck 0.68781 134.25572204589844 75.14732360839844 160.1011505126953 101.25480651855469
frog 0.623278 185.989501953125 181.98565673828125 202.07672119140625 197.92129516601562
dog 0.6095594 5.000600814819336 206.2310028076172 33.63575744628906 234.99729919433594
truck 0.38869667 79.28317260742188 103.13976287841797 100.92314147949219 124.81702423095703
bird 0.36704737 208.05340576171875 3.080984115600586 239.91714477539062 35.10693359375
ship 0.3666925 134.1295928955078 74.89422607421875 159.99143981933594 101.30322265625
airplane 0.35933816 134.25572204589844 75.14732360839844 160.1011505126953 101.25480651855469
cat 0.288124 4.991823196411133 206.24526977539062 33.66505432128906 235.06549072265625
truck 0.23868486 186.04141235351562 181.8978729248047 202.06521606445312 197.9812469482422
