ship 0.99866915 151.2682647705078 120.03514862060547 180.0867156982422 148.88735961914062
frog 0.9980904 213.14222717285156 67.99266052246094 238.99070739746094 93.97201538085938
frog 0.9970116 112.94161987304688 46.905372619628906 151.05157470703125 85.14945220947266
bird 0.99699396 172.18768310546875 158.10162353515625 203.98001098632812 190.0308837890625
frog 0.9952813 32.97905731201172 102.02877807617188 51.984153747558594 121.05514526367188
ship 0.99340177 115.09272003173828 188.03956604003906 137.0286407470703 210.03697204589844
automobile 0.993299 38.02030563354492 193.1182861328125 57.05048751831055 212.0469970703125
frog 0.99138343 97.06172943115234 143.15283203125 132.01832580566406 177.98590087890625
deer 0.9897548 104.9521713256836 0.9238882064819336 123.99047088623047 20.051345825195312
deer 0.9896491 39.96575164794922 52.85474395751953 74.97234344482422 88.17591094970703
airplane 0.9894294 191.12481689453125 26.929964065551758 222.94345092773438 58.98822021484375
automobile 0.9886362 20.27850341796875 18.203968048095703 51.333900451660156 47.00850296020508
dog 0.9867209 7.055556297302246 211.284912109375 36.13237380981445 240.14279174804688
bird 0.9755348 80.05918884277344 91.95724487304688 99.22599792480469 110.88702392578125
frog 0.9353379 51.01825714111328 152.98727416992188 67.10350036621094 169.07830810546875
ship 0.8024115 193.12106323242188 194.06373596191406 227.9315185546875 228.8273468017578
bird 0.6740865 55.968997955322266 89.17255401611328 78.16653442382812 111.00072479248047
dog 0.62297714 211.0240936279297 136.01510620117188 230.0039520263672 155.04495239257812
cat 0.61279505 171.10400390625 61.28984832763672 199.870849609375 89.94905853271484
cat 0.47796807 206.0057373046875 105.16159057617188 225.02301025390625 124.03428649902344
cat 0.47274885 211.00341796875 136.09996032714844 229.98565673828125 154.9535369873047
dog 0.4712236 55.968997955322266 89.17255401611328 78.16653442382812 111.00072479248047
cat 0.44082126 80.01692962646484 92.03282165527344 99.15372467041016 110.93338012695312
truck 0.4196092 193.12106323242188 194.06373596191406 227.9315185546875 228.8273468017578
bird 0.38545135 211.00341796875 136.09996032714844 229.98565673828125 154.9535369873047
frog 0.35133356 206.0057373046875 105.16159057617188 225.02301025390625 124.03428649902344
bird 0.30196694 171.10400390625 61.28984832763672 199.870849609375 89.94905853271484
frog 0.2972693 171.10400390625 61.28984832763672 199.870849609375 89.94905853271484
dog 0.29015023 171.08245849609375 61.16322326660156 200.06402587890625 90.05401611328125
dog 0.2550445 206.0623321533203 105.17051696777344 224.9837188720703 124.09809875488281
deer 0.24448264 205.9956817626953 105.04935455322266 225.11985778808594 124.15442657470703
frog 0.23117167 211.00341796875 136.09996032714844 229.98565673828125 154.9535369873047
