frog 0.9988409 157.13865661621094 125.17659759521484 188.99290466308594 157.13720703125
deer 0.99813706 203.00088500976562 135.1586456298828 238.0682373046875 169.98265075683594
bird 0.99480206 171.01853942871094 86.05318450927734 197.05238342285156 112.15035247802734
deer 0.99401855 114.08502197265625 161.0541229248047 136.09083557128906 182.9604034423828
deer 0.9911903 188.00906372070312 52.14966583251953 207.05111694335938 70.97654724121094
dog 0.99100405 72.07948303222656 111.16598510742188 100.608154296875 140.12246704101562
dog 0.98927784 137.07611083984375 23.158775329589844 172.14675903320312 57.93383026123047
dog 0.9884786 150.67205810546875 214.03775024414062 186.02749633789062 248.9422607421875
frog 0.98661387 103.06669616699219 115.59668731689453 118.98478698730469 132.11256408691406
deer 0.9844121 30.103477478027344 192.92156982421875 55.98912811279297 219.10552978515625
dog 0.98081815 4.143271446228027 33.084163665771484 36.03240966796875 64.85621643066406
deer 0.9694687 117.22026824951172 89.15241241455078 143.08721923828125 115.13529205322266
deer 0.95680636 96.93473815917969 54.02626037597656 116.03120422363281 72.95709991455078
deer 0.9383558 69.04996490478516 177.29527282714844 95.01201629638672 203.0413360595703
ship 0.89556694 133.98898315429688 215.0297393798828 149.93576049804688 231.01170349121094
frog 0.87245804 27.09513282775879 76.11322784423828 49.05574035644531 98.0158920288086
airplane 0.8486514 131.04196166992188 59.552574157714844 156.89785766601562 85.17554473876953
cat 0.76290447 208.13560485839844 35.8535041809082 223.93104553222656 52.07743453979492
truck 0.65591854 131.04196166992188 59.552574157714844 156.89785766601562 85.17554473876953
dog 0.51667404 208.191650390625 35.90733337402344 223.9544677734375 51.98265838623047
automobile 0.50915474 131.04196166992188 59.552574157714844 156.89785766601562 85.17554473876953
bird 0.47989714 27.039522171020508 76.06466674804688 48.976356506347656 97.77247619628906
automobile 0.3919273 66.13053131103516 5.022272109985352 91.93875885009766 30.83255958557129
airplane 0.3276012 66.14828491210938 5.037428855895996 91.85696411132812 30.958900451660156
airplane 0.28863832 134.0793914794922 215.06980895996094 149.8645782470703 231.05613708496094
truck 0.24361241 103.07838439941406 115.47657012939453 119.0439453125 132.0944366455078
