ship 0.9993196 41.78273010253906 125.96300506591797 70.93329620361328 154.94503784179688
frog 0.9981363 4.008476257324219 109.96035766601562 26.05014991760254 132.0171661376953
airplane 0.99771726 215.08470153808594 33.1821403503418 236.9989471435547 55.00612258911133
ship 0.99666804 123.03465270996094 202.14857482910156 142.09925842285156 220.9357452392578
airplane 0.9951314 37.993438720703125 8.043630599975586 72.92576599121094 42.85432434082031
frog 0.99443847 29.991897583007812 93.12235260009766 52.04441833496094 115.03398895263672
bird 0.99398625 42.930450439453125 178.0275421142578 64.96720886230469 200.04884338378906
cat 0.98975706 14.928468704223633 165.99264526367188 41.082977294921875 192.05426025390625
bird 0.988778 158.05722045898438 114.04789733886719 193.15158081054688 149.34959411621094
ship 0.98312175 214.87307739257812 143.10374450683594 240.92605590820312 168.9313201904297
automobile 0.97891235 170.10089111328125 8.05095100402832 186.0665283203125 24.006872177124023
cat 0.97777987 161.84205627441406 150.7865447998047 193.96083068847656 182.75865173339844
dog 0.976264 191.033203125 1.891158103942871 213.133056640625 24.009803771972656
frog 0.9737364 49.99831008911133 56.90616226196289 66.06129455566406 73.08303833007812
deer 0.97099185 184.0948028564453 86.33576965332031 210.23463439941406 111.81936645507812
truck 0.9559741 62.03718948364258 75.18873596191406 99.98966979980469 112.92213439941406
airplane 0.91572106 66.07499694824219 199.07623291015625 98.11752319335938 231.0482177734375
cat 0.91113985 119.0735092163086 137.02452087402344 138.22483825683594 155.96153259277344
bird 0.68192333 66.01611328125 199.05906677246094 98.15888977050781 230.9521026611328
dog 0.53059554 161.80792236328125 150.68357849121094 193.95901489257812 182.94313049316406
automobile 0.38503996 62.01344299316406 75.09612274169922 100.04710388183594 113.0143051147461
bird 0.3370375 215.1731719970703 143.14663696289062 240.90162658691406 169.11447143554688
bird 0.30263895 119.09033203125 136.9415283203125 138.15383911132812 155.71994018554688
truck 0.28936446 50.01722717285156 56.87687301635742 66.1178970336914 73.03179931640625
cat 0.27861106 50.01722717285156 56.87687301635742 66.1178970336914 73.03179931640625
frog 0.27242658 215.1731719970703 143.14663696289062 240.90162658691406 169.11447143554688
automobile 0.2044163 215.1731719970703 143.14663696289062 240.90162658691406 169.11447143554688
