automobile 0.9977013 145.18601989746094 140.13543701171875 179.9308319091797 174.94888305664062
dog 0.9976147 158.96998596191406 201.02572631835938 188.13487243652344 229.92828369140625
automobile 0.9972644 80.06784057617188 60.9962158203125 102.09776306152344 83.05924987792969
truck 0.99701995 3.1239662170410156 181.03480529785156 35.28804397583008 212.77781677246094
deer 0.9956697 120.19317626953125 108.07945251464844 138.9853515625 127.00871276855469
ship 0.99553734 169.98590087890625 13.080815315246582 191.93896484375 35.15532302856445
frog 0.9951361 207.09275817871094 112.79022216796875 226.1594696044922 132.0475616455078
airplane 0.99310994 46.133506774902344 102.21028900146484 80.96456146240234 136.99908447265625
cat 0.987952 126.08999633789062 176.28594970703125 155.03073120117188 204.90994262695312
dog 0.9865637 79.06791687011719 175.1349334716797 111.00166320800781 206.9023895263672
dog 0.9835435 11.987371444702148 54.17850875854492 34.028541564941406 75.96668243408203
dog 0.97738165 37.78874206542969 161.07107543945312 63.90425109863281 187.02127075195312
dog 0.9641963 52.047149658203125 17.080425262451172 89.88983154296875 55.12869644165039
bird 0.93546736 83.9387435913086 101.89051818847656 118.89093780517578 137.00152587890625
dog 0.8576967 104.18238830566406 141.0941925048828 133.0474395751953 169.8990936279297
cat 0.8564413 55.15660858154297 212.1953125 93.02376556396484 250.093994140625
airplane 0.8416246 5.085387229919434 126.09062957763672 21.112716674804688 142.1675567626953
ship 0.7672225 180.98065185546875 36.978023529052734 197.1370849609375 52.97367477416992
truck 0.70640874 5.085387229919434 126.09062957763672 21.112716674804688 142.1675567626953
frog 0.49725702 55.025672912597656 212.22811889648438 92.98816680908203 249.9241943359375
cat 0.49291468 180.93869018554688 36.94765853881836 197.13803100585938 52.965511322021484
bird 0.47419912 52.019344329833984 17.021116256713867 89.9630126953125 55.233909606933594
bird 0.4725656 104.16398620605469 140.93792724609375 133.1072540283203 169.81707763671875
dog 0.45999312 180.98065185546875 36.978023529052734 197.1370849609375 52.97367477416992
cat 0.45430937 5.037885665893555 126.05680847167969 21.055023193359375 142.14955139160156
automobile 0.4266352 79.06791687011719 175.1349334716797 111.00166320800781 206.9023895263672
airplane 0.4255607 79.09109497070312 175.13157653808594 111.13661193847656 206.85060119628906
airplane 0.36746943 187.9551239013672 158.04367065429688 204.00489807128906 174.07815551757812
deer 0.36050695 5.085387229919434 126.09062957763672 21.112716674804688 142.1675567626953
ship 0.29758692 5.085387229919434 126.09062957763672 21.112716674804688 142.1675567626953
deer 0.2413545 180.98065185546875 36.978023529052734 197.1370849609375 52.97367477416992
cat 0.23754966 83.78840637207031 101.9725341796875 118.6678466796875 136.95211791992188
dog 0.23068708 5.085387229919434 126.09062957763672 21.112716674804688 142.1675567626953
