truck 0.99907196 76.08920288085938 107.894287109375 110.80496215820312 142.82962036132812
automobile 0.99751246 145.0919647216797 8.41553020477295 171.16624450683594 35.125755310058594
ship 0.9971676 9.042135238647461 10.972267150878906 46.950782775878906 49.1338996887207
automobile 0.99701333 58.08650588989258 206.10995483398438 79.89138793945312 228.07666015625
automobile 0.99640214 211.2375030517578 113.17245483398438 240.1319122314453 142.09226989746094
deer 0.9922398 210.00802612304688 161.08689880371094 247.9957275390625 198.9196319580078
truck 0.99146956 89.29666137695312 54.345191955566406 123.97465515136719 89.06853485107422
deer 0.98781854 19.958335876464844 163.03262329101562 36.04114532470703 179.02859497070312
deer 0.98697764 6.923515319824219 197.01646423339844 39.189666748046875 228.9789276123047
frog 0.9841218 165.00076293945312 140.07827758789062 203.0504150390625 177.90719604492188
ship 0.98383164 67.04499816894531 82.0245590209961 85.93214416503906 101.04581451416016
dog 0.97130257 176.31700134277344 99.7374267578125 210.2030792236328 134.117431640625
deer 0.92614484 89.92250061035156 24.151165008544922 119.15711975097656 52.832332611083984
dog 0.8723346 159.10792541503906 199.99156188964844 178.10060119628906 219.0254669189453
bird 0.78765863 208.99343872070312 31.042442321777344 243.98406982421875 65.87405395507812
dog 0.741728 172.27162170410156 42.10655212402344 207.22230529785156 76.91746520996094
frog 0.5818639 127.21809387207031 140.02162170410156 148.85679626464844 162.2311248779297
cat 0.5532539 172.17745971679688 42.104312896728516 207.14337158203125 76.90139770507812
cat 0.54781324 209.1143035888672 31.087583541870117 243.9728240966797 65.88996887207031
dog 0.5231595 89.92250061035156 24.151165008544922 119.15711975097656 52.832332611083984
bird 0.51618034 25.983917236328125 79.99498748779297 48.06004333496094 102.06475067138672
frog 0.46771187 25.949031829833984 79.88502502441406 47.96608352661133 102.00827026367188
automobile 0.28086114 127.09541320800781 140.0416717529297 148.88111877441406 162.1042938232422
deer 0.24746183 25.949031829833984 79.88502502441406 47.96608352661133 102.00827026367188
truck 0.20327112 127.09541320800781 140.0416717529297 148.88111877441406 162.1042938232422
bird 0.20183745 159.07669067382812 200.0232391357422 178.03793334960938 219.0630645751953
