bird 0.9983568 107.14502716064453 7.1114091873168945 135.9551239013672 35.97334289550781
ship 0.99773955 215.1258544921875 170.06884765625 250.0836181640625 205.136962890625
bird 0.997381 66.04644775390625 157.1029052734375 92.07525634765625 183.40200805664062
bird 0.99686253 190.0590057373047 196.05413818359375 212.00489807128906 218.06201171875
truck 0.99630475 7.8925065994262695 3.0824975967407227 30.072681427001953 25.03388214111328
automobile 0.9949735 94.0887680053711 127.10157775878906 120.07157135009766 153.06983947753906
automobile 0.9940958 23.875667572021484 125.89415740966797 61.935184478759766 163.95118713378906
truck 0.9883517 18.09075164794922 61.9781494140625 53.025184631347656 96.86827087402344
frog 0.987062 129.96942138671875 39.12799072265625 164.97744750976562 74.02045440673828
ship 0.9817402 124.96797180175781 124.17974090576172 151.03968811035156 149.93130493164062
frog 0.9794909 186.05404663085938 98.98341369628906 202.072509765625 114.96955871582031
dog 0.9566497 184.00039672851562 47.13587188720703 203.0164794921875 66.0073013305664
truck 0.86022246 66.24942016601562 188.06494140625 95.10519409179688 217.22210693359375
deer 0.85879254 154.10214233398438 170.99388122558594 186.11404418945312 203.09410095214844
ship 0.81319684 0.9306821823120117 158.97592163085938 20.00424575805664 178.01638793945312
cat 0.7999908 200.97622680664062 120.16326904296875 239.13943481445312 158.03079223632812
airplane 0.78874063 89.94960021972656 42.09955978393555 111.83403015136719 64.09185791015625
deer 0.59865034 200.9879608154297 120.07919311523438 238.9667205810547 158.00405883789062
dog 0.5884186 200.97479248046875 120.2931900024414 239.11074829101562 157.56585693359375
automobile 0.5034866 66.24942016601562 188.06494140625 95.10519409179688 217.22210693359375
airplane 0.455954 0.8188152313232422 159.00265502929688 20.003780364990234 178.02542114257812
deer 0.4004685 0.9306821823120117 158.97592163085938 20.00424575805664 178.01638793945312
frog 0.3899632 154.16661071777344 171.00782775878906 186.0067596435547 203.0609893798828
bird 0.379176 89.94960021972656 42.09955978393555 111.83403015136719 64.09185791015625
truck 0.34656075 0.8188152313232422 159.00265502929688 20.003780364990234 178.02542114257812
airplane 0.2702091 124.97132110595703 124.23101043701172 151.07241821289062 150.19960021972656
ship 0.24869755 66.24942016601562 188.06494140625 95.10519409179688 217.22210693359375
cat 0.2252881 154.11663818359375 170.96527099609375 186.15341186523438 203.1182861328125
