truck 0.9979069 173.1913604736328 108.02896881103516 207.9758758544922 142.939453125
automobile 0.9976124 138.01943969726562 132.10971069335938 159.96383666992188 154.09329223632812
ship 0.99721384 39.114662170410156 193.0707244873047 58.02665710449219 212.2654266357422
ship 0.9970987 51.958274841308594 116.05506134033203 87.00247955322266 150.805908203125
airplane 0.99413484 32.920501708984375 216.06036376953125 55.08113098144531 238.04754638671875
airplane 0.9934938 203.008056640625 149.1685333251953 238.00717163085938 183.95237731933594
truck 0.99345607 56.071083068847656 66.1786117553711 90.86730194091797 100.75794219970703
ship 0.99211323 83.12227630615234 12.132491111755371 108.9326400756836 38.10378646850586
cat 0.9902786 201.04983520507812 55.96586990356445 235.94137573242188 91.0238037109375
frog 0.9892848 169.0331573486328 155.0851593017578 184.95533752441406 171.16859436035156
airplane 0.95815194 19.052692413330078 28.034645080566406 41.05489730834961 50.06151580810547
frog 0.9465809 158.0729217529297 65.11056518554688 187.03334045410156 94.08488464355469
bird 0.9241601 206.17098999023438 193.81466674804688 231.92440795898438 220.02020263671875
cat 0.8501401 105.09772491455078 195.0939483642578 134.0667724609375 223.99717712402344
dog 0.816882 154.0025177001953 28.969478607177734 172.9723358154297 47.91708755493164
automobile 0.7862492 147.9953155517578 178.01113891601562 185.9685516357422 215.95010375976562
bird 0.6421123 43.95890808105469 152.8091278076172 76.18297576904297 185.03260803222656
ship 0.46200097 147.96327209472656 178.06495666503906 186.0369415283203 215.93605041503906
dog 0.45322698 43.95890808105469 152.8091278076172 76.18297576904297 185.03260803222656
dog 0.42018402 182.02099609375 8.00356388092041 201.03317260742188 27.12903594970703
frog 0.40938255 105.09772491455078 195.0939483642578 134.0667724609375 223.99717712402344
dog 0.37054244 103.8157958984375 114.05300903320312 133.08853149414062 143.1466064453125
cat 0.33286613 169.0331573486328 155.0851593017578 184.95533752441406 171.16859436035156
cat 0.3110209 182.0014190673828 7.979561805725098 200.9733123779297 27.04596710205078
cat 0.29599136 147.93324279785156 178.12022399902344 186.03819274902344 215.90574645996094
truck 0.28975576 182.02056884765625 7.930520057678223 201.04739379882812 27.154071807861328
frog 0.280293 43.95890808105469 152.8091278076172 76.18297576904297 185.03260803222656
frog 0.26448405 181.96987915039062 7.860684394836426 200.90750122070312 27.406780242919922
frog 0.25463796 206.20408630371094 193.77975463867188 231.94834899902344 220.00994873046875
bird 0.23137629 19.100460052490234 27.974729537963867 41.10511016845703 49.96498107910156
automobile 0.22807598 182.02056884765625 7.930520057678223 201.04739379882812 27.154071807861328
dog 0.22341427 169.0331573486328 155.0851593017578 184.95533752441406 171.16859436035156
frog 0.21421996 19.100460052490234 27.974729537963867 41.10511016845703 49.96498107910156
automobile 0.20441091 43.95890808105469 152.8091278076172 76.18297576904297 185.03260803222656
