bird 0.99853754 10.058135986328125 203.01539611816406 48.040435791015625 240.9298553466797
airplane 0.99790585 139.00831604003906 74.06205749511719 168.0146942138672 103.172119140625
truck 0.9969869 127.09471130371094 13.044681549072266 165.0061492919922 51.06672286987305
frog 0.9965369 194.04620361328125 161.0425567626953 220.130859375 187.0078887939453
ship 0.9929805 173.07394409179688 106.98814392089844 207.86526489257812 141.96432495117188
bird 0.99228466 69.05631256103516 99.22428131103516 100.88311004638672 130.91152954101562
dog 0.989678 106.16593933105469 92.91319274902344 128.0520477294922 113.9637451171875
bird 0.9894991 215.07968139648438 103.03436279296875 247.03045654296875 134.99057006835938
truck 0.9832794 149.95730590820312 109.06884765625 169.01470947265625 127.9586181640625
dog 0.9734094 155.9314422607422 202.2608184814453 191.17100524902344 236.93080139160156
airplane 0.9710831 18.046768188476562 160.1100311279297 37.06928634643555 179.0508575439453
dog 0.9559989 188.09893798828125 16.281768798828125 216.81350708007812 44.81070327758789
deer 0.9159497 44.05145263671875 144.12461853027344 69.9633560180664 169.7439422607422
cat 0.5966435 167.05422973632812 144.00469970703125 186.11373901367188 163.00885009765625
deer 0.5078086 136.9852752685547 183.07330322265625 153.0034637451172 199.09844970703125
truck 0.45723185 167.13458251953125 144.08969116210938 186.1123046875 162.97299194335938
dog 0.44361714 137.04034423828125 182.99400329589844 152.96258544921875 199.16798400878906
cat 0.39902252 49.064632415771484 179.89736938476562 65.02259063720703 195.9068603515625
bird 0.38228694 44.05145263671875 144.12461853027344 69.9633560180664 169.7439422607422
bird 0.3724984 49.064632415771484 179.89736938476562 65.02259063720703 195.9068603515625
airplane 0.26685417 49.033287048339844 179.8498992919922 64.94841003417969 195.92930603027344
truck 0.22403258 136.97998046875 183.06570434570312 152.95919799804688 199.0758056640625
bird 0.21769813 188.12496948242188 16.185001373291016 216.833251953125 44.84111785888672
deer 0.2108339 49.064632415771484 179.89736938476562 65.02259063720703 195.9068603515625
automobile 0.20459065 136.9852752685547 183.07330322265625 153.0034637451172 199.09844970703125
