airplane 0.9977429 38.05039978027344 186.1749725341797 66.9267349243164 215.0811309814453
truck 0.9973303 67.97666931152344 162.11544799804688 97.26889038085938 191.12008666992188
automobile 0.99659693 81.99723815917969 7.036830902099609 103.96513366699219 28.736492156982422
ship 0.99606806 146.0197296142578 5.05849552154541 178.06382751464844 37.04648208618164
truck 0.99527967 187.11044311523438 7.331657409667969 213.003173828125 32.989967346191406
deer 0.9943329 107.13880920410156 54.16413116455078 144.8579864501953 91.92513275146484
truck 0.99107635 188.09762573242188 109.19829559326172 219.99307250976562 141.04168701171875
truck 0.9850124 111.87080383300781 131.94969177246094 137.9864044189453 157.99461364746094
cat 0.9837315 185.15325927734375 61.133148193359375 207.2218017578125 82.91302490234375
automobile 0.9687741 12.999897956848145 3.149895668029785 29.09310531616211 19.04715347290039
dog 0.9671924 62.07127380371094 82.15005493164062 83.96870422363281 104.03639221191406
truck 0.9629144 103.06706237792969 161.0235595703125 135.26568603515625 192.95736694335938
truck 0.94343054 86.02486419677734 121.05848693847656 108.09944915771484 142.99391174316406
deer 0.9089899 149.0256805419922 207.11537170410156 181.0069122314453 239.14588928222656
bird 0.84421754 149.1070098876953 207.13851928710938 181.03712463378906 239.0799560546875
deer 0.8308553 45.09715270996094 36.1888542175293 74.08300018310547 65.0679931640625
airplane 0.8144039 184.98899841308594 172.23817443847656 217.0709991455078 204.11134338378906
ship 0.8057623 85.96373748779297 120.85340118408203 108.09952545166016 142.89549255371094
truck 0.77342725 211.98471069335938 62.09478759765625 243.96780395507812 93.92417907714844
dog 0.7202617 3.024942398071289 119.1493148803711 37.93926239013672 153.97271728515625
ship 0.6653458 184.97006225585938 172.13815307617188 217.06103515625 204.08157348632812
automobile 0.4317267 211.9322052001953 62.20136642456055 244.0775604248047 93.97294616699219
bird 0.32698882 2.994771957397461 119.08905792236328 37.889930725097656 154.0399169921875
cat 0.3238176 45.032073974609375 36.188560485839844 74.07379913330078 64.99118041992188
deer 0.29851905 2.994771957397461 119.08905792236328 37.889930725097656 154.0399169921875
cat 0.27559704 3.029390335083008 118.97097778320312 37.87153625488281 154.13113403320312
automobile 0.26024842 103.06706237792969 161.0235595703125 135.26568603515625 192.95736694335938
truck 0.25044137 12.999897956848145 3.149895668029785 29.09310531616211 19.04715347290039
frog 0.24450243 211.98471069335938 62.09478759765625 243.96780395507812 93.92417907714844
frog 0.20985198 62.102325439453125 82.119873046875 83.95086669921875 104.07878112792969
dog 0.20689291 152.98147583007812 48.876441955566406 172.01406860351562 67.97804260253906
