ship 0.9990895 207.07028198242188 44.160247802734375 235.94659423828125 72.96241760253906
frog 0.9988036 90.08332824707031 199.34056091308594 118.97148132324219 227.7296905517578
ship 0.9985045 210.0886688232422 126.00070190429688 235.96958923339844 151.83810424804688
truck 0.9970863 140.05526733398438 32.94118881225586 169.13711547851562 62.17239761352539
truck 0.99500585 106.04210662841797 54.062034606933594 125.05719757080078 72.99162292480469
bird 0.9945722 19.798690795898438 35.0106201171875 49.06297302246094 64.01355743408203
frog 0.9940303 47.0540771484375 210.06549072265625 79.0464859008789 242.1331787109375
frog 0.9939357 160.09158325195312 73.03126525878906 182.01834106445312 95.17172241210938
automobile 0.9939258 134.0644073486328 167.71263122558594 171.93849182128906 205.0383758544922
cat 0.99188936 169.03480529785156 105.93034362792969 200.8562774658203 138.03421020507812
automobile 0.9894546 59.99434280395508 64.08858489990234 79.0566635131836 83.04976654052734
dog 0.98542976 208.06912231445312 212.20010375976562 237.05044555664062 241.03033447265625
airplane 0.9853124 15.950180053710938 6.980225563049316 42.167701721191406 33.08617401123047
dog 0.98386884 144.202880859375 144.10626220703125 165.95126342773438 165.818115234375
frog 0.9795188 72.08779907226562 116.97917938232422 94.01902770996094 139.04100036621094
automobile 0.9478656 12.316539764404297 177.03541564941406 37.92569351196289 203.2513885498047
frog 0.9309015 62.10380935668945 22.01236915588379 77.96701049804688 37.934959411621094
dog 0.8957208 16.1683349609375 125.96455383300781 34.92488479614258 144.9838104248047
airplane 0.8736806 214.05517578125 1.7849016189575195 230.12939453125 18.12874984741211
ship 0.7258858 214.09075927734375 1.755417823791504 230.14288330078125 18.108375549316406
dog 0.32904834 56.00771713256836 152.1136016845703 75.24002075195312 171.0048370361328
ship 0.30930495 12.380773544311523 177.05262756347656 37.8836669921875 203.20457458496094
cat 0.2984625 16.1683349609375 125.96455383300781 34.92488479614258 144.9838104248047
deer 0.28799134 55.91250228881836 152.14596557617188 75.22465515136719 171.11593627929688
deer 0.28218752 16.142322540283203 126.0108642578125 34.934814453125 144.94692993164062
deer 0.26659656 62.05722427368164 22.037187576293945 77.84437561035156 37.92901611328125
frog 0.2512574 16.128860473632812 125.9295425415039 34.961090087890625 144.9488983154297
truck 0.21250638 16.142322540283203 126.0108642578125 34.934814453125 144.94692993164062
bird 0.20548347 16.049102783203125 125.93061065673828 35.02997970581055 144.93991088867188
dog 0.2029778 169.03480529785156 105.93034362792969 200.8562774658203 138.03421020507812
