truck 0.9978864 17.072675704956055 11.009696960449219 51.88922119140625 46.04865264892578
automobile 0.9978761 212.03271484375 66.04027557373047 233.94351196289062 87.9798812866211
automobile 0.99768686 189.99301147460938 190.051025390625 227.93756103515625 227.80722045898438
ship 0.9975705 190.00680541992188 141.04074096679688 215.94223022460938 166.93026733398438
deer 0.9972391 40.10417175292969 61.99497985839844 72.0289077758789 94.10035705566406
automobile 0.99643713 153.03395080566406 59.114593505859375 184.96604919433594 91.07351684570312
automobile 0.99568164 64.14842224121094 105.98131561279297 83.16476440429688 125.03829193115234
bird 0.9955927 25.002649307250977 109.06159210205078 57.04298400878906 141.31512451171875
bird 0.995465 80.1494140625 65.15348052978516 118.00494384765625 103.16162872314453
deer 0.9951532 204.1351318359375 108.14765930175781 235.88760375976562 140.00477600097656
automobile 0.99476814 127.00680541992188 180.5074005126953 158.90969848632812 212.9081573486328
truck 0.9946906 81.00216674804688 24.01898956298828 112.94700622558594 56.07991027832031
deer 0.9744293 36.01460647583008 142.8517608642578 65.0813217163086 172.04075622558594
dog 0.95027906 138.0275421142578 14.183887481689453 172.8608856201172 49.10629653930664
cat 0.8768095 73.18416595458984 165.072265625 101.88471221923828 194.06387329101562
cat 0.8432728 49.06106948852539 214.04066467285156 86.86752319335938 252.0802459716797
cat 0.8405 198.0396728515625 5.931633949279785 217.00814819335938 25.02782440185547
frog 0.8228141 35.18157958984375 173.27313232421875 69.98190307617188 207.8489990234375
truck 0.8074342 122.09013366699219 112.18287658691406 156.96253967285156 147.12925720214844
dog 0.6857902 73.22696685791016 164.99583435058594 101.8714370727539 194.02964782714844
deer 0.65272504 35.18157958984375 173.27313232421875 69.98190307617188 207.8489990234375
frog 0.6310347 49.134544372558594 214.02304077148438 86.98929595947266 252.06231689453125
deer 0.45798317 198.01315307617188 6.038243293762207 217.01998901367188 24.997455596923828
truck 0.35178596 198.03384399414062 6.007433891296387 216.97238159179688 25.01079559326172
