frog 0.9976312 213.91506958007812 117.99697875976562 240.08526611328125 143.96978759765625
automobile 0.997367 138.03872680664062 196.96685791015625 160.05245971679688 219.09933471679688
automobile 0.99652237 210.05577087402344 60.159515380859375 242.17442321777344 91.8060302734375
deer 0.9956958 18.146846771240234 184.14369201660156 46.925846099853516 213.01206970214844
ship 0.9939321 99.12074279785156 41.077964782714844 120.98147583007812 62.93431854248047
airplane 0.99374795 73.0560302734375 75.06427001953125 95.1014404296875 97.05253601074219
ship 0.9923662 99.93970489501953 83.8900146484375 126.3993911743164 109.82388305664062
bird 0.9812506 129.0588836669922 68.1546630859375 161.1094207763672 100.08865356445312
ship 0.9771018 97.00689697265625 209.10498046875 135.02490234375 247.88494873046875
airplane 0.97573423 24.027301788330078 105.10626983642578 61.97428512573242 143.02859497070312
cat 0.97506106 65.09469604492188 30.027875900268555 97.08595275878906 62.13627624511719
truck 0.9710525 200.02166748046875 93.09004974365234 218.92965698242188 111.94808197021484
cat 0.9436798 61.87681198120117 195.94595336914062 93.77197265625 227.94503784179688
truck 0.93528587 119.0293960571289 127.09442138671875 147.98403930664062 155.908935546875
bird 0.9089901 161.0419921875 32.08511734008789 183.12240600585938 54.06014633178711
automobile 0.8677511 162.03640747070312 207.15206909179688 193.9793701171875 238.98477172851562
frog 0.7488855 50.35298156738281 156.0207061767578 72.11852264404297 176.60887145996094
bird 0.5537439 61.915985107421875 196.0404510498047 93.74638366699219 228.0282440185547
frog 0.5403479 161.01028442382812 32.22751235961914 182.99905395507812 54.02408981323242
automobile 0.40416843 118.95177459716797 127.15040588378906 148.16375732421875 156.05690002441406
deer 0.36214864 50.299591064453125 155.96441650390625 71.98319244384766 176.68386840820312
airplane 0.3459779 161.01028442382812 32.22751235961914 182.99905395507812 54.02408981323242
dog 0.3270105 162.03640747070312 207.15206909179688 193.9793701171875 238.98477172851562
airplane 0.27877635 129.2245635986328 68.39985656738281 161.01512145996094 100.11940002441406
airplane 0.2726078 162.1644744873047 207.15647888183594 194.05516052246094 238.89036560058594
dog 0.26864338 97.02175903320312 208.5180206298828 134.83351135253906 247.9900360107422
frog 0.21511024 65.06615447998047 29.958736419677734 97.16260528564453 62.1549186706543
deer 0.20646015 161.0419921875 32.08511734008789 183.12240600585938 54.06014633178711
automobile 0.20444503 200.0046844482422 93.11367797851562 219.00526428222656 111.90315246582031
