airplane 0.9986925 52.982906341552734 73.12824249267578 82.03106689453125 102.02274322509766
frog 0.99855924 127.1844482421875 89.05487060546875 155.94894409179688 118.06024169921875
bird 0.9980768 196.00648498535156 51.04826354980469 225.00209045410156 80.04521179199219
ship 0.99730337 160.91311645507812 201.81576538085938 195.93392944335938 236.98550415039062
automobile 0.9952291 51.11111068725586 23.97716522216797 88.83261108398438 62.087257385253906
dog 0.9945458 20.276575088500977 102.90298461914062 52.188385009765625 134.9308319091797
truck 0.9942376 65.92198181152344 166.14065551757812 103.95486450195312 203.80233764648438
dog 0.99326336 159.11949157714844 164.94215393066406 194.1941375732422 200.47532653808594
automobile 0.9925958 5.952259063720703 51.949703216552734 40.99846267700195 87.02711486816406
dog 0.99176764 113.96971893310547 200.19285583496094 152.04541015625 237.96885681152344
airplane 0.9885224 86.77899932861328 106.42475891113281 112.95946502685547 132.0076446533203
frog 0.9846666 175.08071899414062 2.016145706176758 201.08294677734375 28.17745018005371
deer 0.96339 176.06492614746094 92.97310638427734 191.9264373779297 108.94129180908203
ship 0.94579136 167.03099060058594 130.05328369140625 189.03086853027344 151.70635986328125
ship 0.914944 120.95310974121094 140.0360870361328 155.95811462402344 174.8697052001953
truck 0.90036225 214.1261749267578 149.9691162109375 233.04222106933594 169.19937133789062
deer 0.89145285 93.1622543334961 23.99875259399414 109.01331329345703 39.975547790527344
dog 0.76708883 208.10719299316406 88.96000671386719 230.0071258544922 111.08363342285156
truck 0.64409876 139.0062255859375 59.12789535522461 158.006103515625 78.02372741699219
deer 0.63477314 83.93942260742188 83.11822509765625 105.96218872070312 104.95783996582031
cat 0.57272756 93.1622543334961 23.99875259399414 109.01331329345703 39.975547790527344
airplane 0.5203365 120.98735046386719 140.03573608398438 156.01148986816406 174.90310668945312
frog 0.3825136 83.93942260742188 83.11822509765625 105.96218872070312 104.95783996582031
bird 0.37784317 208.1138458251953 88.76251220703125 229.97718811035156 111.21311950683594
ship 0.35093534 139.0062255859375 59.12789535522461 158.006103515625 78.02372741699219
automobile 0.2936804 214.08726501464844 149.9978485107422 233.0288848876953 169.0527801513672
dog 0.29160553 93.10492706298828 23.936216354370117 109.0056381225586 40.03892517089844
truck 0.28578794 167.03099060058594 130.05328369140625 189.03086853027344 151.70635986328125
cat 0.28346393 176.10299682617188 92.92533874511719 191.88540649414062 108.98350524902344
bird 0.27616617 83.93942260742188 83.11822509765625 105.96218872070312 104.95783996582031
airplane 0.24463245 139.0292205810547 59.13240432739258 157.87327575683594 78.03611755371094
cat 0.21804973 66.00049591064453 166.11233520507812 104.05045318603516 203.9158935546875
ship 0.20404008 214.1131591796875 149.98043823242188 233.01309204101562 169.08963012695312
