truck 0.9985019 20.021209716796875 59.06113815307617 58.006500244140625 96.95866394042969
truck 0.9978242 68.14585876464844 71.85020446777344 100.04141235351562 103.87875366210938
automobile 0.9956393 174.01962280273438 190.8856964111328 208.95565795898438 226.1234588623047
dog 0.9947995 88.96949768066406 201.86557006835938 126.88612365722656 239.92922973632812
dog 0.99460614 80.18389129638672 160.11322021484375 98.97693634033203 179.05682373046875
deer 0.9941437 208.1287841796875 10.978179931640625 243.06240844726562 46.01046371459961
automobile 0.992279 85.24505615234375 18.254016876220703 117.12350463867188 49.936641693115234
frog 0.9917864 163.107177734375 43.09823989868164 194.95547485351562 75.00990295410156
deer 0.9818948 203.997314453125 151.14297485351562 241.92291259765625 188.70474243164062
frog 0.9463977 133.1197967529297 182.10606384277344 152.02198791503906 201.04380798339844
airplane 0.94087887 161.95458984375 147.28750610351562 197.15902709960938 181.98568725585938
deer 0.9284506 130.0644989013672 203.8292999267578 152.04051208496094 225.0476531982422
ship 0.9258715 17.07773208618164 119.984619140625 33.027042388916016 135.9638671875
ship 0.85692394 97.03643798828125 143.1363983154297 113.00241088867188 158.9098663330078
bird 0.6853775 26.225582122802734 201.12757873535156 52.17097854614258 227.0920867919922
airplane 0.6003311 17.07773208618164 119.984619140625 33.027042388916016 135.9638671875
bird 0.5907009 41.029361724853516 39.25175476074219 59.89985275268555 57.8140869140625
bird 0.5544382 109.13192749023438 85.07257080078125 138.0267791748047 113.98724365234375
frog 0.48963958 41.05059814453125 39.28815841674805 59.88905334472656 57.49686050415039
airplane 0.4639059 211.89332580566406 82.98841094970703 231.03163146972656 101.91585540771484
automobile 0.4512684 17.067649841308594 119.9912109375 32.99992370605469 136.00921630859375
cat 0.43902382 97.03643798828125 143.1363983154297 113.00241088867188 158.9098663330078
airplane 0.34381628 97.03643798828125 143.1363983154297 113.00241088867188 158.9098663330078
automobile 0.29792207 133.010498046875 182.12318420410156 151.94912719726562 201.0402069091797
truck 0.28095487 43.98621368408203 113.97779083251953 60.03956604003906 130.07423400878906
truck 0.27747202 97.05563354492188 143.11773681640625 113.04548645019531 158.90444946289062
deer 0.2759009 97.05563354492188 143.11773681640625 113.04548645019531 158.90444946289062
truck 0.25620827 16.990236282348633 120.00003051757812 32.9403076171875 136.04641723632812
deer 0.25544304 133.1197967529297 182.10606384277344 152.02198791503906 201.04380798339844
deer 0.22833273 161.9739532470703 147.231689453125 197.17063903808594 181.99591064453125
cat 0.21743983 26.225582122802734 201.12757873535156 52.17097854614258 227.0920867919922
ship 0.20236883 133.1197967529297 182.10606384277344 152.02198791503906 201.04380798339844
deer 0.20188719 16.990236282348633 120.00003051757812 32.9403076171875 136.04641723632812
