ship 0.99867857 72.08123779296875 64.12635803222656 101.12715148925781 92.95802307128906
truck 0.9982584 77.06767272949219 7.000518798828125 106.00296020507812 36.039764404296875
automobile 0.99806094 126.07201385498047 187.17039489746094 154.93923950195312 215.88771057128906
automobile 0.9979074 157.750732421875 178.01705932617188 177.04025268554688 197.0765380859375
truck 0.9972379 32.95172119140625 48.179664611816406 65.1109390258789 79.80667114257812
ship 0.9966812 39.07781219482422 8.119183540344238 61.05219268798828 30.275691986083984
automobile 0.99576163 214.002197265625 133.95863342285156 240.06057739257812 160.16957092285156
airplane 0.9845074 37.16522979736328 111.99254608154297 72.15861511230469 146.97076416015625
airplane 0.9843127 13.082745552062988 176.97116088867188 31.994937896728516 196.05438232421875
cat 0.9820691 170.00807189941406 85.775146484375 195.95774841308594 112.04969787597656
truck 0.9800521 105.03114318847656 146.20436096191406 124.16171264648438 165.11561584472656
cat 0.96722656 194.96539306640625 12.097822189331055 230.00759887695312 46.90422058105469
bird 0.9670994 104.99937438964844 70.12989807128906 139.88937377929688 105.16226196289062
truck 0.94044703 207.2278594970703 189.7712860107422 232.9762725830078 215.88832092285156
ship 0.9073096 99.01898193359375 179.96800231933594 120.99613952636719 202.02366638183594
cat 0.87714326 171.0552215576172 206.32313537597656 203.14207458496094 238.02561950683594
cat 0.84705466 214.05636596679688 69.04127502441406 243.0325927734375 98.02224731445312
airplane 0.63788927 105.09429931640625 146.27342224121094 124.0899658203125 165.06614685058594
airplane 0.63013566 99.03288269042969 179.7997589111328 120.94486999511719 201.33265686035156
automobile 0.61858433 207.2278594970703 189.7712860107422 232.9762725830078 215.88832092285156
bird 0.44105718 214.05636596679688 69.04127502441406 243.0325927734375 98.02224731445312
airplane 0.21927682 214.0469207763672 69.07978820800781 242.9965057373047 97.99650573730469
truck 0.20315313 99.03288269042969 179.7997589111328 120.94486999511719 201.33265686035156
