frog 0.99866676 144.9514617919922 115.00477600097656 173.8719024658203 143.8502960205078
automobile 0.9985621 27.08973503112793 116.05830383300781 48.88788604736328 137.97872924804688
frog 0.99756247 194.0506591796875 96.1833724975586 223.00582885742188 124.86011505126953
automobile 0.99732816 81.99149322509766 194.95606994628906 119.97945404052734 232.87818908691406
frog 0.996927 53.08314514160156 116.0428237915039 71.83242797851562 134.99807739257812
truck 0.99627805 28.01882553100586 53.98792266845703 57.02553939819336 83.32520294189453
automobile 0.9952626 152.87767028808594 77.80816650390625 188.0238800048828 112.81986999511719
truck 0.99514294 0.16646671295166016 195.022216796875 25.98415756225586 221.02914428710938
ship 0.99504423 152.99862670898438 4.930568695068359 185.00399780273438 37.29536056518555
dog 0.99055934 155.86724853515625 171.9918975830078 191.11114501953125 206.9873809814453
cat 0.98952675 78.10404205322266 143.06259155273438 113.06560516357422 177.94293212890625
ship 0.9888341 173.2734375 39.94782638549805 207.8365478515625 74.86293029785156
bird 0.98082304 42.05944061279297 168.18350219726562 76.94627380371094 203.01394653320312
frog 0.9636724 54.03221130371094 17.021499633789062 88.79154968261719 52.095054626464844
airplane 0.94572043 127.00584411621094 194.01666259765625 149.20484924316406 215.96490478515625
truck 0.93912905 197.93539428710938 176.1260223388672 220.03793334960938 198.0188446044922
deer 0.9356457 128.8955841064453 171.12158203125 150.9929656982422 193.27328491210938
cat 0.79856336 46.997314453125 211.92013549804688 63.038848876953125 228.10903930664062
cat 0.6884954 120.06424713134766 78.07014465332031 146.0657196044922 104.09896850585938
automobile 0.58801264 127.11823272705078 194.12353515625 149.05337524414062 215.74139404296875
truck 0.5781608 90.26190185546875 10.045788764953613 116.17842102050781 36.19783401489258
automobile 0.5269981 197.88351440429688 175.91229248046875 219.98892211914062 198.02243041992188
dog 0.43160957 47.04663848876953 211.93374633789062 63.023040771484375 228.02984619140625
ship 0.23632509 197.9708251953125 176.1131591796875 220.01220703125 198.05859375
frog 0.23479539 46.997314453125 211.92013549804688 63.038848876953125 228.10903930664062
