automobile 0.9987532 80.92362976074219 11.025811195373535 103.04710388183594 33.03612518310547
dog 0.9985686 142.9882049560547 201.08987426757812 175.1494903564453 232.8878173828125
bird 0.9972622 150.1683807373047 18.11784553527832 181.9236297607422 50.181915283203125
airplane 0.9972367 76.06222534179688 51.9873046875 98.12425231933594 74.03239440917969
airplane 0.99686456 184.96595764160156 162.05128479003906 214.07801818847656 191.03135681152344
frog 0.994793 32.92350387573242 201.09165954589844 55.059749603271484 223.0263214111328
frog 0.99252504 77.60958099365234 215.2750244140625 102.84342193603516 241.06698608398438
truck 0.9899768 205.04458618164062 206.09266662597656 227.00201416015625 228.0134735107422
deer 0.986955 86.01197814941406 125.12145233154297 108.06092834472656 147.21145629882812
dog 0.98437977 143.1053466796875 134.08563232421875 180.95394897460938 171.8431396484375
deer 0.94531894 32.9871826171875 75.92021179199219 71.09967041015625 114.02180480957031
automobile 0.84249496 12.158707618713379 203.1632080078125 31.111587524414062 221.9757080078125
truck 0.84177685 81.02243041992188 99.1193618774414 100.15242004394531 117.9175033569336
frog 0.8276111 183.4680633544922 27.166725158691406 208.84996032714844 52.85826873779297
ship 0.81944156 143.97198486328125 113.04745483398438 159.99978637695312 129.37721252441406
truck 0.80507284 144.05772399902344 113.05936431884766 159.93995666503906 129.34158325195312
deer 0.7771667 214.04417419433594 94.04228210449219 248.9500274658203 129.06483459472656
airplane 0.7333915 107.02991485595703 92.08058166503906 126.03136444091797 111.00663757324219
truck 0.697625 6.979656219482422 166.22442626953125 32.9290885925293 191.77487182617188
bird 0.6157737 106.93680572509766 92.08882141113281 126.02532196044922 110.98841857910156
frog 0.61560035 102.03899383544922 161.09051513671875 140.00885009765625 199.04544067382812
bird 0.60066056 155.01513671875 82.04763793945312 176.94638061523438 104.04998779296875
bird 0.49460146 102.04226684570312 161.20004272460938 140.12786865234375 199.1417236328125
frog 0.4832457 81.0215835571289 99.01049041748047 100.18029022216797 117.91423797607422
dog 0.46291298 155.09942626953125 82.04075622558594 176.86044311523438 104.01994323730469
automobile 0.39630407 81.02243041992188 99.1193618774414 100.15242004394531 117.9175033569336
deer 0.36968124 102.04582214355469 161.15396118164062 140.145263671875 199.01776123046875
deer 0.30431122 107.02991485595703 92.08058166503906 126.03136444091797 111.00663757324219
automobile 0.21502757 6.968762397766113 166.24514770507812 33.01274871826172 191.83026123046875
ship 0.20815358 107.02991485595703 92.08058166503906 126.03136444091797 111.00663757324219
