cat 0.9989496 124.03167724609375 62.28430938720703 152.87420654296875 91.06749725341797
frog 0.99777293 60.964378356933594 208.92898559570312 87.2330551147461 234.86068725585938
truck 0.99771667 200.03353881835938 135.09971618652344 221.96420288085938 156.66566467285156
ship 0.99672484 191.0509490966797 87.07059478759766 216.82337951660156 112.89112091064453
airplane 0.9956747 111.11981964111328 200.8027801513672 142.91944885253906 232.93736267089844
airplane 0.9956194 88.03312683105469 1.2535934448242188 126.12625122070312 39.16582489013672
deer 0.99437857 101.08653259277344 128.0804443359375 132.86105346679688 159.99676513671875
automobile 0.9940868 155.05995178222656 30.08454704284668 190.09645080566406 65.04542541503906
dog 0.9926224 78.15360260009766 93.89791107177734 97.06531524658203 112.9433822631836
automobile 0.9863645 4.991755485534668 183.10845947265625 34.04534912109375 211.87777709960938
truck 0.9197676 163.19943237304688 73.93103790283203 189.21060180664062 99.97940826416016
cat 0.910758 96.03089141845703 167.85443115234375 125.15811920166016 197.14776611328125
dog 0.89038634 186.9951171875 157.9839630126953 219.06103515625 190.10508728027344
frog 0.8579279 4.030008316040039 34.08285140991211 42.0341796875 72.16069030761719
frog 0.8515723 212.10816955566406 211.056640625 230.96556091308594 229.9620361328125
airplane 0.7636764 37.0597038269043 99.0542984008789 58.94803237915039 121.0128402709961
deer 0.6726981 133.88571166992188 125.059814453125 171.95516967773438 162.83944702148438
airplane 0.62074476 150.97520446777344 196.11830139160156 188.9336700439453 234.0480499267578
dog 0.56718445 134.28419494628906 125.13827514648438 171.93824768066406 162.9266357421875
truck 0.48046798 37.07063293457031 99.03770446777344 58.93505859375 120.93522644042969
bird 0.42926896 150.900146484375 196.31126403808594 188.91659545898438 234.01182556152344
cat 0.31556603 4.109722137451172 34.50349426269531 42.05622100830078 71.9527359008789
automobile 0.30688262 37.07063293457031 99.03770446777344 58.93505859375 120.93522644042969
cat 0.2988482 212.10537719726562 211.03956604003906 231.0146484375 230.0064239501953
deer 0.29518908 187.0189971923828 157.99673461914062 219.04026794433594 189.85107421875
bird 0.29478902 4.109722137451172 34.50349426269531 42.05622100830078 71.9527359008789
ship 0.28776163 151.1376495361328 196.419677734375 189.35264587402344 233.82794189453125
deer 0.2870465 4.109722137451172 34.50349426269531 42.05622100830078 71.9527359008789
bird 0.26509473 212.10537719726562 211.03956604003906 231.0146484375 230.0064239501953
frog 0.26147467 133.80441284179688 124.97117614746094 172.09320068359375 163.00563049316406
cat 0.20766014 186.97593688964844 157.87017822265625 219.05894470214844 190.12594604492188
