automobile 0.9987408 87.2585678100586 117.01719665527344 119.01607513427734 149.1310577392578
truck 0.9975896 55.046016693115234 50.06580352783203 86.96543884277344 81.96086883544922
truck 0.9966996 26.03531837463379 103.04499053955078 60.830841064453125 138.00765991210938
frog 0.9965373 152.88868713378906 100.83644104003906 171.9969940185547 119.98115539550781
ship 0.9959995 188.94918823242188 23.984285354614258 226.995361328125 62.15460205078125
cat 0.9953437 135.9718017578125 15.084593772888184 168.01565551757812 46.874961853027344
automobile 0.99477345 197.97897338867188 176.06668090820312 229.97018432617188 207.952880859375
automobile 0.9944644 126.05838775634766 214.1141357421875 151.9376983642578 240.05032348632812
truck 0.9933742 99.93708038330078 155.14068603515625 125.54503631591797 181.12673950195312
truck 0.9930527 72.04491424560547 9.050192832946777 94.04290008544922 31.07791519165039
bird 0.9900121 21.03160858154297 178.01792907714844 55.935455322265625 213.30628967285156
dog 0.9609009 131.09295654296875 124.04237365722656 159.98355102539062 153.05311584472656
ship 0.9554014 208.9792022705078 86.04325866699219 235.03541564941406 112.05743408203125
automobile 0.94150305 9.931468963623047 53.93406677246094 42.17055892944336 86.22373962402344
automobile 0.8624934 10.939264297485352 215.77845764160156 42.99476623535156 248.22377014160156
deer 0.8440821 130.27658081054688 166.01235961914062 168.14596557617188 203.94363403320312
deer 0.79330367 73.992431640625 195.96653747558594 112.2054443359375 233.99351501464844
ship 0.7699239 10.923603057861328 215.92684936523438 42.9257698059082 248.1976318359375
truck 0.64974344 9.931468963623047 53.93406677246094 42.17055892944336 86.22373962402344
airplane 0.34975317 130.31405639648438 166.01544189453125 168.33175659179688 203.89389038085938
dog 0.3462534 102.10151672363281 75.88249969482422 123.86311340332031 98.16931915283203
dog 0.32068145 74.10762023925781 195.88394165039062 112.41812133789062 233.66964721679688
airplane 0.31305847 9.965047836303711 53.90625 42.11628723144531 86.23512268066406
bird 0.30189723 130.31405639648438 166.01544189453125 168.33175659179688 203.89389038085938
airplane 0.28833705 102.0277328491211 76.04165649414062 124.0233383178711 98.03555297851562
ship 0.27436137 10.005868911743164 53.97144317626953 42.05225372314453 86.34795379638672
bird 0.24104452 208.97792053222656 86.12193298339844 235.09889221191406 112.21014404296875
frog 0.22999343 10.005868911743164 53.97144317626953 42.05225372314453 86.34795379638672
cat 0.20490956 74.10762023925781 195.88394165039062 112.41812133789062 233.66964721679688
truck 0.20281559 102.10151672363281 75.88249969482422 123.86311340332031 98.16931915283203
