bird 0.998983 42.15861511230469 175.8769073486328 70.9932632446289 204.86830139160156
frog 0.9980408 146.04345703125 81.055419921875 174.9573974609375 109.94395446777344
truck 0.9979561 73.05791473388672 142.05560302734375 98.94017791748047 167.98312377929688
airplane 0.996851 182.03868103027344 68.92506408691406 198.1698760986328 85.05413818359375
deer 0.9967381 120.06971740722656 204.12026977539062 152.0663299560547 235.94659423828125
deer 0.996232 48.108192443847656 11.126886367797852 86.04247283935547 49.09130096435547
automobile 0.99622643 116.04212951660156 110.98660278320312 154.1223602294922 148.95367431640625
bird 0.9949785 107.02509307861328 162.87893676757812 144.97705078125 200.98147583007812
ship 0.9946302 166.26406860351562 165.12875366210938 198.03167724609375 196.99594116210938
airplane 0.9939667 25.913564682006836 115.02320098876953 61.01404571533203 150.0137481689453
ship 0.9838826 7.005886077880859 8.090896606445312 44.85670471191406 45.96473693847656
airplane 0.982504 100.1902084350586 58.24658966064453 134.93240356445312 92.9945297241211
ship 0.9800849 114.02764892578125 19.798349380493164 130.06947326660156 36.155548095703125
dog 0.88189137 6.115983009338379 175.1103973388672 25.031047821044922 194.06114196777344
ship 0.8752554 41.087501525878906 83.81364440917969 57.03044128417969 99.83927917480469
frog 0.7797464 202.14303588867188 63.155029296875 236.9931640625 97.874755859375
bird 0.7561107 142.0637664794922 27.23824691772461 171.0280303955078 55.90998458862305
dog 0.6502531 201.18960571289062 174.0910186767578 232.81903076171875 206.18934631347656
automobile 0.4909933 41.087501525878906 83.81364440917969 57.03044128417969 99.83927917480469
bird 0.43108195 6.115983009338379 175.1103973388672 25.031047821044922 194.06114196777344
frog 0.29950207 142.0637664794922 27.23824691772461 171.0280303955078 55.90998458862305
deer 0.29839984 142.0637664794922 27.23824691772461 171.0280303955078 55.90998458862305
dog 0.29379869 202.14303588867188 63.155029296875 236.9931640625 97.874755859375
airplane 0.26644117 6.6857147216796875 8.259920120239258 44.98271942138672 46.301483154296875
truck 0.22575167 41.00711441040039 83.81432342529297 57.03432083129883 99.82108306884766
cat 0.22472292 202.14303588867188 63.155029296875 236.9931640625 97.874755859375
airplane 0.20709056 113.88788604736328 19.807308197021484 129.9696502685547 36.21260452270508
