truck 0.9994491 72.13289642333984 204.10894775390625 93.9404525756836 226.01425170898438
ship 0.99886197 166.99693298339844 9.019411087036133 193.0648956298828 35.11394500732422
frog 0.99864066 125.19390869140625 18.087020874023438 151.06491088867188 44.03724670410156
frog 0.9976202 85.20884704589844 129.91490173339844 107.05233764648438 152.0464630126953
frog 0.99758184 21.142784118652344 12.241769790649414 53.20037841796875 43.925132751464844
bird 0.99564576 190.91473388671875 162.04454040527344 228.92849731445312 199.8842010498047
bird 0.9945078 109.92330932617188 104.25896453857422 136.0083465576172 129.9679412841797
dog 0.9885084 61.14448547363281 24.02020263671875 99.0479736328125 62.080352783203125
dog 0.97854555 124.07152557373047 204.0797576904297 143.19764709472656 222.97862243652344
deer 0.9729128 0.7035369873046875 34.01136016845703 16.994964599609375 50.25298309326172
deer 0.96756774 146.0474853515625 165.04473876953125 183.9227294921875 202.98275756835938
frog 0.93092847 202.01467895507812 87.77946472167969 228.02249145507812 113.97476196289062
truck 0.9298456 207.09983825683594 31.097763061523438 241.99607849121094 66.08570861816406
truck 0.919415 16.10122299194336 60.11758041381836 51.02590560913086 94.99981689453125
truck 0.9050083 139.09091186523438 66.07063293457031 160.965576171875 88.00178527832031
ship 0.8736553 87.06314086914062 155.93045043945312 125.08966064453125 193.89224243164062
dog 0.81237113 172.0511016845703 42.98860168457031 190.9512176513672 62.01115417480469
automobile 0.80278814 53.97380065917969 124.0963363647461 72.9310302734375 143.0130615234375
frog 0.79319525 53.999176025390625 124.0816650390625 72.96858215332031 143.04034423828125
bird 0.53964645 202.01467895507812 87.77946472167969 228.02249145507812 113.97476196289062
dog 0.47577193 139.118896484375 66.03378295898438 160.92889404296875 87.846923828125
deer 0.45804211 12.183189392089844 97.86825561523438 47.02776336669922 132.97265625
bird 0.4331998 172.0701904296875 43.03797912597656 190.95535278320312 62.09320831298828
automobile 0.38388917 16.097043991088867 60.03566360473633 50.85157012939453 94.95845031738281
frog 0.38168997 0.7035369873046875 34.01136016845703 16.994964599609375 50.25298309326172
bird 0.23814556 86.94561004638672 156.00469970703125 124.90128326416016 193.86431884765625
automobile 0.21149924 207.0062255859375 31.149667739868164 242.04632568359375 65.98577117919922
