airplane 0.99923635 112.09418487548828 135.06985473632812 141.12025451660156 164.04623413085938
frog 0.9985756 75.18185424804688 195.17982482910156 107.05900573730469 227.02369689941406
ship 0.9983027 127.13385009765625 216.04080200195312 162.01156616210938 251.03582763671875
truck 0.9967867 39.99944305419922 19.285266876220703 66.04971313476562 44.66436767578125
truck 0.99624336 155.03390502929688 148.00823974609375 187.12506103515625 180.093505859375
frog 0.9929929 202.09454345703125 184.0684051513672 236.88153076171875 219.15135192871094
airplane 0.9922874 142.00424194335938 83.06396484375 176.95584106445312 118.15341186523438
airplane 0.9919641 96.03125 64.95295715332031 134.02334594726562 103.00906372070312
dog 0.9908794 5.114540100097656 189.2637939453125 40.09914779663086 224.1612548828125
automobile 0.990576 44.836727142333984 48.140098571777344 83.12185668945312 85.7602310180664
airplane 0.98909986 195.10983276367188 82.11293029785156 213.90811157226562 100.99586486816406
bird 0.9832001 200.06805419921875 129.06546020507812 219.08053588867188 148.00689697265625
airplane 0.981974 54.130943298339844 123.33698272705078 92.0160140991211 161.18963623046875
ship 0.9514178 27.07937240600586 113.02604675292969 49.059146881103516 135.13629150390625
truck 0.91365576 140.93324279785156 29.933006286621094 179.04908752441406 68.18560791015625
automobile 0.89985484 163.866943359375 201.0436553955078 185.98928833007812 222.9506378173828
ship 0.8756513 59.01988220214844 164.79344177246094 88.03016662597656 193.60826110839844
dog 0.8733542 163.88607788085938 200.92691040039062 186.02532958984375 222.84356689453125
airplane 0.8079951 105.01677703857422 41.09101867675781 121.01360321044922 57.06804656982422
frog 0.46738827 163.88607788085938 200.92691040039062 186.02532958984375 222.84356689453125
ship 0.39492178 141.0525360107422 30.078536987304688 178.99708557128906 67.87512969970703
ship 0.32466543 104.97119140625 41.12637710571289 120.98379516601562 57.085330963134766
bird 0.31888637 27.09256362915039 113.03123474121094 49.04275894165039 135.1872100830078
truck 0.2266258 58.990997314453125 164.8028564453125 87.88238525390625 193.56820678710938
bird 0.21704757 105.0274429321289 41.11381530761719 121.04595184326172 57.172119140625
