frog 0.99890196 168.9123077392578 163.7489013671875 200.95860290527344 196.00418090820312
airplane 0.99857724 50.11042404174805 162.03074645996094 76.0565185546875 187.9716033935547
automobile 0.99740887 147.90133666992188 94.98348999023438 180.12643432617188 126.87391662597656
automobile 0.99700975 209.05804443359375 33.02412414550781 244.06777954101562 67.81478881835938
deer 0.9964149 211.95455932617188 189.0710906982422 250.06527709960938 226.9127655029297
dog 0.99019885 152.94143676757812 129.8858642578125 185.06097412109375 162.07705688476562
bird 0.982787 195.01007080078125 124.08140563964844 220.94601440429688 150.1981658935547
cat 0.9807694 38.08623504638672 13.068181991577148 73.01154327392578 47.92015075683594
cat 0.9654248 53.14332580566406 92.12162780761719 79.05413818359375 117.92564392089844
bird 0.94814587 37.06428146362305 52.98484802246094 52.93666458129883 69.05054473876953
automobile 0.920606 117.90171813964844 163.08770751953125 134.06556701660156 179.03268432617188
truck 0.9026262 9.980186462402344 144.17532348632812 29.068740844726562 162.89816284179688
airplane 0.76011395 15.094300270080566 199.0852813720703 34.12022399902344 217.9807586669922
ship 0.7378641 176.0197296142578 6.991193771362305 198.0529327392578 28.853731155395508
cat 0.7211252 36.998634338378906 52.90664291381836 52.98731994628906 68.95838928222656
truck 0.7088197 20.081607818603516 93.1536636352539 36.06200408935547 108.9416732788086
automobile 0.69864094 19.998247146606445 93.11995697021484 36.0677490234375 108.94896697998047
cat 0.6465174 138.07565307617188 179.17335510253906 167.31365966796875 207.9707489013672
ship 0.63705814 117.92611694335938 163.13011169433594 134.13604736328125 179.0543975830078
cat 0.5871717 89.07447814941406 129.1315155029297 121.23291015625 161.00941467285156
airplane 0.54951185 176.1820526123047 6.963187217712402 197.8998565673828 28.852996826171875
frog 0.4592471 138.06427001953125 179.0555419921875 167.0721435546875 207.99761962890625
ship 0.44553766 36.998634338378906 52.90664291381836 52.98731994628906 68.95838928222656
dog 0.31085724 36.998634338378906 52.90664291381836 52.98731994628906 68.95838928222656
ship 0.30561215 53.12078094482422 92.16790771484375 78.9582748413086 118.0274658203125
airplane 0.2951411 37.005977630615234 52.901851654052734 52.95869064331055 69.02369689941406
ship 0.27979994 10.238845825195312 144.1332550048828 28.587890625 162.73219299316406
bird 0.2692565 138.02549743652344 179.1438751220703 167.09840393066406 208.1488800048828
frog 0.26870733 4.17716121673584 164.0615234375 22.64975357055664 182.72869873046875
automobile 0.2580564 176.1183319091797 6.976458549499512 198.04563903808594 28.851097106933594
deer 0.24970073 176.1820526123047 6.963187217712402 197.8998565673828 28.852996826171875
bird 0.24506426 4.17716121673584 164.0615234375 22.64975357055664 182.72869873046875
bird 0.23878887 176.1183319091797 6.976458549499512 198.04563903808594 28.851097106933594
deer 0.20924631 4.0251312255859375 164.0889434814453 22.973621368408203 182.96226501464844
frog 0.20217463 53.12078094482422 92.16790771484375 78.9582748413086 118.0274658203125
