automobile 0.99861586 32.05961990356445 202.05413818359375 61.111026763916016 230.96774291992188
bird 0.9983686 67.15789794921875 180.04054260253906 99.11862182617188 211.8710174560547
truck 0.9981204 208.92709350585938 215.14418029785156 241.04690551757812 247.19313049316406
automobile 0.9981134 158.8767547607422 34.008567810058594 191.06687927246094 66.0084228515625
bird 0.9980754 23.92755126953125 166.1378173828125 46.04462432861328 188.06497192382812
ship 0.99783915 123.10518646240234 89.00283813476562 160.97991943359375 126.97625732421875
frog 0.99714196 43.160255432128906 49.15576934814453 71.87367248535156 78.02220153808594
automobile 0.994957 126.03193664550781 41.002532958984375 144.99339294433594 60.005645751953125
airplane 0.9901893 180.92337036132812 177.0086669921875 207.07183837890625 203.03005981445312
automobile 0.9644631 104.1182861328125 29.10784149169922 123.08865356445312 47.990966796875
airplane 0.9624102 109.05572509765625 198.16400146484375 146.8934783935547 235.94183349609375
ship 0.9489261 191.10430908203125 155.0924530029297 207.01217651367188 171.0786895751953
deer 0.94017726 109.99891662597656 6.028498649597168 132.06161499023438 28.029857635498047
dog 0.88436866 156.9375762939453 192.15606689453125 179.08949279785156 213.8966064453125
frog 0.83758605 192.05662536621094 69.96514892578125 220.87913513183594 98.86062622070312
airplane 0.8207544 63.12293243408203 8.136396408081055 97.97847747802734 42.855125427246094
deer 0.8009703 63.06177520751953 8.10432243347168 97.91666412353516 42.99938201904297
dog 0.70971483 106.0420150756836 150.21435546875 141.1478271484375 185.01565551757812
bird 0.5488873 191.10430908203125 155.0924530029297 207.01217651367188 171.0786895751953
bird 0.5198711 105.93607330322266 150.17478942871094 140.9667205810547 185.18373107910156
cat 0.48806942 105.98207092285156 150.127685546875 141.10299682617188 185.1224365234375
cat 0.46483728 192.0287628173828 70.05717468261719 220.8026885986328 98.90281677246094
dog 0.38110644 191.10430908203125 155.0924530029297 207.01217651367188 171.0786895751953
truck 0.33442652 104.1182861328125 29.10784149169922 123.08865356445312 47.990966796875
bird 0.2745502 108.76609802246094 198.23873901367188 146.44139099121094 236.02828979492188
frog 0.2582005 157.0269317626953 192.1932373046875 178.9061737060547 213.89236450195312
airplane 0.24912068 126.03193664550781 41.002532958984375 144.99339294433594 60.005645751953125
automobile 0.21680453 191.13204956054688 155.107421875 207.00717163085938 171.06954956054688
