truck 0.99902016 94.04450988769531 184.9551239013672 129.20556640625 219.91590881347656
truck 0.9980079 11.20341682434082 7.080690383911133 48.99407196044922 44.93389129638672
automobile 0.9976615 49.04784393310547 71.07551574707031 67.97183227539062 90.01451110839844
cat 0.99561095 168.05575561523438 132.20384216308594 205.9979248046875 169.9038543701172
automobile 0.99462175 115.11408996582031 119.94706726074219 152.93687438964844 158.1414031982422
airplane 0.9934982 197.11070251464844 207.48243713378906 234.9599151611328 244.8760223388672
airplane 0.99308336 164.0714111328125 62.04244613647461 182.98715209960938 81.03337097167969
cat 0.9914695 29.883039474487305 111.22614288330078 58.94721984863281 139.8449249267578
bird 0.9889365 39.96202087402344 162.04136657714844 61.969635009765625 184.0265350341797
airplane 0.98468983 147.06951904296875 21.04610252380371 182.15670776367188 55.99620819091797
frog 0.9826335 22.04952621459961 214.1402130126953 56.92574691772461 248.7373809814453
deer 0.9445003 192.1206817626953 104.94630432128906 214.0920867919922 127.19845581054688
dog 0.9357288 12.026702880859375 66.02954864501953 31.03390121459961 84.91545867919922
dog 0.73909116 51.240257263183594 21.044897079467773 83.00995635986328 53.169532775878906
ship 0.7288585 83.11266326904297 68.97440338134766 102.01074981689453 87.8820571899414
cat 0.60610783 51.36448287963867 21.155231475830078 82.9731674194336 52.97310256958008
frog 0.5255188 137.05494689941406 215.00257873535156 155.9923553466797 233.9202117919922
dog 0.4402622 83.07090759277344 68.94223022460938 102.11341857910156 87.86097717285156
cat 0.34187627 83.11266326904297 68.97440338134766 102.01074981689453 87.8820571899414
bird 0.26179382 137.01776123046875 215.01409912109375 156.01873779296875 233.960205078125
bird 0.24205041 192.04917907714844 104.87586212158203 213.8645782470703 127.12801361083984
deer 0.21617237 137.02540588378906 215.10769653320312 156.0430145263672 234.00637817382812
