ship 0.99838036 152.02059936523438 73.98280334472656 171.03668212890625 92.96846008300781
ship 0.99791884 40.97014617919922 4.045649528503418 59.98756408691406 23.04409408569336
ship 0.997282 205.1297149658203 108.16790771484375 236.8781280517578 139.91270446777344
ship 0.99610484 201.1354522705078 59.120887756347656 227.0907745361328 85.05594635009766
truck 0.9958633 176.90396118164062 75.06734466552734 193.08932495117188 91.10321807861328
dog 0.994856 24.23979949951172 163.08871459960938 49.941078186035156 189.2032470703125
dog 0.99267876 88.9842529296875 115.12564086914062 108.11408996582031 134.02166748046875
dog 0.99200296 23.978601455688477 194.03468322753906 45.998931884765625 216.0157928466797
deer 0.9906039 54.928924560546875 181.05221557617188 80.92507934570312 206.97845458984375
frog 0.99041736 101.13508605957031 11.07961654663086 133.0262451171875 42.87671661376953
truck 0.9886106 107.975341796875 169.1331787109375 143.01840209960938 204.02700805664062
frog 0.9857908 50.187225341796875 213.2123565673828 88.02583312988281 250.96974182128906
dog 0.9776684 47.14892578125 87.92146301269531 68.99320220947266 110.05760192871094
bird 0.97482467 186.98568725585938 167.11534118652344 209.1412353515625 189.01219177246094
automobile 0.9673928 15.221931457519531 40.129730224609375 50.02281188964844 74.90937805175781
deer 0.86933297 99.05020141601562 50.135650634765625 117.80972290039062 69.00413513183594
bird 0.866169 162.1051788330078 97.1484375 187.93519592285156 122.89512634277344
ship 0.84643984 174.18128967285156 12.123905181884766 206.22679138183594 44.046077728271484
cat 0.6912687 78.61740112304688 151.58908081054688 101.66571044921875 175.01870727539062
cat 0.5598376 24.278871536254883 85.0760498046875 43.939125061035156 109.02420043945312
frog 0.4453141 162.1051788330078 97.1484375 187.93519592285156 122.89512634277344
dog 0.40930748 78.55693817138672 151.427978515625 101.51956939697266 174.93634033203125
cat 0.37265223 99.05020141601562 50.135650634765625 117.80972290039062 69.00413513183594
truck 0.34109676 99.05020141601562 50.135650634765625 117.80972290039062 69.00413513183594
cat 0.23011616 101.07146453857422 11.042305946350098 132.9063720703125 42.90959548950195
deer 0.20989978 176.82273864746094 75.03504180908203 193.0884552001953 91.08959197998047
ship 0.2027913 176.82273864746094 75.03504180908203 193.0884552001953 91.08959197998047
