truck 0.99803925 170.08323669433594 55.93312454223633 204.99388122558594 91.17449951171875
airplane 0.9972948 146.02407836914062 33.065181732177734 167.88095092773438 55.11539077758789
ship 0.997205 108.97967529296875 172.09901428222656 140.97315979003906 204.0574188232422
airplane 0.9958263 213.02943420410156 64.03661346435547 245.09498596191406 96.0254898071289
automobile 0.9944799 12.98792839050293 154.76869201660156 47.826866149902344 189.86012268066406
cat 0.99433506 148.85130310058594 213.08482360839844 183.9137420654297 248.1696319580078
airplane 0.9916764 171.96551513671875 7.975549697875977 210.16287231445312 45.96289825439453
frog 0.9896638 191.11672973632812 111.9128189086914 229.03890991210938 149.99290466308594
cat 0.97886205 7.878878593444824 21.087369918823242 36.969276428222656 49.92457580566406
dog 0.926041 189.96986389160156 201.12448120117188 211.98756408691406 223.04690551757812
ship 0.8788537 57.987083435058594 208.0939483642578 93.08612823486328 242.93592834472656
truck 0.8677316 58.0597038269043 208.04148864746094 93.02885437011719 243.00904846191406
bird 0.8561821 23.126008987426758 94.13292694091797 42.08164978027344 112.9335708618164
deer 0.7302952 65.00468444824219 98.22305297851562 91.14910888671875 124.08454895019531
bird 0.6095741 27.21257781982422 122.05146789550781 56.065826416015625 151.0696258544922
deer 0.4987651 56.87542724609375 162.86305236816406 91.93284606933594 197.8570098876953
dog 0.30527055 27.21257781982422 122.05146789550781 56.065826416015625 151.0696258544922
truck 0.30151826 190.10398864746094 201.12107849121094 212.0281219482422 222.86241149902344
bird 0.27928495 64.91915893554688 98.21003723144531 91.10469055175781 124.14431762695312
cat 0.27390954 64.91915893554688 98.21003723144531 91.10469055175781 124.14431762695312
