frog 0.9983194 55.99346923828125 93.18695068359375 84.9951171875 121.98393249511719
automobile 0.9976975 66.06794738769531 161.0498504638672 92.07533264160156 186.95887756347656
airplane 0.9975794 48.12361145019531 52.007164001464844 76.98030090332031 81.04865264892578
truck 0.9974586 172.02093505859375 162.08563232421875 194.03164672851562 184.01470947265625
frog 0.99720025 138.0015106201172 0.8440380096435547 170.1871795654297 33.15123748779297
airplane 0.9968312 9.122171401977539 28.07675552368164 47.21593475341797 66.03775024414062
airplane 0.9964814 151.04092407226562 98.05438232421875 170.05563354492188 116.82768249511719
airplane 0.9961578 16.90837860107422 87.02101135253906 42.95416259765625 112.80162048339844
automobile 0.9938946 6.046468734741211 216.13739013671875 44.02672576904297 254.35943603515625
truck 0.99117815 97.0193099975586 196.8589324951172 125.98381805419922 226.04417419433594
cat 0.9908407 94.09115600585938 81.00494384765625 119.87841796875 106.83424377441406
automobile 0.98592085 128.8768768310547 146.05816650390625 155.0264434814453 171.99716186523438
dog 0.96548164 123.12234497070312 37.03635787963867 141.95098876953125 56.105342864990234
dog 0.9628732 165.0196075439453 206.8502655029297 194.19996643066406 236.03187561035156
bird 0.9555756 80.14669799804688 15.960550308227539 105.99809265136719 41.90435791015625
bird 0.9407106 96.18397521972656 158.13363647460938 117.88215637207031 180.0579833984375
ship 0.9253341 201.0681915283203 144.01589965820312 220.0141143798828 163.01998901367188
deer 0.6745406 80.00972747802734 16.118196487426758 105.88947296142578 41.793312072753906
cat 0.5257552 102.9972915649414 121.02098846435547 119.07337188720703 137.0227813720703
airplane 0.52371126 23.955907821655273 114.29161071777344 43.02388000488281 132.8937225341797
airplane 0.45472848 102.87686157226562 120.93846130371094 119.07757568359375 137.03721618652344
cat 0.33745888 96.16093444824219 158.0861053466797 117.83084106445312 180.03907775878906
deer 0.32364708 23.955907821655273 114.29161071777344 43.02388000488281 132.8937225341797
automobile 0.31326813 201.1094970703125 144.08834838867188 220.08935546875 163.07785034179688
bird 0.22477672 24.04454803466797 114.0724105834961 43.17120361328125 132.92855834960938
deer 0.21097073 102.89205932617188 120.97128295898438 118.983642578125 137.07687377929688
