airplane 0.99916565 92.8343734741211 85.98967742919922 122.06705474853516 115.24767303466797
bird 0.99851555 54.956031799316406 13.91092300415039 83.96002960205078 42.992767333984375
cat 0.9976155 64.0237045288086 67.04029083251953 90.0468521118164 93.05338287353516
airplane 0.99719715 91.06966400146484 132.05348205566406 112.99628448486328 153.99183654785156
ship 0.99444395 212.04090881347656 90.2422103881836 237.9248809814453 116.11417388916016
bird 0.99176794 193.04209899902344 163.99183654785156 225.05747985839844 196.04566955566406
airplane 0.9893737 200.01158142089844 54.0333137512207 235.15589904785156 88.94377136230469
ship 0.9882097 185.15615844726562 12.043256759643555 216.99520874023438 44.11006164550781
dog 0.98785263 12.929950714111328 209.07723999023438 51.20784378051758 247.30548095703125
dog 0.98619515 173.11343383789062 109.7831039428711 201.9356689453125 138.03758239746094
truck 0.9833901 116.94271850585938 45.23443603515625 146.06500244140625 74.01831817626953
deer 0.94897044 20.025108337402344 170.0936279296875 49.17693328857422 198.87908935546875
bird 0.94433707 78.93938446044922 191.1018524169922 111.26305389404297 223.09498596191406
deer 0.92860067 7.987977981567383 57.0496940612793 46.01164245605469 94.60914611816406
bird 0.9114629 129.00038146972656 199.13912963867188 147.9975128173828 217.96429443359375
automobile 0.8635162 23.09691047668457 96.20384216308594 58.239013671875 131.0022735595703
bird 0.72075284 163.08306884765625 54.78821563720703 195.25619506835938 86.22710418701172
cat 0.65892303 121.14471435546875 151.0226593017578 150.14544677734375 179.92933654785156
dog 0.6277851 121.10688781738281 150.99249267578125 150.0775604248047 180.0299072265625
ship 0.6259378 121.10688781738281 150.99249267578125 150.0775604248047 180.0299072265625
airplane 0.5632068 79.01560974121094 191.04132080078125 111.13966369628906 223.16488647460938
truck 0.55310374 22.995718002319336 96.246337890625 58.27403259277344 131.1497344970703
ship 0.5176953 128.99911499023438 199.20143127441406 148.04818725585938 217.9476776123047
dog 0.4985919 211.16246032714844 122.05616760253906 236.97349548339844 148.15159606933594
frog 0.40124863 163.12831115722656 54.83018493652344 195.25315856933594 86.06336975097656
ship 0.39751762 211.2183837890625 122.18949890136719 236.99972534179688 148.1388397216797
truck 0.3161332 211.2206573486328 122.14070129394531 236.90406799316406 148.1434783935547
airplane 0.28404412 163.12831115722656 54.83018493652344 195.25315856933594 86.06336975097656
deer 0.22289765 163.08306884765625 54.78821563720703 195.25619506835938 86.22710418701172
frog 0.20837423 79.01658630371094 190.9742431640625 111.18572998046875 223.10174560546875
deer 0.20006013 193.11094665527344 163.99270629882812 225.07456970214844 196.135986328125
