frog 0.9994104 157.33145141601562 28.008607864379883 186.02542114257812 56.97167205810547
ship 0.99888146 91.91732025146484 147.11279296875 118.0607681274414 173.0184326171875
airplane 0.99755466 33.03474807739258 149.11753845214844 61.95878982543945 177.9978485107422
automobile 0.99730945 192.87567138671875 161.955078125 222.02365112304688 190.80868530273438
automobile 0.99688816 84.99935913085938 67.08769226074219 107.03802490234375 89.03147888183594
truck 0.9961169 126.0716552734375 95.41661834716797 158.01290893554688 127.04813385009766
frog 0.9952061 54.060638427734375 121.95894622802734 73.08003997802734 141.01185607910156
automobile 0.99457717 135.07290649414062 191.9947509765625 154.00689697265625 211.06512451171875
airplane 0.9911759 141.09495544433594 135.98477172851562 178.97547912597656 174.03054809570312
airplane 0.9908798 95.97581481933594 25.101102828979492 133.98377990722656 63.31468200683594
automobile 0.9872124 129.91761779785156 77.8635025024414 145.9838409423828 93.56974029541016
frog 0.98570335 111.09330749511719 195.09934997558594 133.00880432128906 216.9706268310547
automobile 0.98298734 33.18999481201172 184.20635986328125 65.3281021118164 215.65042114257812
ship 0.96462405 58.0584716796875 91.13172149658203 79.96014404296875 113.13089752197266
cat 0.9341068 89.00065612792969 115.15653991699219 111.19465637207031 137.06829833984375
airplane 0.856996 135.9282989501953 15.989087104797363 155.09986877441406 34.96760940551758
truck 0.8284412 193.992919921875 60.164066314697266 228.94381713867188 95.025146484375
airplane 0.80563104 180.02442932128906 131.08079528808594 198.99107360839844 149.8607635498047
dog 0.7459272 53.03868865966797 70.94003295898438 68.88211822509766 87.15437316894531
cat 0.73071307 63.11594772338867 21.05718421936035 94.73385620117188 52.975128173828125
ship 0.5893394 135.9282989501953 15.989087104797363 155.09986877441406 34.96760940551758
ship 0.44942284 129.91761779785156 77.8635025024414 145.9838409423828 93.56974029541016
automobile 0.44359702 58.207244873046875 91.1736831665039 80.02583312988281 112.99344635009766
dog 0.4066039 63.11594772338867 21.05718421936035 94.73385620117188 52.975128173828125
frog 0.3645416 53.0039176940918 70.97608184814453 68.88976287841797 87.29608917236328
frog 0.35315013 63.055870056152344 21.112945556640625 94.7911148071289 53.01585388183594
cat 0.34706885 53.0039176940918 70.97608184814453 68.88976287841797 87.29608917236328
truck 0.34151828 53.03868865966797 70.94003295898438 68.88211822509766 87.15437316894531
truck 0.28919232 129.9373321533203 77.8542251586914 145.9980010986328 93.59114837646484
airplane 0.24398905 63.11594772338867 21.05718421936035 94.73385620117188 52.975128173828125
frog 0.23061767 194.0015106201172 60.12757110595703 228.95323181152344 95.13631439208984
bird 0.22997561 63.11594772338867 21.05718421936035 94.73385620117188 52.975128173828125
frog 0.22905597 89.04104614257812 115.11524963378906 111.09539794921875 137.12998962402344
dog 0.2246835 89.04104614257812 115.11524963378906 111.09539794921875 137.12998962402344
ship 0.22246936 180.143798828125 131.22630310058594 198.87673950195312 149.62937927246094
