frog 0.99898565 125.93217468261719 99.1407699584961 154.9202117919922 128.0630340576172
truck 0.9984589 103.19099426269531 211.89002990722656 131.9685516357422 240.96604919433594
automobile 0.998253 148.0096893310547 160.12132263183594 186.2274932861328 198.2144317626953
airplane 0.9978082 191.17477416992188 194.89743041992188 220.03033447265625 224.03524780273438
automobile 0.99443716 79.13036346435547 109.3373794555664 117.04369354248047 147.01547241210938
truck 0.9938206 24.0324649810791 28.96785545349121 59.02405548095703 64.03678131103516
truck 0.992671 6.086804389953613 94.04855346679688 35.158363342285156 122.88046264648438
truck 0.9900496 171.3148193359375 19.933517456054688 190.03765869140625 38.956207275390625
frog 0.9879333 84.16111755371094 67.27406311035156 118.98011779785156 102.05363464355469
deer 0.9815326 95.1275405883789 11.976125717163086 130.22821044921875 46.91527557373047
deer 0.97784007 144.95191955566406 130.96768188476562 164.04124450683594 149.98046875
frog 0.9196552 3.006540298461914 193.96511840820312 19.023691177368164 210.00384521484375
ship 0.8700175 206.9123077392578 35.17987823486328 245.0784149169922 72.89866638183594
automobile 0.75195193 207.00933837890625 35.187705993652344 245.025390625 72.93732452392578
bird 0.61538595 135.32241821289062 17.213504791259766 170.10116577148438 52.12154769897461
frog 0.5942376 123.18328857421875 168.1534423828125 144.80587768554688 189.9837646484375
bird 0.4818548 123.08938598632812 168.18502807617188 144.95706176757812 190.03152465820312
cat 0.47214082 193.13182067871094 169.10723876953125 209.01991271972656 184.98355102539062
dog 0.45717034 135.32241821289062 17.213504791259766 170.10116577148438 52.12154769897461
deer 0.40666753 193.1624298095703 169.12498474121094 208.9663848876953 185.1325225830078
deer 0.325947 3.006540298461914 193.96511840820312 19.023691177368164 210.00384521484375
truck 0.2756142 3.006540298461914 193.96511840820312 19.023691177368164 210.00384521484375
cat 0.27476025 3.006540298461914 193.96511840820312 19.023691177368164 210.00384521484375
airplane 0.26414502 171.3148193359375 19.933517456054688 190.03765869140625 38.956207275390625
dog 0.25747642 193.07688903808594 169.07118225097656 209.08558654785156 185.05870056152344
automobile 0.24333915 2.9602537155151367 193.86456298828125 19.00732421875 210.03707885742188
cat 0.23790827 123.16303253173828 168.06906127929688 144.77801513671875 190.06942749023438
