frog 0.99739826 122.89002990722656 2.1785964965820312 155.1074676513672 33.92414093017578
automobile 0.9967093 20.967947006225586 175.15904235839844 55.930458068847656 210.0309600830078
cat 0.99560845 60.06148147583008 216.1510009765625 82.17948913574219 238.08590698242188
automobile 0.99545807 85.86091613769531 13.176220893859863 115.02250671386719 42.08760070800781
truck 0.99507916 122.08818817138672 61.95000076293945 143.7814483642578 84.14167785644531
automobile 0.99428034 122.05718994140625 86.74028015136719 151.08132934570312 116.07218933105469
bird 0.9940921 171.1656036376953 200.11917114257812 197.04554748535156 226.02706909179688
frog 0.9929625 205.22152709960938 164.032470703125 240.11709594726562 198.91586303710938
truck 0.98880744 13.083706855773926 92.14160919189453 45.05546951293945 123.8972396850586
frog 0.9871291 157.06092834472656 64.96858978271484 194.9827117919922 103.11772918701172
deer 0.9870381 166.05474853515625 140.15435791015625 203.7579345703125 177.71841430664062
airplane 0.9762401 46.22575378417969 13.904596328735352 80.953125 49.127357482910156
airplane 0.9383887 213.87147521972656 12.061809539794922 243.0266876220703 39.0969123840332
cat 0.87200665 171.01744079589844 114.94159698486328 186.98390197753906 130.935791015625
dog 0.8123828 162.91302490234375 35.033390045166016 179.01901245117188 51.08784103393555
airplane 0.72478724 136.04502868652344 187.3043975830078 161.96290588378906 212.9837188720703
ship 0.72207355 136.04502868652344 187.3043975830078 161.96290588378906 212.9837188720703
dog 0.59126514 171.01744079589844 114.94159698486328 186.98390197753906 130.935791015625
dog 0.5725764 211.0028076171875 109.73590087890625 233.08694458007812 132.05215454101562
airplane 0.41466203 70.9087905883789 76.01945495605469 90.10150909423828 94.98805236816406
truck 0.37704092 136.04502868652344 187.3043975830078 161.96290588378906 212.9837188720703
truck 0.22430268 162.9298095703125 34.96841812133789 179.01544189453125 51.06209182739258
deer 0.20640558 70.83082580566406 76.03260803222656 90.07191467285156 94.80928039550781
