ship 0.9975337 31.95612335205078 46.09312057495117 63.81958770751953 78.01924896240234
automobile 0.99712193 178.11734008789062 6.988908767700195 213.0096435546875 42.165565490722656
ship 0.997042 144.03857421875 182.97616577148438 182.01278686523438 220.9405517578125
automobile 0.9962481 86.9887466430664 86.18202209472656 122.02144622802734 121.02540588378906
bird 0.99603236 165.0227508544922 142.08999633789062 186.9260711669922 164.0927734375
bird 0.9957527 124.06675720214844 60.16770935058594 162.0110626220703 97.94923400878906
truck 0.9956174 20.990867614746094 210.0530548095703 47.06083679199219 235.9498748779297
airplane 0.99536717 187.9308319091797 174.16978454589844 226.0034637451172 212.13539123535156
bird 0.9948683 15.976990699768066 10.926904678344727 42.31566619873047 36.87114715576172
truck 0.9899323 179.984130859375 100.24819946289062 217.88113403320312 137.91741943359375
bird 0.98377085 13.041585922241211 82.09677124023438 31.99796485900879 100.96876525878906
dog 0.9793784 113.12059020996094 122.20281219482422 151.0165557861328 160.0854034423828
automobile 0.972491 86.04194641113281 177.0532684326172 108.08189392089844 199.01844787597656
airplane 0.9652673 34.00434112548828 131.05953979492188 56.030418395996094 152.98590087890625
cat 0.92936194 71.09070587158203 136.1000518798828 109.10379791259766 174.0298614501953
deer 0.79560137 44.101356506347656 85.996826171875 78.8573226928711 120.78543090820312
ship 0.7425969 55.112064361572266 10.076457977294922 84.09738159179688 39.08058547973633
airplane 0.69771785 55.221649169921875 10.083559036254883 84.06474304199219 39.068748474121094
cat 0.50770843 194.19322204589844 55.996971130371094 228.9750213623047 91.10826873779297
dog 0.42290178 194.19322204589844 55.996971130371094 228.9750213623047 91.10826873779297
deer 0.41837257 194.2021942138672 56.0419807434082 228.98204040527344 91.10560607910156
ship 0.3712228 85.92386627197266 176.94528198242188 107.91568756103516 199.00131225585938
automobile 0.35863686 34.04544448852539 131.09716796875 56.155338287353516 152.97793579101562
bird 0.30402035 194.19322204589844 55.996971130371094 228.9750213623047 91.10826873779297
cat 0.29326454 44.101356506347656 85.996826171875 78.8573226928711 120.78543090820312
bird 0.24568763 70.7750473022461 135.87591552734375 108.8063735961914 175.06689453125
frog 0.2264969 194.2021942138672 56.0419807434082 228.98204040527344 91.10560607910156
