ship 0.9993769 137.08030700683594 58.95590591430664 166.01121520996094 87.84253692626953
ship 0.99921304 80.9500732421875 109.00526428222656 102.97694396972656 130.98306274414062
automobile 0.9982444 41.895896911621094 74.94776153564453 74.06999969482422 107.08788299560547
automobile 0.99737895 191.0381317138672 156.12066650390625 222.9383087158203 188.00390625
airplane 0.9946893 56.00728225708008 198.03836059570312 75.03346252441406 217.01071166992188
deer 0.9906466 173.0037841796875 75.93168640136719 211.10171508789062 114.02703857421875
dog 0.9896357 88.24787902832031 27.08218765258789 125.85331726074219 64.96356201171875
frog 0.9664134 113.00770568847656 109.09552764892578 148.0447540283203 144.09954833984375
bird 0.9650157 160.92691040039062 177.1354522705078 189.98583984375 206.18272399902344
frog 0.8362043 158.1090087890625 19.347858428955078 184.00531005859375 44.909358978271484
cat 0.8218484 128.13473510742188 211.38333129882812 166.02090454101562 248.93667602539062
truck 0.7512581 189.9724578857422 10.004837036132812 221.9129180908203 42.09752655029297
frog 0.73757017 189.9724578857422 10.004837036132812 221.9129180908203 42.09752655029297
cat 0.59064996 182.9265899658203 114.96000671386719 208.94703674316406 141.22532653808594
dog 0.5667817 189.9724578857422 10.004837036132812 221.9129180908203 42.09752655029297
automobile 0.55347073 158.10194396972656 19.305362701416016 184.11085510253906 44.927371978759766
airplane 0.49401015 18.016117095947266 147.86727905273438 34.057098388671875 164.16085815429688
deer 0.48214135 0.25409793853759766 82.03760528564453 32.121864318847656 113.89830780029297
cat 0.40319917 18.129188537597656 147.95989990234375 34.03728485107422 164.1318359375
frog 0.31912464 152.02865600585938 132.14219665527344 174.03173828125 153.98414611816406
truck 0.28800923 18.016117095947266 147.86727905273438 34.057098388671875 164.16085815429688
frog 0.28535753 182.95941162109375 115.04598236083984 209.29421997070312 141.1211395263672
cat 0.2781312 113.10487365722656 109.18085479736328 148.0083465576172 144.04795837402344
bird 0.27811944 18.14394187927246 147.97454833984375 34.050254821777344 164.16659545898438
dog 0.26887935 83.9271240234375 179.1094207763672 103.10037231445312 197.77976989746094
frog 0.25763768 18.016117095947266 147.86727905273438 34.057098388671875 164.16085815429688
cat 0.22655672 189.92556762695312 9.944082260131836 221.83480834960938 42.177642822265625
deer 0.22240368 18.129188537597656 147.95989990234375 34.03728485107422 164.1318359375
