airplane 0.99862427 113.15760040283203 205.00021362304688 145.0186309814453 236.95782470703125
ship 0.99858105 142.1029052734375 11.20685863494873 171.00070190429688 39.85546875
dog 0.9970226 88.14994049072266 23.00664710998535 123.13373565673828 57.90961456298828
ship 0.9962007 150.06927490234375 65.0704345703125 171.9794921875 86.94337463378906
automobile 0.99544895 135.99961853027344 97.0166015625 171.1303253173828 131.93641662597656
airplane 0.9954081 211.12161254882812 111.0906753540039 229.92782592773438 129.9873046875
ship 0.9952426 212.13247680664062 162.00839233398438 246.90484619140625 197.12680053710938
automobile 0.99393594 172.91416931152344 114.01759338378906 204.93751525878906 146.0648956298828
truck 0.9937632 41.22435760498047 158.89431762695312 63.0325927734375 181.02301025390625
truck 0.99350214 2.9447078704833984 176.0576171875 38.12702941894531 211.03152465820312
frog 0.99342287 15.110162734985352 70.18981170654297 50.22642517089844 104.94634246826172
bird 0.99096924 61.91364288330078 183.9625244140625 97.05696868896484 218.91131591796875
frog 0.9888736 40.95086669921875 118.00405883789062 79.07977294921875 156.25509643554688
airplane 0.98677444 181.0569610595703 150.08599853515625 196.9613494873047 165.9566650390625
cat 0.98029906 56.030818939208984 86.11550903320312 78.06060028076172 108.06761169433594
bird 0.9528247 130.06130981445312 139.0537109375 168.00604248046875 176.93478393554688
cat 0.8869058 182.0496826171875 31.18049430847168 220.02670288085938 69.04192352294922
frog 0.86972684 6.081218719482422 17.02208137512207 43.9738883972168 55.05253601074219
airplane 0.8651401 175.13824462890625 168.89511108398438 204.1337890625 198.106201171875
bird 0.4496076 6.052846908569336 17.028898239135742 43.90271759033203 55.089508056640625
airplane 0.4183568 130.0287628173828 139.09664916992188 168.05189514160156 177.07034301757812
frog 0.40211743 175.13824462890625 168.89511108398438 204.1337890625 198.106201171875
cat 0.31768513 6.057506561279297 17.28622055053711 44.17416000366211 54.89968490600586
deer 0.26195973 181.0569610595703 150.08599853515625 196.9613494873047 165.9566650390625
ship 0.2502554 212.91043090820312 180.08750915527344 246.90646362304688 196.78086853027344
bird 0.23923466 182.06832885742188 32.048622131347656 219.88467407226562 68.7811279296875
truck 0.2228905 181.0569610595703 150.08599853515625 196.9613494873047 165.9566650390625
