ship 0.99946123 69.03239440917969 78.09769439697266 91.03634643554688 100.03987884521484
automobile 0.997917 116.05532836914062 119.96290588378906 137.96292114257812 142.0274200439453
ship 0.9968052 124.10043334960938 195.06195068359375 162.098876953125 232.95150756835938
ship 0.9966478 158.14064025878906 76.76736450195312 196.06871032714844 115.0401611328125
frog 0.99489176 50.053768157958984 160.14730834960938 71.93464660644531 182.03146362304688
truck 0.9936663 78.09954833984375 141.21371459960938 103.93917846679688 167.130859375
frog 0.98658025 73.09034729003906 194.11729431152344 95.03242492675781 216.03517150878906
airplane 0.98544425 143.1796875 35.08616256713867 181.0406494140625 73.26457214355469
bird 0.9825696 206.05734252929688 26.974014282226562 227.98358154296875 49.158470153808594
frog 0.9795258 31.0982666015625 70.02547454833984 52.92645263671875 91.91857147216797
dog 0.95372045 76.9614028930664 42.205894470214844 111.82575225830078 76.74015045166016
deer 0.84095913 53.02873611450195 23.059036254882812 68.99708557128906 39.140377044677734
automobile 0.82032096 197.06021118164062 195.07408142089844 216.04190063476562 213.9923858642578
airplane 0.7821655 197.12059020996094 195.11660766601562 216.03489685058594 213.98687744140625
frog 0.7638737 100.08578491210938 208.12750244140625 119.10458374023438 227.02639770507812
automobile 0.72330374 155.2867889404297 128.17518615722656 193.20469665527344 161.26014709472656
ship 0.6517148 155.26498413085938 128.17282104492188 193.04190063476562 161.52777099609375
deer 0.57203686 102.99528503417969 89.24795532226562 131.63685607910156 118.06675720214844
cat 0.4896137 53.02873611450195 23.059036254882812 68.99708557128906 39.140377044677734
truck 0.47725022 53.04060745239258 23.082780838012695 68.9695816040039 39.13093566894531
dog 0.43165028 155.2867889404297 128.17518615722656 193.20469665527344 161.26014709472656
ship 0.3728964 197.12059020996094 195.11660766601562 216.03489685058594 213.98687744140625
airplane 0.34611297 100.0102767944336 208.1035614013672 119.09908294677734 227.0536651611328
deer 0.27735502 76.88504791259766 42.16300964355469 112.0432357788086 76.53250885009766
bird 0.2192356 100.0102767944336 208.1035614013672 119.09908294677734 227.0536651611328
frog 0.21374601 53.04060745239258 23.082780838012695 68.9695816040039 39.13093566894531
