ship 0.9987973 85.09970092773438 13.17137336730957 111.003173828125 39.300437927246094
deer 0.997048 107.9997787475586 42.014686584472656 136.99441528320312 71.11849975585938
bird 0.9969938 72.13243103027344 75.04075622558594 97.9638671875 100.97441101074219
ship 0.995533 183.9173583984375 186.09759521484375 215.93319702148438 217.97772216796875
dog 0.981284 51.07709503173828 114.05224609375 72.95470428466797 136.1025848388672
deer 0.9763121 205.95123291015625 140.01129150390625 238.12417602539062 171.874267578125
ship 0.9715439 155.10353088378906 138.11929321289062 190.0454864501953 173.03427124023438
automobile 0.958756 166.97891235351562 57.97113800048828 186.08493041992188 77.13298797607422
dog 0.9526126 139.1809844970703 81.17488861083984 177.07325744628906 118.9744644165039
truck 0.93419313 188.95314025878906 51.116859436035156 204.93858337402344 67.38062286376953
airplane 0.91267556 181.7875213623047 6.9788818359375 220.12403869628906 45.16542053222656
deer 0.8956249 88.96214294433594 189.052001953125 115.23774719238281 215.08551025390625
dog 0.7476207 65.95294952392578 144.0972137451172 87.91861724853516 166.05369567871094
cat 0.6659694 65.9271240234375 144.2774658203125 87.73553466796875 165.99368286132812
truck 0.6549726 35.1990852355957 180.0043182373047 56.94887924194336 202.2043914794922
airplane 0.58834726 35.09574508666992 179.9351806640625 57.05746841430664 202.11663818359375
bird 0.5801361 182.0432586669922 6.6606903076171875 220.04893493652344 45.61705780029297
bird 0.385646 65.94309997558594 144.262451171875 87.69609069824219 165.97430419921875
airplane 0.3676978 16.04245948791504 116.98401641845703 37.95598602294922 139.11117553710938
frog 0.36637717 114.22808837890625 85.0793228149414 133.12876892089844 103.55632781982422
bird 0.34194267 114.31013488769531 85.0394515991211 133.0797576904297 103.53113555908203
automobile 0.33801746 114.06534576416016 85.16963958740234 133.20077514648438 102.92086029052734
dog 0.33513486 15.994828224182129 117.0003890991211 37.97752380371094 139.04734802246094
automobile 0.25820518 35.09574508666992 179.9351806640625 57.05746841430664 202.11663818359375
automobile 0.24927405 188.95314025878906 51.116859436035156 204.93858337402344 67.38062286376953
deer 0.23356217 139.1809844970703 81.17488861083984 177.07325744628906 118.9744644165039
ship 0.21847728 189.11643981933594 50.99187469482422 204.9204864501953 67.3341293334961
