automobile 0.99827766 116.1761245727539 37.17823028564453 145.1986083984375 66.04842376708984
frog 0.9978816 62.110687255859375 142.1781463623047 83.24458312988281 163.9894256591797
automobile 0.9976544 199.01702880859375 110.40980529785156 228.0218505859375 139.0148468017578
airplane 0.9972778 80.92987823486328 42.16864013671875 110.12235260009766 70.99751281738281
truck 0.9966725 179.03721618652344 175.933837890625 208.04750061035156 205.00091552734375
airplane 0.99375606 8.004083633422852 102.18406677246094 39.900482177734375 133.9454803466797
airplane 0.99081296 130.07125854492188 214.08404541015625 152.0047607421875 235.93157958984375
ship 0.98979604 43.96399688720703 70.07363891601562 75.93890380859375 102.02476501464844
airplane 0.98953736 140.876953125 124.04718780517578 169.9852294921875 152.94203186035156
cat 0.98712957 31.13644790649414 192.1089630126953 60.12008285522461 221.00392150878906
cat 0.98521787 130.03164672851562 79.1885986328125 165.02359008789062 113.84083557128906
deer 0.9564323 208.82313537597656 48.047210693359375 238.05116271972656 77.15743255615234
frog 0.89995885 168.906982421875 86.80207824707031 194.95953369140625 113.28245544433594
ship 0.82059443 135.0033721923828 7.066351890563965 157.0167694091797 29.029552459716797
airplane 0.81438744 135.0056915283203 6.979733467102051 157.2495880126953 29.12464141845703
airplane 0.8138729 163.0832977294922 39.031402587890625 189.0284881591797 65.05773162841797
dog 0.7970263 17.95043182373047 58.084014892578125 37.00075912475586 77.10906982421875
deer 0.7701583 72.07566833496094 4.026457786560059 91.11080932617188 22.978313446044922
truck 0.7155531 212.059326171875 6.98931884765625 243.89810180664062 38.79370880126953
bird 0.7076644 72.07566833496094 4.026457786560059 91.11080932617188 22.978313446044922
cat 0.68655777 17.95043182373047 58.084014892578125 37.00075912475586 77.10906982421875
ship 0.6590111 163.0832977294922 39.031402587890625 189.0284881591797 65.05773162841797
cat 0.5346685 168.96954345703125 87.03010559082031 194.98785400390625 113.20527648925781
bird 0.51216817 102.98895263671875 145.12924194335938 138.0769500732422 180.09872436523438
dog 0.46722293 102.98895263671875 145.12924194335938 138.0769500732422 180.09872436523438
bird 0.35911882 17.95043182373047 58.084014892578125 37.00075912475586 77.10906982421875
bird 0.35257858 168.906982421875 86.80207824707031 194.95953369140625 113.28245544433594
automobile 0.34509602 102.98895263671875 145.12924194335938 138.0769500732422 180.09872436523438
deer 0.33259237 102.98895263671875 145.12924194335938 138.0769500732422 180.09872436523438
ship 0.29727727 102.98895263671875 145.12924194335938 138.0769500732422 180.09872436523438
frog 0.27651963 72.07566833496094 4.026457786560059 91.11080932617188 22.978313446044922
frog 0.26423952 102.98895263671875 145.12924194335938 138.0769500732422 180.09872436523438
