airplane 0.9990052 2.9960098266601562 210.10848999023438 32.017250061035156 238.94619750976562
airplane 0.99854827 187.0886688232422 139.11358642578125 219.02427673339844 171.099853515625
ship 0.9985304 103.02972412109375 122.95112609863281 125.10940551757812 145.0354461669922
automobile 0.99826384 3.9187545776367188 65.93311309814453 36.02391815185547 97.89208221435547
automobile 0.99753606 111.15538024902344 34.06362533569336 139.9717254638672 63.08351516723633
cat 0.9974333 9.046417236328125 125.06733703613281 37.84883499145508 153.82701110839844
automobile 0.9969182 206.16314697265625 23.969812393188477 244.05447387695312 62.074623107910156
frog 0.9958677 210.0338592529297 101.86384582519531 245.0052032470703 137.16253662109375
automobile 0.99469674 179.04800415039062 63.25230407714844 198.11785888671875 82.06072998046875
truck 0.9944488 125.89071655273438 203.01393127441406 160.980224609375 238.08384704589844
automobile 0.9938495 143.10107421875 95.9969482421875 162.002685546875 114.95918273925781
automobile 0.9924891 55.95820617675781 9.215570449829102 88.00016784667969 41.12561798095703
bird 0.9906464 81.04188537597656 148.11585998535156 116.11088562011719 183.0116424560547
dog 0.990634 70.11257934570312 64.84468841552734 105.05859375 100.14144134521484
deer 0.9720447 76.25724792480469 213.83433532714844 111.02854919433594 248.80812072753906
truck 0.9062993 45.05842971801758 104.0313491821289 60.99894332885742 119.97693634033203
cat 0.8908273 176.9770050048828 205.15536499023438 205.9639129638672 233.9205322265625
cat 0.8397312 148.88705444335938 138.0130157470703 184.35296630859375 172.92543029785156
dog 0.45167887 45.06367874145508 104.07461547851562 61.013004302978516 119.92094421386719
dog 0.3327491 176.92625427246094 205.23422241210938 205.9684295654297 234.00070190429688
cat 0.3259219 45.05842971801758 104.0313491821289 60.99894332885742 119.97693634033203
frog 0.2576577 149.06076049804688 138.0174560546875 184.23171997070312 172.87319946289062
bird 0.24297434 53.00724792480469 177.9996795654297 79.07745361328125 204.1217498779297
