automobile 0.99773264 72.08672332763672 79.95382690429688 106.97838592529297 115.0888671875
airplane 0.9974313 38.181243896484375 64.20719909667969 66.89994812011719 93.1328125
cat 0.99701786 115.56648254394531 86.8760986328125 147.41526794433594 119.1416015625
truck 0.99661946 86.15653991699219 196.803955078125 121.05519104003906 232.059814453125
automobile 0.9954492 5.916471481323242 123.36531829833984 38.19886016845703 154.9869384765625
truck 0.9931194 140.06301879882812 3.1021690368652344 175.1192626953125 38.06659698486328
bird 0.99258494 73.0385513305664 119.93476867675781 95.07227325439453 141.95542907714844
bird 0.992429 32.006954193115234 22.073001861572266 67.03111267089844 56.965457916259766
airplane 0.97857964 199.18276977539062 216.05494689941406 225.03643798828125 242.06983947753906
bird 0.97029793 6.018855094909668 195.13131713867188 37.927581787109375 226.86984252929688
truck 0.9643503 111.16864776611328 8.140589714050293 129.96531677246094 27.033077239990234
frog 0.9361738 131.05484008789062 198.18817138671875 153.00946044921875 219.9942626953125
dog 0.8510932 127.08952331542969 140.04869079589844 152.92283630371094 166.0555877685547
airplane 0.6275776 166.9428253173828 191.0484161376953 196.1099395751953 219.8539581298828
airplane 0.6227025 174.06298828125 90.10636138916016 189.9542236328125 105.96381378173828
airplane 0.61304086 161.99354553222656 73.07766723632812 178.1014862060547 89.00018310546875
cat 0.5971983 78.99280548095703 2.120573043823242 97.9844741821289 21.190969467163086
deer 0.5822752 79.0527572631836 2.1291942596435547 98.0282211303711 21.206844329833984
bird 0.493944 173.94146728515625 89.9976806640625 190.00799560546875 106.04594421386719
ship 0.47248572 173.94146728515625 89.9976806640625 190.00799560546875 106.04594421386719
deer 0.4273266 174.06298828125 90.10636138916016 189.9542236328125 105.96381378173828
truck 0.40818635 161.99354553222656 73.07766723632812 178.1014862060547 89.00018310546875
automobile 0.3420679 161.99354553222656 73.07766723632812 178.1014862060547 89.00018310546875
deer 0.3302578 161.99354553222656 73.07766723632812 178.1014862060547 89.00018310546875
ship 0.2658055 78.99280548095703 2.120573043823242 97.9844741821289 21.190969467163086
automobile 0.25119883 111.16864776611328 8.140589714050293 129.96531677246094 27.033077239990234
ship 0.23658362 72.82938385009766 119.95648956298828 95.23963165283203 142.1231689453125
cat 0.21179184 127.02300262451172 140.03013610839844 153.0087890625 166.07994079589844
frog 0.21083993 6.013188362121582 195.1605987548828 37.95408248901367 226.8470916748047
cat 0.20842656 174.06298828125 90.10636138916016 189.9542236328125 105.96381378173828
airplane 0.20647737 6.04509162902832 195.12884521484375 37.98100280761719 226.8916015625
frog 0.20560038 161.99810791015625 73.06242370605469 178.04202270507812 88.9478759765625
