ship 0.9982803 170.97512817382812 216.03224182128906 205.9815673828125 251.0056915283203
truck 0.99582 142.99484252929688 153.03805541992188 175.02020263671875 184.93051147460938
bird 0.99532354 214.92620849609375 200.04443359375 252.97366333007812 238.16006469726562
truck 0.99461365 19.95879364013672 45.95128631591797 36.09087371826172 62.07842254638672
airplane 0.9938978 46.99589538574219 124.0713882446289 73.09954833984375 150.0436553955078
cat 0.993214 191.02308654785156 112.03508758544922 223.03773498535156 143.30938720703125
frog 0.99312276 170.15524291992188 1.1682548522949219 205.015625 35.86786651611328
airplane 0.9923972 6.070041656494141 191.0962371826172 28.069881439208984 213.08335876464844
dog 0.99166214 133.12973022460938 200.19174194335938 168.08389282226562 235.03622436523438
airplane 0.9827533 201.9956512451172 169.0119171142578 221.0355682373047 187.95152282714844
ship 0.9825555 63.13946533203125 188.21829223632812 98.00299072265625 223.00375366210938
deer 0.9513319 45.066680908203125 45.19132614135742 80.01606750488281 79.98951721191406
airplane 0.9262934 111.05339050292969 59.1871337890625 130.0537872314453 77.947998046875
cat 0.8927836 97.03870391845703 129.89801025390625 115.9674301147461 149.01571655273438
ship 0.8595848 80.01324462890625 163.98739624023438 102.04930114746094 185.94287109375
deer 0.8545002 7.699464797973633 141.84255981445312 46.134796142578125 180.14813232421875
dog 0.84474564 88.67816925048828 66.89025115966797 102.18144989013672 82.9269027709961
dog 0.8036983 101.92428588867188 95.98497009277344 131.00355529785156 125.05131530761719
airplane 0.7250158 80.1682357788086 163.91232299804688 102.10619354248047 186.0430908203125
dog 0.292381 97.03870391845703 129.89801025390625 115.9674301147461 149.01571655273438
cat 0.2732668 101.97154235839844 96.04287719726562 131.0105743408203 125.08450317382812
truck 0.25551692 101.99539184570312 96.00785064697266 131.05140686035156 125.01871490478516
bird 0.24711621 97.03870391845703 129.89801025390625 115.9674301147461 149.01571655273438
bird 0.24149755 45.029701232910156 45.196556091308594 80.20026397705078 80.03934478759766
cat 0.21984819 88.67816925048828 66.89025115966797 102.18144989013672 82.9269027709961
