truck 0.99843186 171.9490509033203 180.16452026367188 200.9710235595703 208.972900390625
truck 0.99795604 178.04391479492188 127.09326934814453 216.02096557617188 164.93399047851562
frog 0.99602425 94.11756896972656 55.00836944580078 129.03628540039062 89.81099700927734
automobile 0.9943006 166.0077362060547 81.5734634399414 185.1383514404297 100.9680404663086
cat 0.9940394 71.05309295654297 140.88780212402344 92.95642852783203 163.00563049316406
deer 0.9879428 24.103771209716797 96.86695098876953 56.003780364990234 129.0125274658203
cat 0.98657167 156.00531005859375 215.9798583984375 191.16409301757812 251.29891967773438
bird 0.98355114 44.133628845214844 161.8467559814453 70.03143310546875 188.1265411376953
automobile 0.98309183 63.227699279785156 191.98782348632812 89.00708770751953 217.89968872070312
truck 0.961571 136.98097229003906 102.25450134277344 156.01747131347656 120.95982360839844
cat 0.9542889 161.19625854492188 3.136678695678711 189.90652465820312 31.9040470123291
bird 0.9420579 187.06887817382812 39.052391052246094 225.02017211914062 77.00303649902344
cat 0.88833386 110.36305236816406 134.1172332763672 132.0386962890625 155.84608459472656
frog 0.79924595 3.236856460571289 60.0484619140625 37.979103088378906 95.00592041015625
deer 0.7917652 89.02970886230469 15.951953887939453 124.09677124023438 51.292057037353516
dog 0.6881268 16.134992599487305 32.02040100097656 35.0718994140625 51.25341796875
cat 0.58494115 3.1943359375 60.15756607055664 38.02752685546875 95.07942199707031
frog 0.46959817 71.01165771484375 99.20563507080078 103.06752014160156 130.90200805664062
cat 0.43520823 71.01165771484375 99.20563507080078 103.06752014160156 130.90200805664062
bird 0.42588434 16.128311157226562 32.033416748046875 35.0273551940918 51.21556091308594
airplane 0.40864983 88.94017028808594 16.047658920288086 123.86537170410156 51.18968200683594
deer 0.38057393 71.01165771484375 99.20563507080078 103.06752014160156 130.90200805664062
deer 0.31208175 131.95657348632812 7.016026496887207 151.04449462890625 25.956867218017578
dog 0.26434076 110.06145477294922 134.18463134765625 132.07968139648438 156.087646484375
