frog 0.99880344 48.992828369140625 183.8971710205078 65.04206848144531 200.12379455566406
truck 0.9983411 100.09866333007812 211.0568084716797 125.91285705566406 236.9665985107422
ship 0.9959026 180.03782653808594 147.97776794433594 214.97410583496094 182.98728942871094
ship 0.99586153 156.0927734375 111.07194519042969 191.047119140625 145.9319305419922
frog 0.9946457 14.030841827392578 193.83511352539062 40.019046783447266 219.90878295898438
dog 0.9944395 120.09999084472656 61.09516143798828 158.2058868408203 98.84508514404297
bird 0.9931394 55.05699920654297 150.12428283691406 84.2237319946289 178.9714813232422
cat 0.9920893 1.652252197265625 71.12954711914062 36.948326110839844 106.00796508789062
frog 0.982359 152.99835205078125 185.95701599121094 184.97341918945312 218.17027282714844
cat 0.981256 61.935333251953125 22.993282318115234 84.01393127441406 44.97048568725586
dog 0.97918314 91.15738677978516 43.11635971069336 116.93968963623047 68.87016296386719
ship 0.9744934 199.06451416015625 42.99363327026367 215.1258544921875 58.93417739868164
cat 0.96439964 0.8307819366455078 4.0797576904296875 35.97528839111328 39.010032653808594
ship 0.96405697 44.95675277709961 205.93905639648438 70.97239685058594 232.013916015625
cat 0.8809663 10.178927421569824 163.07569885253906 38.97435760498047 192.2595672607422
automobile 0.8555229 38.04669189453125 22.173723220825195 60.0853271484375 43.90558624267578
ship 0.79493356 96.9201889038086 144.12295532226562 119.14148712158203 165.82977294921875
dog 0.7035927 34.03416442871094 118.99333190917969 50.098297119140625 135.05067443847656
deer 0.6842836 96.95664978027344 144.1342315673828 119.1202392578125 165.94752502441406
truck 0.5055021 37.84368133544922 22.089229583740234 60.137123107910156 43.97738265991211
frog 0.3478415 37.84368133544922 22.089229583740234 60.137123107910156 43.97738265991211
frog 0.3346564 34.03416442871094 118.99333190917969 50.098297119140625 135.05067443847656
bird 0.3136953 96.91986083984375 144.35183715820312 119.10940551757812 165.87423706054688
cat 0.31131643 109.19444274902344 167.3284149169922 135.02928161621094 193.04042053222656
airplane 0.2762527 199.03538513183594 43.01182174682617 215.1442413330078 58.860172271728516
dog 0.25644982 10.167224884033203 163.0967254638672 39.01154327392578 192.07615661621094
deer 0.2190297 34.03416442871094 118.99333190917969 50.098297119140625 135.05067443847656
cat 0.20719531 34.03416442871094 118.99333190917969 50.098297119140625 135.05067443847656
airplane 0.20318139 37.84368133544922 22.089229583740234 60.137123107910156 43.97738265991211
