airplane 0.99888694 29.058971405029297 22.085418701171875 60.9960823059082 54.117156982421875
ship 0.9982847 146.146240234375 173.00564575195312 181.06784057617188 207.64535522460938
ship 0.99691796 206.1439666748047 182.90719604492188 231.95738220214844 208.79046630859375
ship 0.9929137 130.09451293945312 63.132110595703125 165.03900146484375 97.9700927734375
automobile 0.9905312 12.083911895751953 126.01403045654297 47.092681884765625 161.111328125
bird 0.98978627 102.15966033935547 198.940673828125 136.97811889648438 234.00094604492188
truck 0.98687994 12.106681823730469 199.061767578125 50.01780319213867 237.082763671875
bird 0.98513764 87.14920043945312 81.1160888671875 106.08749389648438 100.09048461914062
truck 0.9813838 40.127037048339844 70.96360778808594 66.03485870361328 96.94857788085938
truck 0.9747988 200.91358947753906 123.11317443847656 233.07481384277344 155.1020050048828
deer 0.9604157 55.04837417602539 150.93707275390625 92.95100402832031 189.02899169921875
airplane 0.9506247 134.94317626953125 10.02436637878418 157.03976440429688 32.05146026611328
cat 0.94707704 67.29273986816406 10.900740623474121 92.91249084472656 37.188232421875
truck 0.9091755 180.01010131835938 20.069168090820312 206.14004516601562 45.937950134277344
frog 0.85807276 101.95492553710938 139.0053253173828 130.96922302246094 167.9367218017578
cat 0.8207047 101.93431091308594 138.95281982421875 130.9972686767578 167.97311401367188
airplane 0.5307802 52.140254974365234 119.09684753417969 78.10921478271484 144.8321075439453
dog 0.4604859 93.14469146728516 106.1696548461914 111.85033416748047 125.07596588134766
cat 0.42182893 51.99354553222656 118.98966979980469 78.09004211425781 144.87391662597656
cat 0.37333673 134.94253540039062 10.132078170776367 157.03829956054688 32.03082275390625
automobile 0.3599542 200.92918395996094 122.97936248779297 233.1191864013672 155.18301391601562
ship 0.2898772 134.94253540039062 10.132078170776367 157.03829956054688 32.03082275390625
truck 0.25407588 67.29273986816406 10.900740623474121 92.91249084472656 37.188232421875
dog 0.24512595 87.16241455078125 81.3222427368164 106.00296020507812 100.21353912353516
automobile 0.23786983 179.82308959960938 20.058422088623047 206.07028198242188 45.93406295776367
bird 0.2363899 54.97859191894531 151.1624298095703 93.45309448242188 189.61524963378906
bird 0.20437962 93.24549102783203 106.04930114746094 111.76245880126953 125.3046875
