frog 0.9988905 111.94302368164062 144.95162963867188 140.98675537109375 174.09799194335938
automobile 0.9986161 189.97691345214844 63.07610321044922 208.9998321533203 81.93990325927734
ship 0.99839854 19.96605682373047 1.8511466979980469 48.77568054199219 31.066375732421875
ship 0.99828887 23.06990623474121 58.810516357421875 55.12049865722656 90.86451721191406
ship 0.99814975 69.08492279052734 41.08949661254883 87.93437957763672 59.97336196899414
truck 0.99797106 160.02467346191406 134.0294647216797 182.1201934814453 156.0353546142578
truck 0.9978626 194.0117645263672 39.11392593383789 212.92649841308594 58.03877639770508
cat 0.99567235 26.202266693115234 151.20887756347656 54.93947219848633 179.95570373535156
ship 0.9954959 47.01734924316406 98.0764389038086 79.10848236083984 130.19244384765625
deer 0.99435145 214.019775390625 166.05162048339844 246.03738403320312 198.0683135986328
automobile 0.99331117 51.39060974121094 11.100235939025879 77.12712097167969 37.251216888427734
dog 0.990775 40.81804275512695 201.26422119140625 79.30213928222656 239.11553955078125
truck 0.98935235 206.1616973876953 128.16726684570312 234.97169494628906 157.02603149414062
ship 0.9889578 96.02330780029297 45.04956817626953 134.10879516601562 83.1241226196289
truck 0.9569166 84.02670288085938 94.00988006591797 105.98004150390625 115.96366119384766
automobile 0.85570174 99.17403411865234 7.054908752441406 127.96244049072266 36.31313705444336
airplane 0.8327294 16.979873657226562 113.07533264160156 35.91128921508789 132.0703582763672
ship 0.81474686 99.17403411865234 7.054908752441406 127.96244049072266 36.31313705444336
ship 0.6087654 156.94027709960938 193.98757934570312 189.05810546875 226.03973388671875
dog 0.5991109 84.07806396484375 202.9088592529297 102.95500183105469 221.9095001220703
frog 0.4421633 84.13082122802734 202.8716583251953 103.05463409423828 222.02357482910156
automobile 0.38515908 84.15292358398438 94.26090240478516 106.062255859375 115.86893463134766
truck 0.3498295 17.028709411621094 113.05062103271484 35.98833084106445 132.05099487304688
deer 0.2838044 84.13082122802734 202.8716583251953 103.05463409423828 222.02357482910156
airplane 0.28293002 156.93798828125 194.01963806152344 189.017333984375 226.0851287841797
cat 0.27310964 84.07806396484375 202.9088592529297 102.95500183105469 221.9095001220703
dog 0.223638 156.93798828125 194.01963806152344 189.017333984375 226.0851287841797
automobile 0.2118654 46.90609359741211 98.0252914428711 79.18190002441406 130.15005493164062
