airplane 0.9984105 112.96833038330078 211.04702758789062 144.9253387451172 243.11685180664062
dog 0.99814063 163.09970092773438 216.27255249023438 191.757568359375 245.07852172851562
frog 0.99700093 49.07209777832031 100.99439239501953 81.076904296875 132.96641540527344
frog 0.9964436 133.17037963867188 89.13286590576172 165.03143310546875 121.0180892944336
deer 0.99573344 50.83074951171875 149.1249542236328 80.08213806152344 178.0489959716797
automobile 0.9946238 209.054443359375 77.10074615478516 247.02105712890625 115.00957489013672
truck 0.9946132 46.92519760131836 183.0792694091797 65.94789123535156 202.0110321044922
frog 0.96283317 154.11114501953125 44.94627380371094 173.04220581054688 64.04425048828125
frog 0.9627117 65.2041244506836 40.0484504699707 99.9609146118164 74.88606262207031
dog 0.96225154 52.97229766845703 211.17376708984375 79.1184310913086 236.96466064453125
automobile 0.9276259 131.12261962890625 7.920263290405273 160.08636474609375 37.04071807861328
cat 0.9240511 181.9739227294922 16.056344985961914 217.1118927001953 51.117881774902344
bird 0.90037477 23.1229190826416 193.03277587890625 45.1727294921875 215.11685180664062
cat 0.8936392 84.98665618896484 132.87216186523438 111.05594635009766 159.16159057617188
cat 0.892385 22.12907600402832 57.052818298339844 60.07373809814453 94.98319244384766
truck 0.80446863 78.97823333740234 182.15855407714844 100.95626068115234 203.80039978027344
cat 0.74581474 153.20489501953125 123.86239624023438 179.00717163085938 149.9130859375
automobile 0.61366963 79.02894592285156 182.18170166015625 101.01229858398438 204.01834106445312
frog 0.5456194 23.23394203186035 193.06643676757812 44.932830810546875 215.134033203125
dog 0.52180445 3.2059011459350586 152.0554962158203 32.16854476928711 180.89332580566406
frog 0.5153909 22.593164443969727 57.10643005371094 59.30309295654297 94.69590759277344
frog 0.4875264 181.92601013183594 16.06682777404785 217.0753631591797 51.08319854736328
cat 0.35669106 79.90892028808594 13.039026260375977 99.30363464355469 32.04804229736328
bird 0.2914356 84.98665618896484 132.87216186523438 111.05594635009766 159.16159057617188
truck 0.23110634 131.22274780273438 7.853114128112793 160.00180053710938 37.05509948730469
bird 0.21709266 52.967628479003906 211.14527893066406 79.02014923095703 236.99623107910156
