automobile 0.99848187 169.9409942626953 174.05523681640625 195.65028381347656 199.87606811523438
ship 0.99843836 149.0887908935547 84.08226013183594 174.8100128173828 109.94859313964844
ship 0.9979845 111.06109619140625 102.17001342773438 130.02511596679688 120.72966003417969
ship 0.9964929 30.016441345214844 71.1998291015625 49.02980041503906 90.00582885742188
dog 0.9962051 144.48231506347656 125.03839874267578 176.08021545410156 157.3623046875
airplane 0.9958117 94.05716705322266 167.99960327148438 125.95304107666016 199.85733032226562
ship 0.99556994 160.98260498046875 47.086063385009766 180.03851318359375 66.01934051513672
dog 0.99510455 18.003379821777344 99.23960876464844 47.06932067871094 127.93460083007812
truck 0.99468106 204.9475555419922 166.01864624023438 240.0329132080078 201.3272705078125
dog 0.9909517 103.02986145019531 24.942367553710938 141.0652618408203 63.01860046386719
dog 0.98776126 68.22486877441406 175.36630249023438 86.92343139648438 193.78277587890625
deer 0.9849137 9.11319351196289 204.03172302246094 44.208614349365234 238.9640655517578
frog 0.984556 73.09140014648438 86.11927795410156 89.01506042480469 102.12283325195312
airplane 0.97756565 210.95083618164062 26.135784149169922 229.90707397460938 45.37644577026367
truck 0.95875895 194.12393188476562 205.05355834960938 225.59417724609375 236.79354858398438
cat 0.84611493 43.1419677734375 52.99683380126953 59.208396911621094 69.290283203125
frog 0.81637216 75.10144805908203 113.10797882080078 109.88956451416016 147.9761962890625
frog 0.7329824 145.01419067382812 191.91708374023438 161.03695678710938 207.98025512695312
dog 0.6744022 145.01419067382812 191.91708374023438 161.03695678710938 207.98025512695312
cat 0.5737199 146.03172302246094 160.9258270263672 164.96031188964844 180.1181182861328
deer 0.52523637 43.1197509765625 52.826107025146484 59.279014587402344 69.31136322021484
bird 0.46993157 146.04043579101562 160.98037719726562 164.99081420898438 180.05813598632812
cat 0.468926 75.10064697265625 113.17013549804688 109.92459106445312 147.86911010742188
frog 0.35601437 42.96432113647461 52.846012115478516 59.24223709106445 69.34473419189453
ship 0.33441007 146.04043579101562 160.98037719726562 164.99081420898438 180.05813598632812
frog 0.28856134 144.48428344726562 125.03167724609375 176.03585815429688 157.26528930664062
truck 0.24279481 43.1197509765625 52.826107025146484 59.279014587402344 69.31136322021484
ship 0.24078476 42.96432113647461 52.846012115478516 59.24223709106445 69.34473419189453
dog 0.2278648 42.96432113647461 52.846012115478516 59.24223709106445 69.34473419189453
bird 0.21309978 75.10144805908203 113.10797882080078 109.88956451416016 147.9761962890625
automobile 0.20738336 145.01419067382812 191.91708374023438 161.03695678710938 207.98025512695312
