bird 0.99853766 111.00157928466797 203.11233520507812 133.02528381347656 225.1156005859375
bird 0.9983368 117.8198471069336 33.19282913208008 143.8463592529297 58.91340255737305
ship 0.99814135 133.94200134277344 10.04634952545166 152.96595764160156 28.97650146484375
frog 0.997499 130.10943603515625 111.97594451904297 155.87158203125 138.1463623046875
bird 0.99099046 147.96908569335938 207.11956787109375 170.01129150390625 229.08865356445312
frog 0.98585546 203.10101318359375 42.13510513305664 238.1014404296875 76.93885803222656
bird 0.98370254 18.172527313232422 58.99205780029297 46.808658599853516 87.9529800415039
truck 0.98354083 176.1114959716797 49.97126007080078 195.14012145996094 69.01702880859375
cat 0.97096604 48.108192443847656 86.0453872680664 70.08087158203125 108.0822982788086
automobile 0.95758563 144.0709991455078 80.02180480957031 163.02198791503906 99.0623779296875
airplane 0.93222606 165.0599822998047 156.0915069580078 199.9453582763672 191.18580627441406
ship 0.9225395 44.1126594543457 37.059356689453125 62.97529220581055 55.98332977294922
frog 0.9194541 203.25001525878906 170.13035583496094 234.99998474121094 201.96653747558594
cat 0.8530278 203.32827758789062 170.1487274169922 235.02542114257812 202.13526916503906
cat 0.84279346 87.97606658935547 126.11593627929688 110.01703643798828 148.02114868164062
dog 0.7412305 79.05508422851562 10.166380882263184 100.97950744628906 31.980144500732422
deer 0.6062944 196.0682830810547 205.69491577148438 225.0308074951172 234.982421875
frog 0.6019505 32.95384979248047 183.96058654785156 71.06580352783203 221.96778869628906
deer 0.54552287 32.92681121826172 184.01303100585938 71.06847381591797 221.94851684570312
airplane 0.5088663 32.92681121826172 184.01303100585938 71.06847381591797 221.94851684570312
airplane 0.42819288 44.1126594543457 37.059356689453125 62.97529220581055 55.98332977294922
automobile 0.3659354 164.9517364501953 155.94393920898438 200.1272735595703 190.92251586914062
bird 0.33066052 48.23521423339844 85.84892272949219 70.32117462158203 108.04383850097656
cat 0.31268775 32.92681121826172 184.01303100585938 71.06847381591797 221.94851684570312
truck 0.3008504 164.9517364501953 155.94393920898438 200.1272735595703 190.92251586914062
frog 0.26966566 195.99424743652344 205.7832794189453 224.76780700683594 235.06907653808594
truck 0.25990927 32.95878601074219 183.74874877929688 70.59085845947266 221.7236328125
truck 0.2215066 88.0457763671875 125.93659973144531 110.013427734375 147.88975524902344
frog 0.20974559 88.08243560791016 125.97297668457031 109.97986602783203 147.89512634277344
deer 0.20416346 44.00975799560547 37.097442626953125 62.939117431640625 56.011322021484375
deer 0.20137823 88.08243560791016 125.97297668457031 109.97986602783203 147.89512634277344
