ship 0.9987205 111.10687255859375 114.23245239257812 140.04188537597656 143.10919189453125
cat 0.9976466 34.76443099975586 151.89443969726562 61.16134262084961 178.18408203125
bird 0.9973594 52.07040786743164 201.0193328857422 80.90577697753906 230.14097595214844
dog 0.997151 18.061267852783203 90.16619110107422 39.99129867553711 112.00594329833984
automobile 0.99665296 144.9677734375 14.113628387451172 180.11026000976562 49.22303771972656
truck 0.9952197 145.96823120117188 119.07255554199219 165.00656127929688 138.1255340576172
cat 0.9946056 213.19911193847656 105.21949768066406 251.16160583496094 143.08181762695312
automobile 0.994281 174.1442413330078 130.24331665039062 209.0035858154297 165.03744506835938
airplane 0.99385315 36.011070251464844 19.047374725341797 55.05406188964844 37.998497009277344
cat 0.9891026 160.3196258544922 55.101898193359375 189.00413513183594 84.04008483886719
cat 0.9872258 109.2271728515625 204.14059448242188 146.9366455078125 242.04971313476562
cat 0.97034276 101.05504608154297 159.08370971679688 139.06979370117188 196.90692138671875
cat 0.9649215 100.99272155761719 64.16487121582031 139.0453643798828 102.03822326660156
dog 0.925256 198.12820434570312 173.88963317871094 229.8826904296875 205.89280700683594
cat 0.8800045 77.1683120727539 116.9540786743164 93.00756072998047 132.9979248046875
dog 0.74699086 57.1946907043457 4.967031478881836 76.05169677734375 24.09962272644043
automobile 0.7214806 143.10385131835938 173.05780029296875 162.05538940429688 191.94967651367188
truck 0.7181296 143.11770629882812 173.16598510742188 161.9908447265625 191.8858642578125
frog 0.7067579 77.1683120727539 116.9540786743164 93.00756072998047 132.9979248046875
frog 0.57956713 57.01737976074219 5.070165634155273 75.96723937988281 24.019786834716797
dog 0.36868668 77.19596862792969 116.94642639160156 92.93759155273438 133.00802612304688
airplane 0.27862513 100.79302215576172 159.14468383789062 138.8927001953125 196.8258056640625
cat 0.21621269 57.01737976074219 5.070165634155273 75.96723937988281 24.019786834716797
dog 0.21534956 119.9329833984375 29.03078842163086 139.1016845703125 47.94484329223633
deer 0.21109822 57.01555633544922 4.842947006225586 75.95049285888672 24.048643112182617
cat 0.20792592 198.0974884033203 174.08041381835938 229.90846252441406 205.92001342773438
