frog 0.9985222 79.93136596679688 214.02984619140625 108.90107727050781 242.97164916992188
frog 0.99745595 112.00580596923828 192.98721313476562 138.14520263671875 218.9583740234375
cat 0.99693763 191.04022216796875 138.99435424804688 220.0450439453125 168.0240478515625
bird 0.99690926 34.04479217529297 10.090710639953613 55.9205322265625 32.018951416015625
automobile 0.99669826 177.9775848388672 37.73066329956055 216.0771026611328 76.09555053710938
ship 0.9951099 192.18458557128906 88.14091491699219 227.14073181152344 123.00559997558594
airplane 0.99157965 161.9721221923828 158.060546875 187.9741668701172 183.8502197265625
airplane 0.9859951 68.82583618164062 96.94918060302734 101.10107421875 128.9467010498047
deer 0.95406896 19.16755485534668 90.0733642578125 57.024200439453125 128.0098419189453
airplane 0.9482309 71.06661987304688 41.127967834472656 87.04759216308594 56.93260955810547
airplane 0.9464765 154.0467071533203 64.07508850097656 173.02345275878906 82.91519165039062
cat 0.9453849 18.07088851928711 152.1116180419922 55.77815628051758 189.81141662597656
cat 0.9113096 141.0549774169922 20.006099700927734 162.86265563964844 42.04475402832031
automobile 0.86022353 134.13351440429688 87.88038635253906 163.21875 117.17822265625
ship 0.81344104 120.22516632080078 155.83499145507812 149.12071228027344 184.81573486328125
bird 0.7466023 36.028263092041016 57.03705978393555 55.06486129760742 76.00596618652344
deer 0.7420901 179.13853454589844 214.8585968017578 216.76963806152344 253.01368713378906
bird 0.7052907 34.0461311340332 202.15975952148438 52.97793960571289 220.98684692382812
dog 0.6665993 179.22021484375 215.00506591796875 216.66519165039062 252.90911865234375
airplane 0.5484314 36.028263092041016 57.03705978393555 55.06486129760742 76.00596618652344
frog 0.49727336 141.0098114013672 20.17228126525879 162.93638610839844 42.23158264160156
truck 0.4799657 134.13351440429688 87.88038635253906 163.21875 117.17822265625
ship 0.46325406 71.07799530029297 41.14025115966797 87.05915069580078 56.96952819824219
cat 0.380666 36.008583068847656 57.03492736816406 55.070289611816406 76.03057861328125
cat 0.35011902 96.21434020996094 8.102066993713379 122.05105590820312 34.10454177856445
dog 0.34580794 18.087894439697266 152.20013427734375 55.697444915771484 189.86343383789062
dog 0.22695565 36.028263092041016 57.03705978393555 55.06486129760742 76.00596618652344
cat 0.22482029 179.2494659423828 214.92922973632812 216.8484344482422 253.29473876953125
truck 0.21664315 120.26426696777344 155.9295654296875 149.21241760253906 184.72824096679688
automobile 0.21263978 120.27880096435547 155.71026611328125 149.28414916992188 184.8699951171875
