automobile 0.9987756 102.0870361328125 20.15936279296875 131.0292510986328 48.76026916503906
automobile 0.9984748 175.8456573486328 86.08949279785156 202.0233917236328 111.73207092285156
truck 0.9974444 203.11814880371094 190.96568298339844 228.9486541748047 217.08079528808594
ship 0.99732476 60.0311393737793 93.93270111083984 75.96240997314453 110.23961639404297
bird 0.997319 147.0861053466797 117.92977142333984 175.8586883544922 147.03707885742188
dog 0.9971128 21.115036010742188 70.23245239257812 53.03562927246094 101.88972473144531
airplane 0.99610114 145.02529907226562 192.83041381835938 180.20455932617188 228.09381103515625
bird 0.99460113 54.10350799560547 129.07427978515625 91.95369720458984 167.06045532226562
cat 0.9910496 145.94895935058594 19.10650634765625 175.15016174316406 47.838890075683594
airplane 0.9863637 26.974395751953125 185.12193298339844 52.962547302246094 211.1027374267578
bird 0.98564106 85.00977325439453 177.12808227539062 123.10143280029297 214.83163452148438
ship 0.9748603 152.8839111328125 72.09542846679688 168.99066162109375 87.97499084472656
deer 0.7446953 213.09295654296875 138.9407958984375 248.12750244140625 174.1063232421875
automobile 0.7287034 50.917564392089844 19.130672454833984 79.9720230102539 47.94363784790039
ship 0.72317296 177.02536010742188 151.08383178710938 198.98687744140625 173.0130615234375
bird 0.7010603 215.0703582763672 18.20914077758789 244.01844787597656 46.899845123291016
cat 0.69590753 2.877462387084961 15.199142456054688 41.03486633300781 52.92012023925781
bird 0.6835505 3.080310821533203 15.122234344482422 41.165077209472656 52.99337387084961
cat 0.57320344 111.08092498779297 65.99726104736328 146.19744873046875 101.17691802978516
truck 0.5477125 214.98583984375 18.164283752441406 243.97509765625 46.87151336669922
cat 0.5452322 152.8839111328125 72.09542846679688 168.99066162109375 87.97499084472656
dog 0.5447886 111.05614471435547 66.02970886230469 146.1249542236328 101.18869018554688
bird 0.5326598 176.9915008544922 151.0243682861328 199.0467071533203 172.9185333251953
airplane 0.45399493 177.02536010742188 151.08383178710938 198.98687744140625 173.0130615234375
truck 0.3445605 50.917564392089844 19.130672454833984 79.9720230102539 47.94363784790039
dog 0.34074706 78.76713562011719 79.15538024902344 105.09140014648438 104.88328552246094
airplane 0.2798582 50.916168212890625 19.03744125366211 79.92457580566406 48.0339469909668
deer 0.27132702 111.19010925292969 66.05416107177734 146.09165954589844 101.19641876220703
automobile 0.261603 60.047630310058594 93.92403411865234 75.93363189697266 110.2613296508789
automobile 0.24593714 214.98583984375 18.164283752441406 243.97509765625 46.87151336669922
truck 0.21591759 152.8839111328125 72.09542846679688 168.99066162109375 87.97499084472656
