bird 0.9976021 181.09397888183594 88.1585464477539 213.0363006591797 119.97345733642578
ship 0.9974744 86.98324584960938 1.0444889068603516 121.93356323242188 36.01396179199219
deer 0.9913924 76.0241470336914 163.21795654296875 110.98210906982422 197.83633422851562
cat 0.98910785 71.97532653808594 121.1461410522461 107.09950256347656 156.14810180664062
deer 0.9876495 197.99671936035156 21.03697967529297 216.9928741455078 39.937374114990234
truck 0.98472154 170.05442810058594 33.9947509765625 192.03712463378906 56.052330017089844
frog 0.9805935 159.30528259277344 1.2850837707519531 177.94691467285156 19.97913360595703
dog 0.9702872 0.0 63.002296447753906 35.10515594482422 98.04364776611328
ship 0.96340066 88.99979400634766 202.0677947998047 121.1054458618164 234.00132751464844
frog 0.961185 51.99224853515625 67.10430145263672 73.90604400634766 89.07540130615234
cat 0.93184876 1.064584732055664 16.14514923095703 35.99690246582031 51.01557159423828
dog 0.9224309 28.967432022094727 145.0490264892578 66.98326110839844 182.8636016845703
dog 0.8977281 134.09634399414062 181.01275634765625 163.12350463867188 210.14996337890625
truck 0.8907118 0.8708353042602539 153.04440307617188 17.058731079101562 169.03585815429688
cat 0.8342036 173.03024291992188 213.06793212890625 199.04217529296875 239.11605834960938
cat 0.8211138 75.05291748046875 72.17826843261719 100.86344909667969 97.95388793945312
frog 0.7894008 198.13401794433594 45.12655258178711 220.0494842529297 67.0240478515625
frog 0.72084856 75.23665618896484 72.0978775024414 100.76593780517578 97.73746490478516
bird 0.63798386 198.21836853027344 45.105674743652344 220.02626037597656 67.00189208984375
bird 0.4963749 51.873931884765625 67.12017822265625 73.86640930175781 89.052734375
bird 0.40670824 176.23609924316406 127.23210144042969 195.0488739013672 146.0635528564453
bird 0.39236706 28.967432022094727 145.0490264892578 66.98326110839844 182.8636016845703
deer 0.37160552 159.29147338867188 1.2683191299438477 177.936767578125 20.083038330078125
airplane 0.30622122 0.9292926788330078 153.0625457763672 17.13551902770996 168.99388122558594
airplane 0.24663785 176.2589874267578 127.20655059814453 194.9915313720703 146.0594482421875
bird 0.2260386 0.0 63.002296447753906 35.10515594482422 98.04364776611328
frog 0.22148451 1.0052299499511719 16.085189819335938 36.19767761230469 51.01426696777344
frog 0.21419564 176.23838806152344 127.20728302001953 194.9051055908203 146.05340576171875
cat 0.20962909 134.09634399414062 181.01275634765625 163.12350463867188 210.14996337890625
frog 0.20017576 172.98178100585938 212.873046875 199.1700439453125 239.14605712890625
