automobile 0.9965024 0.054534912109375 12.011219024658203 38.1005744934082 50.18497848510742
truck 0.9962078 78.03628540039062 88.969970703125 104.05517578125 115.06321716308594
frog 0.99537724 193.0104522705078 112.26612854003906 219.27272033691406 138.1024169921875
automobile 0.99496126 112.89273834228516 209.90249633789062 132.00537109375 229.09902954101562
airplane 0.9939816 190.9493408203125 196.8878173828125 228.96109008789062 234.77105712890625
airplane 0.9938942 33.08106231689453 54.090003967285156 55.00096130371094 76.08592987060547
frog 0.99140465 186.02630615234375 38.024593353271484 218.20578002929688 69.88136291503906
deer 0.98476034 45.0809326171875 184.12403869628906 60.95874786376953 199.9230194091797
truck 0.9799433 107.12846374511719 20.103939056396484 136.07955932617188 48.953556060791016
cat 0.9687704 21.93031120300293 114.01042175292969 54.17723083496094 146.04124450683594
bird 0.957295 19.829326629638672 213.0050506591797 57.76198959350586 251.10023498535156
frog 0.9540012 36.07916259765625 81.14432525634766 58.08185577392578 103.06275177001953
deer 0.9237054 111.13213348388672 111.89511108398438 137.14271545410156 137.96432495117188
dog 0.8961209 163.06771850585938 136.22412109375 185.03131103515625 158.05026245117188
automobile 0.70834297 161.03305053710938 75.06293487548828 180.05950927734375 94.1136703491211
cat 0.67302114 118.15489196777344 153.05264282226562 153.00563049316406 188.02947998046875
truck 0.6588477 160.99130249023438 75.08129119873047 180.0321044921875 94.0809097290039
cat 0.6491821 59.12310791015625 37.97970962524414 87.82437133789062 66.9683837890625
airplane 0.6313925 64.02547454833984 147.0592498779297 85.96712493896484 169.2482147216797
frog 0.6299677 118.12380981445312 153.01437377929688 153.00335693359375 188.12689208984375
bird 0.47297883 36.07916259765625 81.14432525634766 58.08185577392578 103.06275177001953
deer 0.44013306 161.03305053710938 75.06293487548828 180.05950927734375 94.1136703491211
dog 0.4372153 21.94394874572754 113.95655059814453 54.07941436767578 146.05520629882812
truck 0.43637106 64.0704574584961 147.0332794189453 86.14929962158203 169.12965393066406
deer 0.40193138 118.15489196777344 153.05264282226562 153.00563049316406 188.02947998046875
cat 0.36070776 163.1136474609375 136.215087890625 184.96591186523438 158.02651977539062
frog 0.34067658 59.12310791015625 37.97970962524414 87.82437133789062 66.9683837890625
dog 0.3165281 3.978827476501465 64.66232299804688 26.042694091796875 86.10481262207031
frog 0.3134901 20.10674476623535 213.21694946289062 57.68983459472656 250.78921508789062
dog 0.2789365 118.15489196777344 153.05264282226562 153.00563049316406 188.02947998046875
ship 0.22113565 160.99130249023438 75.08129119873047 180.0321044921875 94.0809097290039
bird 0.20909855 111.08365631103516 112.05795288085938 136.99978637695312 138.02664184570312
