ship 0.9983711 15.004410743713379 110.02092742919922 34.13410949707031 129.01754760742188
ship 0.99712414 37.09123611450195 116.12114715576172 74.9771728515625 154.10169982910156
deer 0.9954671 175.06491088867188 179.134521484375 213.0267333984375 216.87445068359375
bird 0.9940126 39.14969253540039 178.1189727783203 77.03071594238281 215.9027862548828
automobile 0.99324274 142.0112762451172 47.37314224243164 174.1491241455078 78.9484634399414
frog 0.99212146 138.13648986816406 155.99754333496094 173.28233337402344 191.09178161621094
frog 0.9907422 199.20211791992188 20.1910457611084 237.05819702148438 58.157958984375
ship 0.9904219 203.1831817626953 59.33546447753906 231.9892120361328 88.32246398925781
deer 0.98229086 91.96017456054688 59.17658233642578 118.05975341796875 84.99132537841797
automobile 0.9576452 113.93215942382812 195.09365844726562 136.0929718017578 216.86788940429688
frog 0.9438447 5.7220458984375e-06 171.8830108642578 26.184900283813477 198.09169006347656
frog 0.9070778 141.99403381347656 2.9812049865722656 160.9302215576172 21.985374450683594
ship 0.89264756 149.9937744140625 114.98015594482422 168.95242309570312 134.06663513183594
deer 0.88101506 202.07882690429688 93.99441528320312 239.93203735351562 131.9769744873047
deer 0.83057463 29.125537872314453 3.0825042724609375 47.958858489990234 22.079853057861328
cat 0.7542597 197.82476806640625 144.98837280273438 220.03366088867188 167.0079345703125
deer 0.6992897 110.1762466430664 5.278280258178711 135.98797607421875 31.34724998474121
bird 0.6582122 197.82476806640625 144.98837280273438 220.03366088867188 167.0079345703125
truck 0.62744564 16.13823127746582 36.94071960449219 54.06986999511719 74.87842559814453
deer 0.48181632 141.9503173828125 3.109066963195801 160.92984008789062 21.98888397216797
cat 0.47834942 29.143047332763672 3.0618724822998047 48.05814743041992 22.117084503173828
automobile 0.46426368 149.97499084472656 114.89107513427734 169.0308380126953 134.07386779785156
ship 0.39446542 114.06961059570312 195.11488342285156 136.0479278564453 216.98292541503906
frog 0.35745573 201.96121215820312 93.94035339355469 240.04022216796875 131.96694946289062
truck 0.31213534 110.21646118164062 5.331908226013184 136.02671813964844 31.23764419555664
truck 0.28589022 113.95623016357422 195.11019897460938 136.03744506835938 216.9739990234375
cat 0.24103647 202.06369018554688 94.11872863769531 240.11929321289062 131.3994903564453
cat 0.23209336 141.9503173828125 3.109066963195801 160.92984008789062 21.98888397216797
cat 0.22386914 16.113676071166992 37.025718688964844 54.16459655761719 74.84473419189453
ship 0.20895344 16.1332950592041 37.00806427001953 54.03075408935547 74.93053436279297
airplane 0.20780072 16.140024185180664 37.00669860839844 54.018714904785156 74.90969848632812
