ship 0.9990551 153.07176208496094 46.13075256347656 181.9657440185547 75.0134048461914
automobile 0.99873435 12.227508544921875 87.02734375 41.03033447265625 116.00857543945312
automobile 0.998624 169.06002807617188 80.97541809082031 195.06753540039062 106.88349914550781
automobile 0.9982739 74.05436706542969 126.08826446533203 96.06802368164062 147.98443603515625
automobile 0.99744666 68.04115295410156 62.072086334228516 87.12904357910156 81.07093811035156
automobile 0.9967444 123.12423706054688 99.19203186035156 155.075927734375 130.90493774414062
truck 0.99577737 15.942327499389648 135.01123046875 42.02998352050781 161.13357543945312
automobile 0.9954803 208.06942749023438 91.17872619628906 243.03558349609375 126.01649475097656
deer 0.9948752 123.0345230102539 20.041194915771484 139.09237670898438 35.92026138305664
deer 0.9905865 105.02235412597656 139.1165008544922 139.99835205078125 174.07334899902344
frog 0.96633255 59.12977600097656 11.037073135375977 97.07780456542969 49.20868682861328
cat 0.9596927 210.0182647705078 49.9947509765625 225.9842071533203 66.03080749511719
cat 0.9587611 163.9890899658203 161.00706481933594 183.01161193847656 180.05799865722656
airplane 0.95705163 62.24922180175781 195.15817260742188 100.01744079589844 233.12234497070312
bird 0.8784089 177.0392608642578 198.10581970214844 205.98912048339844 227.09364318847656
automobile 0.8369796 37.087684631347656 63.16266632080078 55.89158630371094 81.9856185913086
deer 0.8324584 153.49874877929688 199.42474365234375 170.66067504882812 217.1815185546875
deer 0.82638276 210.0253143310547 26.127838134765625 229.0142364501953 44.906761169433594
cat 0.67535156 12.083345413208008 46.144073486328125 30.941919326782227 64.9953384399414
cat 0.5586791 176.9967041015625 197.9380340576172 205.92874145507812 227.0778045654297
deer 0.46060294 158.07119750976562 115.08320617675781 195.95791625976562 152.89939880371094
cat 0.427477 158.20933532714844 114.93136596679688 196.0188751220703 152.97125244140625
airplane 0.4132444 210.0253143310547 26.127838134765625 229.0142364501953 44.906761169433594
dog 0.3665015 37.087684631347656 63.16266632080078 55.89158630371094 81.9856185913086
truck 0.34605038 163.9890899658203 161.00706481933594 183.01161193847656 180.05799865722656
ship 0.34291625 210.02743530273438 49.933502197265625 225.98309326171875 65.96481323242188
ship 0.3279593 62.24922180175781 195.15817260742188 100.01744079589844 233.12234497070312
dog 0.32627282 158.13497924804688 115.01902770996094 196.02777099609375 152.98329162597656
bird 0.28954613 158.07119750976562 115.08320617675781 195.95791625976562 152.89939880371094
dog 0.28613546 210.02743530273438 49.933502197265625 225.98309326171875 65.96481323242188
cat 0.27660012 59.12977600097656 11.037073135375977 97.07780456542969 49.20868682861328
ship 0.25048548 158.20933532714844 114.93136596679688 196.0188751220703 152.97125244140625
airplane 0.23157862 210.02743530273438 49.933502197265625 225.98309326171875 65.96481323242188
cat 0.21009472 153.53903198242188 199.57797241210938 170.7525634765625 217.26116943359375
airplane 0.20807946 158.07119750976562 115.08320617675781 195.95791625976562 152.89939880371094
