airplane 0.99742055 144.92587280273438 99.05401611328125 174.06640625 128.021484375
truck 0.9956783 184.82997131347656 212.08961486816406 213.9267120361328 241.00474548339844
bird 0.99522305 60.093379974365234 183.05894470214844 85.99870300292969 209.11717224121094
airplane 0.9939457 82.1509017944336 57.0563850402832 111.02176666259766 86.00049591064453
airplane 0.99386454 106.13951110839844 184.02749633789062 141.0296630859375 218.98654174804688
ship 0.9938301 92.15982055664062 140.96762084960938 114.06117248535156 163.0257568359375
bird 0.99348366 200.01803588867188 97.05763244628906 238.05108642578125 135.02259826660156
automobile 0.9922048 201.06039428710938 184.97242736816406 220.058349609375 203.8113555908203
ship 0.98519945 57.95813751220703 212.1787567138672 96.06798553466797 250.05775451660156
deer 0.98433113 165.09486389160156 212.1945343017578 184.0739288330078 231.13270568847656
ship 0.9588199 152.0132293701172 155.03919982910156 180.97019958496094 184.01780700683594
automobile 0.9579229 202.0348663330078 146.2966766357422 230.83863830566406 175.0638885498047
bird 0.9313513 156.03994750976562 57.0494270324707 194.10684204101562 95.13990783691406
dog 0.86003315 208.0655517578125 22.958812713623047 233.9635009765625 49.04251480102539
airplane 0.7303916 181.09832763671875 19.029743194580078 203.01409912109375 41.00114059448242
cat 0.59966564 181.13211059570312 19.02161407470703 202.94631958007812 40.86418151855469
frog 0.44721603 147.03558349609375 22.136302947998047 165.87545776367188 40.99291229248047
dog 0.35431033 156.0303955078125 57.26207733154297 194.3651123046875 94.46366119384766
deer 0.24346986 147.04287719726562 22.188796997070312 165.81512451171875 40.943511962890625
cat 0.2325753 147.04287719726562 22.188796997070312 165.81512451171875 40.943511962890625
cat 0.2027938 207.98788452148438 23.12596893310547 234.04214477539062 49.108123779296875
