ship 0.998552 205.1359405517578 157.98974609375 240.0565643310547 193.00738525390625
ship 0.9985292 36.069454193115234 28.94145965576172 68.13528442382812 60.769569396972656
frog 0.9983747 89.10588836669922 10.159234046936035 114.97260284423828 35.8533821105957
airplane 0.99796766 93.03972625732422 74.88938903808594 127.88256072998047 110.18136596679688
bird 0.9976963 46.039241790771484 207.1587371826172 78.11016845703125 238.94602966308594
frog 0.99733853 173.98858642578125 57.10037612915039 196.0369873046875 79.01168823242188
airplane 0.9972795 120.91414642333984 17.885841369628906 150.1468048095703 46.883705139160156
ship 0.996737 133.9750518798828 69.97882080078125 165.8339080810547 101.93846130371094
airplane 0.996047 181.0070343017578 107.09146118164062 219.0150909423828 144.88462829589844
automobile 0.9958854 52.142578125 101.21827697753906 78.21049499511719 126.79414367675781
truck 0.99570566 53.123626708984375 62.146270751953125 91.16004943847656 100.12489318847656
ship 0.99527085 160.04312133789062 1.016397476196289 185.980712890625 27.00021743774414
bird 0.9935395 122.99456024169922 183.91921997070312 161.13665771484375 222.07565307617188
truck 0.9872389 170.98097229003906 195.0269012451172 200.23130798339844 224.0105743408203
airplane 0.9869772 2.1679506301879883 54.074424743652344 21.065895080566406 72.93419647216797
bird 0.97551274 212.0388946533203 52.021358489990234 234.0891876220703 73.94284057617188
cat 0.9179527 147.92294311523438 152.0330352783203 169.96014404296875 174.0585479736328
bird 0.9109206 80.89047241210938 112.92448425292969 107.261474609375 139.05569458007812
frog 0.85753953 108.01178741455078 129.9988555908203 143.08285522460938 164.96897888183594
dog 0.7772343 202.18673706054688 1.554647445678711 233.97796630859375 34.183570861816406
cat 0.7199514 202.09942626953125 1.607107162475586 234.0784912109375 34.149444580078125
cat 0.31348372 108.0138168334961 129.95928955078125 142.8320770263672 164.9202880859375
deer 0.3020234 147.93466186523438 152.24530029296875 170.101318359375 174.07601928710938
airplane 0.2517516 147.91444396972656 152.07843017578125 170.06517028808594 174.1337890625
frog 0.20573482 202.04933166503906 1.643829345703125 233.99708557128906 34.20405197143555
