truck 0.9984958 207.87399291992188 23.8806095123291 246.04757690429688 62.1514892578125
ship 0.99825656 79.04350280761719 58.122718811035156 98.04887390136719 76.99927520751953
automobile 0.99661684 97.9527587890625 98.08219146728516 117.09095764160156 117.0127944946289
automobile 0.9950526 24.917068481445312 109.00019836425781 41.127899169921875 125.13612365722656
truck 0.99466896 92.13339233398438 12.023916244506836 126.94671630859375 46.87127685546875
frog 0.9942696 164.91397094726562 35.12565612792969 203.17031860351562 72.99102020263672
bird 0.99231446 171.9748077392578 139.9247589111328 207.01280212402344 174.9400177001953
dog 0.99195826 75.0814208984375 134.1902618408203 112.42428588867188 172.18434143066406
airplane 0.9864863 157.0601806640625 104.13894653320312 191.97268676757812 138.79664611816406
dog 0.9832243 10.12673568725586 61.93376541137695 47.951602935791016 100.14956665039062
cat 0.9780241 38.39234924316406 31.137733459472656 64.10804748535156 57.02494812011719
automobile 0.97040987 66.78299713134766 194.71865844726562 94.1812973022461 222.08413696289062
bird 0.95925856 138.94537353515625 177.0988006591797 164.88848876953125 203.21180725097656
cat 0.85733044 197.20660400390625 86.12185668945312 219.94985961914062 111.8111572265625
deer 0.8303082 179.48240661621094 189.13973999023438 205.9921417236328 215.09024047851562
airplane 0.8177285 24.169048309326172 175.95883178710938 52.78537368774414 205.01483154296875
deer 0.81263995 116.17220306396484 129.06332397460938 153.85888671875 166.8433837890625
truck 0.8032353 51.024749755859375 85.10089111328125 89.06854248046875 122.7037353515625
dog 0.7410724 123.02557373046875 205.0856170654297 142.09848022460938 224.06544494628906
frog 0.6174126 116.12702941894531 129.05430603027344 154.05455017089844 166.8994598388672
bird 0.49208623 15.954253196716309 212.0446014404297 35.04487609863281 231.0609588623047
ship 0.47420982 50.9369010925293 84.94259643554688 89.134521484375 122.98275756835938
deer 0.44262487 16.00185203552246 211.98876953125 35.03844451904297 231.03671264648438
ship 0.25940627 66.82421875 194.93235778808594 94.0672607421875 222.0195770263672
cat 0.24378768 51.09842300415039 85.09664154052734 89.03482055664062 122.5544204711914
