cat 0.9988321 93.18268585205078 22.248565673828125 124.92511749267578 54.14837646484375
ship 0.9981886 111.98783111572266 151.9498291015625 137.9525909423828 178.03164672851562
ship 0.99811536 23.02763557434082 131.0157470703125 49.085060119628906 156.96826171875
deer 0.9965395 98.08621978759766 71.09368896484375 129.9981689453125 103.03500366210938
bird 0.9952633 134.0812530517578 117.07200622558594 166.0186309814453 148.9882354736328
bird 0.99441576 93.1239013671875 211.18190002441406 127.89324951171875 245.99000549316406
dog 0.99437964 210.1805877685547 5.068985939025879 235.9785614013672 31.114341735839844
automobile 0.99394673 54.21010971069336 202.25042724609375 89.01193237304688 237.19216918945312
deer 0.9924346 93.92552947998047 113.00122833251953 123.08800506591797 141.88619995117188
automobile 0.99179757 151.12217712402344 172.29261779785156 172.9624481201172 193.8833770751953
frog 0.9916097 29.05493927001953 48.06071472167969 64.06478118896484 83.04954528808594
truck 0.99075603 178.03338623046875 45.28080749511719 216.04132080078125 83.07872009277344
ship 0.97741705 133.9445037841797 60.96382522583008 168.95533752441406 95.98442077636719
truck 0.954681 177.97933959960938 100.0101318359375 209.80532836914062 131.89328002929688
frog 0.95424354 199.93479919433594 190.18922424316406 225.75550842285156 216.0593719482422
dog 0.9519228 141.0880889892578 7.01824951171875 162.86997985839844 29.094738006591797
frog 0.89767087 3.01406192779541 56.059242248535156 22.025226593017578 75.0265884399414
airplane 0.8670231 148.0424346923828 30.58867073059082 163.8917694091797 46.94776153564453
truck 0.7767122 53.207191467285156 157.9725341796875 85.11933135986328 190.07101440429688
frog 0.65513694 159.30734252929688 199.75274658203125 181.0650634765625 222.0638427734375
automobile 0.49088985 178.07589721679688 100.1449966430664 209.8465576171875 131.89718627929688
bird 0.4109165 159.30734252929688 199.75274658203125 181.0650634765625 222.0638427734375
bird 0.41060418 148.0424346923828 30.58867073059082 163.8917694091797 46.94776153564453
truck 0.30721313 2.932933807373047 56.039249420166016 22.00567626953125 74.98748779296875
dog 0.21897593 159.30734252929688 199.75274658203125 181.0650634765625 222.0638427734375
