airplane 0.99635386 117.97944641113281 55.79639434814453 144.0292510986328 81.82946014404297
deer 0.99625653 169.9628448486328 203.12753295898438 207.9264373779297 240.98681640625
automobile 0.9962543 0.17349720001220703 142.1499481201172 26.101173400878906 167.8493194580078
truck 0.9961713 147.98641967773438 25.119802474975586 183.12286376953125 60.216407775878906
automobile 0.99592113 211.8924102783203 197.96388244628906 246.8796844482422 232.98191833496094
automobile 0.99586666 144.10910034179688 172.08908081054688 173.11138916015625 200.91329956054688
cat 0.9958378 46.11994171142578 61.95600891113281 68.08441925048828 84.12370300292969
automobile 0.9956366 109.0768814086914 192.9762420654297 135.17849731445312 218.98512268066406
deer 0.99340034 69.90945434570312 114.03043365478516 99.0701904296875 143.08013916015625
airplane 0.9932911 190.1441192626953 124.19276428222656 225.1079559326172 159.02149963378906
bird 0.9866829 0.7806711196899414 117.0761947631836 20.035472869873047 135.97915649414062
airplane 0.972527 205.10305786132812 79.04070281982422 239.87741088867188 114.04424285888672
automobile 0.9711878 3.010740280151367 24.06574821472168 24.91529655456543 46.1029052734375
bird 0.9122611 61.06524658203125 169.05511474609375 95.78582763671875 203.95529174804688
cat 0.90640354 28.193904876708984 208.14175415039062 56.848636627197266 236.816650390625
automobile 0.87794006 149.11334228515625 64.083251953125 187.0001220703125 102.03187561035156
airplane 0.7775567 32.01743698120117 89.22725677490234 63.9509391784668 121.02141571044922
airplane 0.6636547 148.6969757080078 115.75131225585938 183.90687561035156 151.19705200195312
frog 0.54441965 116.14225006103516 108.2113265991211 141.69207763671875 133.86456298828125
deer 0.47066784 116.14225006103516 108.2113265991211 141.69207763671875 133.86456298828125
frog 0.41946787 148.55215454101562 115.84164428710938 184.05551147460938 151.11782836914062
bird 0.38746566 148.55215454101562 115.84164428710938 184.05551147460938 151.11782836914062
truck 0.3863391 32.136566162109375 89.1282958984375 63.993064880371094 121.06585693359375
automobile 0.37128246 32.069580078125 89.27100372314453 64.0594253540039 121.05887603759766
dog 0.32296443 2.8691844940185547 24.03545379638672 25.05648422241211 46.17015838623047
dog 0.28652912 61.06524658203125 169.05511474609375 95.78582763671875 203.95529174804688
bird 0.25053158 2.8691844940185547 24.03545379638672 25.05648422241211 46.17015838623047
deer 0.23530558 28.151588439941406 208.09207153320312 56.87621307373047 236.75210571289062
truck 0.2283318 148.84889221191406 63.919677734375 187.08470153808594 101.99833679199219
ship 0.20804894 0.7666187286376953 117.08209228515625 20.035680770874023 136.08969116210938
