automobile 0.99853843 167.98995971679688 132.1501922607422 196.95669555664062 161.04335021972656
ship 0.99823093 153.94833374023438 6.964941024780273 183.08474731445312 35.906593322753906
deer 0.9979015 33.04940414428711 161.05508422851562 61.87977981567383 189.96078491210938
truck 0.99739313 135.0709991455078 203.97364807128906 166.8886260986328 235.89366149902344
automobile 0.9957027 34.03877258300781 205.27362060546875 65.87350463867188 236.82919311523438
frog 0.9909448 90.03236389160156 157.94146728515625 111.91923522949219 180.01708984375
truck 0.9845423 111.1244125366211 130.12855529785156 136.960693359375 156.1118621826172
frog 0.98059314 210.01968383789062 9.977108001708984 238.88198852539062 39.089168548583984
automobile 0.9768331 62.088584899902344 24.947038650512695 93.88903045654297 56.89698028564453
ship 0.97464883 182.9743194580078 76.00332641601562 211.93104553222656 104.92205810546875
ship 0.9712153 123.19845581054688 15.12604808807373 144.87509155273438 37.047176361083984
ship 0.96641636 48.07756805419922 111.01618957519531 67.02995300292969 129.9327392578125
truck 0.9551164 118.41653442382812 163.85507202148438 143.98348999023438 190.07510375976562
automobile 0.91716105 121.98358154296875 70.08131408691406 143.85934448242188 92.11441040039062
automobile 0.90993464 165.13449096679688 177.12396240234375 183.94961547851562 195.93606567382812
ship 0.7558962 214.95619201660156 45.2884521484375 231.0810089111328 61.167755126953125
ship 0.60039485 118.41653442382812 163.85507202148438 143.98348999023438 190.07510375976562
cat 0.56774294 205.09249877929688 107.90648651123047 223.8016357421875 127.1884994506836
truck 0.5358927 165.13449096679688 177.12396240234375 183.94961547851562 195.93606567382812
automobile 0.4822659 214.967041015625 45.292903900146484 231.11395263671875 61.21367263793945
airplane 0.476197 123.28119659423828 15.136963844299316 144.81051635742188 36.99485778808594
ship 0.47413373 122.05658721923828 70.0406723022461 143.9031982421875 92.09957122802734
truck 0.44035232 205.0771484375 107.881591796875 223.82327270507812 127.03565979003906
dog 0.3961835 205.0771484375 107.881591796875 223.82327270507812 127.03565979003906
airplane 0.36221287 121.98358154296875 70.08131408691406 143.85934448242188 92.11441040039062
airplane 0.3287525 214.967041015625 45.292903900146484 231.11395263671875 61.21367263793945
airplane 0.283099 182.93951416015625 76.04737091064453 212.05014038085938 105.00318145751953
airplane 0.27351904 205.0771484375 107.881591796875 223.82327270507812 127.03565979003906
truck 0.2711783 214.95619201660156 45.2884521484375 231.0810089111328 61.167755126953125
deer 0.22498712 205.0771484375 107.881591796875 223.82327270507812 127.03565979003906
automobile 0.22150865 90.07015991210938 157.9027862548828 112.02105712890625 179.9154815673828
automobile 0.2160142 111.1244125366211 130.12855529785156 136.960693359375 156.1118621826172
ship 0.20093426 205.0771484375 107.881591796875 223.82327270507812 127.03565979003906
