automobile 0.9987354 28.064308166503906 214.0790557861328 50.060264587402344 236.0518341064453
automobile 0.99810195 63.82750701904297 48.983184814453125 95.94046783447266 81.01564025878906
ship 0.99779665 163.13169860839844 171.07711791992188 188.9524688720703 196.91757202148438
frog 0.9959481 5.164812088012695 81.099609375 31.085912704467773 106.963134765625
frog 0.9940157 211.0161590576172 127.07698822021484 245.9587860107422 161.91897583007812
frog 0.99276984 185.0345001220703 139.96971130371094 201.01097106933594 156.0681610107422
ship 0.9910296 115.20014190673828 178.8995361328125 143.9474639892578 208.10006713867188
frog 0.989594 20.01487922668457 133.03587341308594 49.08556365966797 161.95066833496094
airplane 0.9879132 155.13934326171875 44.14145278930664 174.05572509765625 63.00252914428711
frog 0.98397434 71.09138488769531 115.89532470703125 87.16642761230469 131.9509735107422
ship 0.97694004 211.9563446044922 202.91143798828125 234.0990447998047 225.13079833984375
cat 0.92793477 181.16348266601562 86.35536193847656 210.09799194335938 115.04286193847656
airplane 0.89503264 189.139404296875 1.0757999420166016 226.77755737304688 39.071990966796875
dog 0.857776 93.17500305175781 104.18533325195312 131.0089569091797 141.91033935546875
airplane 0.84403574 33.085174560546875 38.140689849853516 62.16059875488281 67.0193099975586
dog 0.8200036 118.16424560546875 150.0874786376953 139.9755859375 171.9473114013672
bird 0.772149 93.2139663696289 104.0589828491211 131.0645751953125 141.99215698242188
truck 0.750666 189.12022399902344 1.1214122772216797 226.87294006347656 39.09416198730469
deer 0.69847697 112.9756851196289 49.009273529052734 132.09359741210938 67.98162078857422
truck 0.6955491 32.96588897705078 37.97916030883789 62.138824462890625 66.99261474609375
ship 0.6124699 116.08626556396484 76.05598449707031 137.99374389648438 97.898681640625
truck 0.5109399 115.9287109375 76.3134994506836 138.03933715820312 97.96614837646484
airplane 0.37380594 212.00889587402344 202.9462890625 234.18309020996094 225.18453979492188
cat 0.35613883 92.96424865722656 212.0997772216797 118.902587890625 238.2133331298828
dog 0.32735476 27.1137638092041 188.9855499267578 43.00640869140625 205.09523010253906
airplane 0.28713715 116.08626556396484 76.05598449707031 137.99374389648438 97.898681640625
automobile 0.28093338 116.08330535888672 76.03105926513672 138.00958251953125 97.93553924560547
frog 0.27034858 113.03292846679688 49.05205535888672 132.02215576171875 68.01446533203125
cat 0.2578398 71.0274887084961 115.8792724609375 87.06543731689453 131.99105834960938
cat 0.23807493 113.03292846679688 49.05205535888672 132.02215576171875 68.01446533203125
bird 0.207373 118.01172637939453 150.02713012695312 139.98361206054688 172.10806274414062
