automobile 0.99847084 121.02354431152344 8.000982284545898 142.99659729003906 30.11412239074707
automobile 0.9983712 121.90802001953125 127.06756591796875 150.98867797851562 155.96481323242188
ship 0.9980108 90.13310241699219 189.13604736328125 121.98698425292969 220.78677368164062
ship 0.99700147 84.16642761230469 125.08238220214844 110.18814086914062 150.94679260253906
dog 0.9953394 9.685750007629395 188.9371337890625 35.1957893371582 215.031982421875
frog 0.9935714 185.99057006835938 11.085397720336914 207.95022583007812 33.14734649658203
airplane 0.99354553 208.1719207763672 62.053585052490234 229.9806671142578 84.05632781982422
frog 0.99319696 167.07705688476562 204.991455078125 186.05490112304688 223.92825317382812
deer 0.99245334 33.02201843261719 73.03715515136719 65.01343536376953 104.907470703125
airplane 0.9905714 12.960518836975098 98.12669372558594 32.05326461791992 116.90269470214844
airplane 0.9885733 211.05593872070312 98.00859069824219 239.71975708007812 127.0146484375
truck 0.9825078 96.00916290283203 72.01303100585938 127.95526885986328 104.09432983398438
frog 0.9807063 194.98939514160156 208.07876586914062 230.1040802001953 242.85122680664062
truck 0.9647269 144.9517822265625 61.020111083984375 171.15621948242188 87.22615051269531
cat 0.91280746 30.178417205810547 6.198816299438477 67.98948669433594 44.145469665527344
dog 0.8521714 72.48194122314453 5.27634334564209 97.7295150756836 31.13333511352539
cat 0.84380436 178.12063598632812 61.105079650878906 197.10067749023438 79.91222381591797
airplane 0.7705026 145.01181030273438 100.06716918945312 167.02310180664062 122.05882263183594
bird 0.74662995 145.0140380859375 100.09955596923828 167.09481811523438 121.9685287475586
deer 0.71416616 178.073486328125 61.05128479003906 197.07717895507812 79.98222351074219
frog 0.62082523 189.9359893798828 114.94371032714844 205.9336700439453 131.0177764892578
truck 0.50430906 16.207752227783203 119.2483139038086 31.955516815185547 136.03619384765625
ship 0.44192478 16.16538429260254 119.38505554199219 31.768667221069336 135.97218322753906
cat 0.4056604 189.9359893798828 114.94371032714844 205.9336700439453 131.0177764892578
truck 0.38808048 189.9359893798828 114.94371032714844 205.9336700439453 131.0177764892578
dog 0.36510468 189.9359893798828 114.94371032714844 205.9336700439453 131.0177764892578
automobile 0.34200627 144.9892120361328 60.884925842285156 171.11546325683594 87.1869888305664
frog 0.3121196 30.086427688598633 6.245317459106445 68.02125549316406 44.04846954345703
truck 0.26199764 178.12063598632812 61.105079650878906 197.10067749023438 79.91222381591797
airplane 0.24716648 14.464751243591309 105.61017608642578 31.744022369384766 126.88672637939453
cat 0.2415717 16.032390594482422 119.17915344238281 31.81972885131836 136.04734802246094
automobile 0.2229197 16.196910858154297 119.50595092773438 31.83362579345703 135.99449157714844
airplane 0.20811057 178.12063598632812 61.105079650878906 197.10067749023438 79.91222381591797
automobile 0.20066658 189.9359893798828 114.94371032714844 205.9336700439453 131.0177764892578
