ship 0.99913967 54.98904037475586 160.05319213867188 77.04560852050781 182.00634765625
automobile 0.99815214 178.0513916015625 144.0896453857422 207.14450073242188 173.2394561767578
truck 0.9975925 211.0492706298828 204.080810546875 248.97642517089844 241.95440673828125
ship 0.9974164 199.0445098876953 53.110660552978516 236.9776153564453 90.95761108398438
airplane 0.9916776 15.125377655029297 94.17417907714844 36.9489860534668 115.849853515625
airplane 0.99016964 197.1224365234375 109.93881225585938 228.9017333984375 141.87850952148438
cat 0.9875309 84.9625473022461 45.27339553833008 107.01163482666016 67.0462646484375
ship 0.9823859 55.056739807128906 102.02911376953125 73.97504425048828 120.97830200195312
frog 0.7683104 115.87737274169922 23.034400939941406 138.1742706298828 44.90240478515625
deer 0.72110283 42.948883056640625 5.070263862609863 61.89595031738281 24.073959350585938
cat 0.6936511 10.019196510314941 200.9041748046875 28.95130157470703 219.97344970703125
dog 0.6682035 93.07410430908203 127.23888397216797 127.89217376708984 161.97787475585938
bird 0.64796335 115.74608612060547 22.984508514404297 138.076904296875 44.95457077026367
frog 0.55329835 130.87547302246094 186.05572509765625 153.1344757080078 207.95858764648438
frog 0.55162346 174.9817352294922 93.01214599609375 194.0737762451172 111.98287963867188
airplane 0.5099466 9.994641304016113 200.97035217285156 29.003582000732422 220.0399627685547
airplane 0.4288208 50.30499267578125 59.007476806640625 79.19010925292969 88.03402709960938
automobile 0.358791 130.87547302246094 186.05572509765625 153.1344757080078 207.95858764648438
deer 0.31569564 174.9817352294922 93.01214599609375 194.0737762451172 111.98287963867188
bird 0.30220288 175.07081604003906 93.00740051269531 194.0415802001953 112.0322265625
cat 0.26290727 131.037353515625 186.1083984375 153.01412963867188 207.95565795898438
deer 0.26071328 50.30499267578125 59.007476806640625 79.19010925292969 88.03402709960938
cat 0.2573384 175.07081604003906 93.00740051269531 194.0415802001953 112.0322265625
cat 0.24530652 93.07410430908203 127.23888397216797 127.89217376708984 161.97787475585938
bird 0.24002784 130.9780731201172 186.0004119873047 153.0332489013672 207.95408630371094
ship 0.2389743 93.07410430908203 127.23888397216797 127.89217376708984 161.97787475585938
automobile 0.23223293 148.13563537597656 118.07022094726562 174.0310516357422 143.920166015625
truck 0.2090947 84.92696380615234 45.24818420410156 107.04329681396484 66.81594848632812
cat 0.20887783 50.290374755859375 58.941749572753906 79.16107177734375 88.1335678100586
