ship 0.99781734 100.08167266845703 215.19290161132812 135.04452514648438 250.02328491210938
automobile 0.99778736 39.12530517578125 213.01644897460938 68.0328598022461 241.94149780273438
truck 0.99773717 208.9357147216797 73.06246948242188 231.02232360839844 95.01176452636719
frog 0.99716365 77.03789520263672 106.02046203613281 106.28673553466797 134.9034423828125
automobile 0.99713635 152.04949951171875 15.032438278198242 190.01254272460938 52.938865661621094
frog 0.99606085 148.23898315429688 209.12889099121094 177.87368774414062 240.9954376220703
frog 0.9919703 139.14779663085938 156.05111694335938 171.17465209960938 188.09725952148438
automobile 0.99110126 99.00310516357422 157.1663818359375 120.92118072509766 178.9005126953125
frog 0.9910085 188.96014404296875 178.17388916015625 223.97210693359375 213.07522583007812
deer 0.9885509 67.04902648925781 183.03176879882812 95.74977111816406 211.98358154296875
cat 0.98792934 20.110633850097656 66.92424774169922 45.942466735839844 93.0710220336914
airplane 0.97866774 10.977142333984375 29.12517547607422 33.09287643432617 50.980804443359375
ship 0.97813356 118.01730346679688 50.10691452026367 139.99609375 72.0733871459961
frog 0.9743228 172.28878784179688 54.48047637939453 198.041015625 80.0981216430664
airplane 0.96037114 64.27397155761719 78.96499633789062 85.99603271484375 101.05673217773438
bird 0.71475756 179.08404541015625 104.06328582763672 195.01882934570312 119.97295379638672
cat 0.70745206 131.01504516601562 112.12458801269531 152.90328979492188 133.85601806640625
frog 0.69296527 131.04510498046875 111.98342895507812 153.04208374023438 133.57957458496094
dog 0.6147735 25.148826599121094 173.9849090576172 60.14192199707031 209.2411346435547
deer 0.5719934 179.08404541015625 104.06328582763672 195.01882934570312 119.97295379638672
cat 0.48528895 179.103271484375 104.11981201171875 194.96609497070312 119.92823791503906
cat 0.43271443 25.270734786987305 174.17494201660156 60.08891296386719 209.2262725830078
truck 0.3271446 117.87118530273438 49.96440505981445 139.83151245117188 71.92693328857422
dog 0.24609569 139.14779663085938 156.05111694335938 171.17465209960938 188.09725952148438
bird 0.21551922 11.048455238342285 29.18039321899414 33.1791877746582 51.041751861572266
