airplane 0.99917847 190.08535766601562 136.9150848388672 221.96282958984375 169.01268005371094
deer 0.99895203 61.938899993896484 11.021607398986816 80.9388656616211 30.186485290527344
ship 0.99893665 107.92875671386719 89.12588500976562 142.98765563964844 123.85618591308594
automobile 0.99797 149.87460327148438 36.98469924926758 176.22702026367188 62.99197006225586
automobile 0.99729204 151.27325439453125 174.22650146484375 180.07296752929688 203.128662109375
cat 0.9962635 186.2188262939453 42.13265609741211 217.67628479003906 73.733642578125
frog 0.9950528 73.04695892333984 209.0214385986328 111.11682891845703 246.96092224121094
airplane 0.9943204 71.91527557373047 87.88134765625 98.05193328857422 114.065673828125
bird 0.99276745 163.00933837890625 75.29706573486328 201.01083374023438 113.00275421142578
deer 0.9867469 72.0693588256836 127.12066650390625 94.04293060302734 149.01791381835938
bird 0.9662571 207.2035675048828 96.07232666015625 235.9528350830078 125.05686950683594
automobile 0.96381617 98.01741790771484 161.0697479248047 130.1212615966797 193.05723571777344
cat 0.95551074 41.838623046875 49.178836822509766 79.94869995117188 86.89520263671875
frog 0.88853574 45.107723236083984 107.08038330078125 64.05360412597656 126.09793090820312
bird 0.83992386 4.017563819885254 170.01568603515625 26.06708526611328 191.93374633789062
dog 0.82173413 0.6611175537109375 109.0307846069336 33.11643600463867 140.8291473388672
truck 0.7853173 123.94459533691406 45.152427673339844 143.02305603027344 64.0499267578125
deer 0.6876722 10.111419677734375 65.96148681640625 38.95709228515625 93.38063049316406
automobile 0.6111463 123.90657043457031 45.1390380859375 142.94142150878906 63.97126007080078
cat 0.36797953 0.8144645690917969 109.02232360839844 33.051910400390625 140.8517608642578
deer 0.35082805 10.378775596618652 76.44641876220703 38.673648834228516 93.8302230834961
dog 0.32980102 123.94459533691406 45.152427673339844 143.02305603027344 64.0499267578125
airplane 0.26749763 98.03556823730469 161.05421447753906 130.12367248535156 193.16932678222656
cat 0.22098526 45.001075744628906 107.03436279296875 64.0171890258789 126.06060791015625
dog 0.21568412 4.075401306152344 170.05624389648438 26.08024024963379 191.95074462890625
deer 0.21467441 5.306705474853516 45.069541931152344 37.844783782958984 90.08252716064453
cat 0.20464018 207.2154083251953 96.04975891113281 235.9867706298828 125.07286071777344
