ship 0.9995134 187.1042022705078 123.04360961914062 208.9970245361328 145.17401123046875
deer 0.9980583 6.790497779846191 43.1287841796875 36.202354431152344 71.91499328613281
frog 0.9948468 115.03878784179688 114.10240173339844 147.07476806640625 145.78623962402344
bird 0.994595 70.09740447998047 29.993423461914062 105.1517562866211 65.09909057617188
deer 0.98825836 25.08104705810547 205.99493408203125 59.96092987060547 241.0177001953125
ship 0.98540425 6.895332336425781 142.10366821289062 45.032371520996094 180.07235717773438
frog 0.9794371 163.1300048828125 175.8588104248047 198.04312133789062 211.14344787597656
cat 0.96643555 67.02572631835938 163.10458374023438 85.98063659667969 182.01239013671875
ship 0.96615386 148.0290985107422 26.983734130859375 170.03504943847656 49.0181884765625
deer 0.96494895 52.19831085205078 89.96638488769531 90.00032806396484 128.01638793945312
frog 0.9614675 9.191717147827148 75.84513854980469 31.062891006469727 98.11843872070312
airplane 0.95768905 76.96586608886719 204.94955444335938 93.06245422363281 221.05007934570312
automobile 0.9480152 8.143043518066406 110.24314880371094 33.89927291870117 135.9460906982422
deer 0.90590763 209.1837615966797 34.89632034301758 246.9347381591797 72.99559020996094
automobile 0.8575519 141.9736328125 72.948486328125 158.03878784179688 88.92750549316406
cat 0.8449681 196.45799255371094 149.58209228515625 215.7395782470703 169.13424682617188
automobile 0.83854437 118.20896911621094 147.67764282226562 155.9460906982422 185.01266479492188
dog 0.83152086 16.978164672851562 6.9731855392456055 43.070655822753906 32.93301773071289
truck 0.7857028 141.9736328125 72.948486328125 158.03878784179688 88.92750549316406
frog 0.7502585 181.14649963378906 95.18636322021484 202.87889099121094 117.17415618896484
truck 0.7208909 204.25579833984375 190.2016143798828 239.0242919921875 224.9439239501953
frog 0.6864966 118.21705627441406 147.71070861816406 156.0424041748047 184.9103546142578
cat 0.53883356 204.25579833984375 190.2016143798828 239.0242919921875 224.9439239501953
bird 0.4662007 181.14175415039062 95.07232666015625 202.99960327148438 117.14016723632812
airplane 0.32671022 147.92674255371094 27.2327880859375 170.0868682861328 49.18913269042969
ship 0.31882054 8.143043518066406 110.24314880371094 33.89927291870117 135.9460906982422
frog 0.28669155 204.25579833984375 190.2016143798828 239.0242919921875 224.9439239501953
automobile 0.22775573 148.15625 27.156707763671875 170.144775390625 49.14649963378906
airplane 0.22605157 204.25579833984375 190.2016143798828 239.0242919921875 224.9439239501953
cat 0.2155827 9.008752822875977 75.65315246582031 31.298677444458008 98.06295776367188
deer 0.20439148 148.05130004882812 27.207862854003906 170.17214965820312 49.158905029296875
