automobile 0.9977967 46.146671295166016 144.19039916992188 72.00934600830078 170.00161743164062
deer 0.99723697 172.221923828125 190.87844848632812 207.00103759765625 226.04629516601562
frog 0.9960536 185.2640380859375 152.18470764160156 217.04147338867188 183.8012237548828
airplane 0.99600065 8.12481689453125 100.12532806396484 46.0965690612793 137.9097900390625
deer 0.9915022 193.05593872070312 32.165061950683594 230.95794677734375 69.99144744873047
dog 0.9900023 111.79986572265625 106.10639190673828 146.99258422851562 141.09144592285156
cat 0.9852804 87.13512420654297 133.00479125976562 102.98062896728516 149.03231811523438
automobile 0.936525 95.12258911132812 44.09994125366211 114.02055358886719 62.89573287963867
automobile 0.9275159 28.093196868896484 203.0858154296875 59.97890090942383 235.04144287109375
bird 0.8862704 54.98054122924805 88.15213012695312 90.0133056640625 122.94244384765625
cat 0.8626528 115.06409454345703 3.113205909729004 137.04771423339844 24.914932250976562
truck 0.8426095 161.01092529296875 89.26394653320312 193.08627319335938 120.9368896484375
truck 0.8182696 115.18955993652344 2.971796989440918 137.15797424316406 24.958709716796875
frog 0.8159214 72.01907348632812 205.27052307128906 110.10122680664062 243.1385955810547
cat 0.76785725 144.46005249023438 46.95460510253906 172.9693603515625 76.10123443603516
bird 0.6716241 72.06947326660156 205.137939453125 110.11589050292969 243.05364990234375
deer 0.6542008 28.17532730102539 45.124385833740234 57.14693069458008 74.06865692138672
frog 0.5138912 122.33168029785156 206.0708465576172 160.00575256347656 244.13819885253906
dog 0.4925103 28.17532730102539 45.124385833740234 57.14693069458008 74.06865692138672
ship 0.47642514 115.18955993652344 2.971796989440918 137.15797424316406 24.958709716796875
cat 0.43481 122.27629852294922 206.16818237304688 160.18020629882812 244.19866943359375
dog 0.38388592 28.097759246826172 203.0218963623047 59.91255569458008 235.07518005371094
deer 0.35850438 122.53230285644531 206.3948516845703 159.8829803466797 244.1815948486328
frog 0.32832706 28.097759246826172 203.0218963623047 59.91255569458008 235.07518005371094
dog 0.30465198 144.3447723388672 46.855098724365234 173.0555877685547 75.99147033691406
cat 0.29627106 54.98054122924805 88.15213012695312 90.0133056640625 122.94244384765625
deer 0.2749846 115.18955993652344 2.971796989440918 137.15797424316406 24.958709716796875
bird 0.2672168 144.3718719482422 46.902320861816406 172.98402404785156 76.00011444091797
cat 0.23274359 28.03491973876953 203.03207397460938 59.91521453857422 235.12838745117188
dog 0.2286104 122.27629852294922 206.16818237304688 160.18020629882812 244.19866943359375
deer 0.2204948 54.98054122924805 88.15213012695312 90.0133056640625 122.94244384765625
airplane 0.22022983 98.0218505859375 171.06166076660156 120.02285766601562 192.92396545410156
