ship 0.9979305 191.15846252441406 28.160236358642578 210.02259826660156 47.05723190307617
ship 0.99788135 210.88333129882812 47.91050338745117 240.05047607421875 76.95246124267578
automobile 0.9976934 191.0692138671875 59.08636474609375 207.02459716796875 75.04649353027344
airplane 0.9965502 137.09832763671875 157.12640380859375 174.970458984375 195.08221435546875
frog 0.9958644 192.0863494873047 171.15467834472656 221.19569396972656 199.8481903076172
truck 0.9957664 189.96945190429688 135.1587371826172 222.0892333984375 167.39601135253906
bird 0.9956461 27.976303100585938 86.93767547607422 59.97114562988281 118.86775970458984
automobile 0.99525505 12.976458549499512 175.2924041748047 31.97785186767578 194.0558319091797
automobile 0.994323 43.00403594970703 166.0311279296875 62.02775573730469 184.85726928710938
deer 0.9912058 99.1520004272461 67.93389892578125 124.98719024658203 93.96678161621094
frog 0.98274565 55.10954666137695 187.7176971435547 73.99738311767578 206.9927520751953
cat 0.928313 83.07561492919922 158.09652709960938 98.97718048095703 174.05484008789062
deer 0.90090555 9.199027061462402 22.029125213623047 37.903106689453125 50.79948806762695
dog 0.85605174 169.12283325195312 42.06940841674805 188.30615234375 60.85029220581055
dog 0.82774115 196.0924530029297 88.00287628173828 211.9272003173828 104.02861785888672
cat 0.7102128 45.044403076171875 120.74856567382812 77.25414276123047 153.1246337890625
deer 0.62021667 151.01443481445312 213.1846160888672 172.94796752929688 235.08946228027344
airplane 0.57684743 45.044403076171875 120.74856567382812 77.25414276123047 153.1246337890625
bird 0.55173576 9.18277645111084 22.05467987060547 37.909061431884766 50.73844909667969
cat 0.5494029 95.27113342285156 180.99130249023438 120.94021606445312 207.04248046875
cat 0.45521376 169.07647705078125 42.028648376464844 188.385009765625 60.865875244140625
cat 0.39234367 196.06529235839844 87.97020721435547 211.96229553222656 104.0231704711914
airplane 0.37572357 43.00403594970703 166.0311279296875 62.02775573730469 184.85726928710938
deer 0.36387736 83.10157012939453 158.06878662109375 98.90702056884766 174.048583984375
deer 0.3549264 196.0924530029297 88.00287628173828 211.9272003173828 104.02861785888672
dog 0.31980288 117.06282043457031 131.8064422607422 135.96055603027344 150.84352111816406
airplane 0.2500388 191.0692138671875 59.08636474609375 207.02459716796875 75.04649353027344
airplane 0.20746425 196.06529235839844 87.97020721435547 211.96229553222656 104.0231704711914
truck 0.20033795 191.0692138671875 59.08636474609375 207.02459716796875 75.04649353027344
