automobile 0.9961467 94.00518035888672 136.91896057128906 126.0984878540039 169.1077423095703
automobile 0.99540496 192.0897216796875 79.07988739013672 229.8526611328125 117.01018524169922
bird 0.99316293 145.98220825195312 5.060518264770508 183.88482666015625 42.883148193359375
frog 0.9914546 81.02547454833984 201.01036071777344 113.07295989990234 233.0697784423828
truck 0.99009216 187.9936065673828 40.981719970703125 207.11827087402344 59.99480438232422
dog 0.9867344 53.17745590209961 138.45098876953125 82.22184753417969 167.02130126953125
dog 0.9854719 53.994686126708984 19.137842178344727 83.4340591430664 48.06916809082031
cat 0.9756596 209.117431640625 160.94464111328125 237.98492431640625 189.84420776367188
automobile 0.959662 118.09683227539062 1.974045753479004 140.13226318359375 24.01065444946289
deer 0.8857521 9.232440948486328 2.0511131286621094 37.840911865234375 30.96548080444336
deer 0.8658491 151.09422302246094 209.9454345703125 180.0452117919922 238.94137573242188
airplane 0.84098136 3.9669418334960938 79.11102294921875 22.782367706298828 98.02656555175781
cat 0.82497275 188.04006958007812 145.12718200683594 206.8843994140625 163.89759826660156
truck 0.8107536 109.10485076904297 37.14714431762695 141.00372314453125 69.13652801513672
truck 0.64168674 69.06090545654297 169.95082092285156 87.99163055419922 189.03468322753906
ship 0.5943766 3.97222900390625 79.072998046875 22.88880729675293 97.91639709472656
automobile 0.56597316 69.06090545654297 169.95082092285156 87.99163055419922 189.03468322753906
frog 0.52018 19.043556213378906 200.91416931152344 35.042335510253906 217.02122497558594
airplane 0.5076641 18.939287185668945 200.923583984375 35.10789489746094 217.05938720703125
airplane 0.47977254 69.06090545654297 169.95082092285156 87.99163055419922 189.03468322753906
ship 0.46593004 109.08584594726562 37.12984848022461 140.9911346435547 68.98863983154297
truck 0.45011872 136.00242614746094 98.15478515625 155.01930236816406 117.04411315917969
ship 0.44829547 69.06090545654297 169.95082092285156 87.99163055419922 189.03468322753906
airplane 0.42856643 136.15443420410156 98.06967163085938 155.0259246826172 117.02854919433594
airplane 0.37327617 108.97539520263672 37.18083953857422 141.00823974609375 69.05561065673828
ship 0.31993407 136.15443420410156 98.06967163085938 155.0259246826172 117.02854919433594
deer 0.31369382 69.06090545654297 169.95082092285156 87.99163055419922 189.03468322753906
bird 0.27611732 151.14097595214844 209.8955078125 180.01988220214844 239.01480102539062
truck 0.27430445 19.059356689453125 200.88201904296875 35.09414291381836 217.07110595703125
deer 0.27426064 188.04006958007812 145.12718200683594 206.8843994140625 163.89759826660156
cat 0.24590519 136.0843048095703 98.2066421508789 154.96852111816406 117.04351043701172
automobile 0.2318033 19.059356689453125 200.88201904296875 35.09414291381836 217.07110595703125
truck 0.22726387 118.02558898925781 1.8961668014526367 140.05714416503906 23.92200469970703
cat 0.22068113 54.09146499633789 19.080875396728516 83.44879150390625 48.14937973022461
deer 0.22022763 81.08265686035156 201.07720947265625 113.08744812011719 232.91531372070312
dog 0.21800143 188.0695037841797 145.04437255859375 206.89759826660156 163.87991333007812
cat 0.20807219 81.08265686035156 201.07720947265625 113.08744812011719 232.91531372070312
