bird 0.99841714 140.91709899902344 156.14382934570312 172.8700714111328 187.92730712890625
airplane 0.9978527 188.0188446044922 150.1365966796875 216.9501495361328 179.12448120117188
cat 0.99749994 111.86360168457031 61.037017822265625 141.00599670410156 90.18975830078125
airplane 0.9955516 15.121320724487305 172.05381774902344 44.0960693359375 200.89329528808594
cat 0.99528265 194.0658721923828 6.1397809982299805 219.95799255371094 32.06523513793945
frog 0.99345005 168.094970703125 115.20494079589844 193.86578369140625 140.88145446777344
deer 0.98138714 211.22357177734375 104.08795928955078 249.0113525390625 141.91165161132812
frog 0.97718346 59.14064407348633 108.19800567626953 93.9320068359375 142.90997314453125
cat 0.9532839 96.14167022705078 210.05950927734375 111.9979019165039 225.92221069335938
automobile 0.9529615 9.084969520568848 104.00077819824219 30.964359283447266 126.04756164550781
automobile 0.9472497 1.0263090133666992 47.15839767456055 29.946434020996094 75.88220977783203
truck 0.925496 188.1363525390625 42.57807159423828 226.06582641601562 79.9369125366211
airplane 0.85278106 33.87278366088867 99.99087524414062 50.02946090698242 116.0220947265625
dog 0.78521156 124.0438003540039 13.109256744384766 150.05078125 38.977783203125
ship 0.7640692 33.87278366088867 99.99087524414062 50.02946090698242 116.0220947265625
truck 0.753474 55.93123245239258 0.4375429153442383 71.86185455322266 17.152507781982422
truck 0.7289102 96.10443115234375 210.01002502441406 112.07936096191406 226.0158233642578
truck 0.6427513 9.055754661560059 103.94440460205078 30.76789093017578 126.0694351196289
cat 0.595343 55.83089065551758 0.4763946533203125 71.79471588134766 17.200122833251953
airplane 0.5255863 72.89148712158203 5.794302940368652 99.07080841064453 32.06256103515625
deer 0.41588533 55.93123245239258 0.4375429153442383 71.86185455322266 17.152507781982422
cat 0.4108014 123.98497009277344 13.114058494567871 149.98338317871094 38.97766876220703
cat 0.37753552 72.94453430175781 5.82595157623291 99.04676818847656 32.01083755493164
dog 0.3454549 166.1278839111328 191.9659423828125 188.1808624267578 214.2513427734375
deer 0.3313201 33.87278366088867 99.99087524414062 50.02946090698242 116.0220947265625
ship 0.3192208 55.92224884033203 0.545292854309082 71.75735473632812 17.182884216308594
bird 0.31879896 72.94453430175781 5.82595157623291 99.04676818847656 32.01083755493164
ship 0.26827914 0.9436511993408203 47.27360153198242 30.08083152770996 75.87452697753906
automobile 0.25706446 33.87278366088867 99.99087524414062 50.02946090698242 116.0220947265625
truck 0.23626983 33.85368347167969 99.97701263427734 50.04583740234375 116.05304718017578
bird 0.20454767 43.08607482910156 21.112619400024414 62.176918029785156 40.11450958251953
