automobile 0.99848294 130.08949279785156 207.1046142578125 156.0436248779297 232.97064208984375
cat 0.99842024 176.4556884765625 176.12986755371094 205.179443359375 205.1772003173828
truck 0.99840623 58.12378692626953 51.10226058959961 95.93328094482422 89.05810546875
dog 0.9980624 213.92495727539062 190.0471954345703 243.05242919921875 218.88722229003906
frog 0.99519116 25.213973999023438 178.84176635742188 60.118255615234375 213.95263671875
ship 0.99215794 78.09986877441406 23.24129867553711 96.86781311035156 42.04349136352539
bird 0.99020153 199.1511993408203 45.96696472167969 234.0095977783203 81.0586166381836
bird 0.97821665 211.93299865722656 120.80876159667969 244.04063415527344 152.99671936035156
airplane 0.9779376 153.05430603027344 62.951900482177734 188.20774841308594 98.09437561035156
truck 0.95287776 44.726417541503906 134.60848999023438 70.81437683105469 159.33453369140625
dog 0.9443644 63.20532989501953 162.1643524169922 84.9936752319336 183.96714782714844
dog 0.94096303 13.985515594482422 49.115760803222656 48.868350982666016 84.10150909423828
dog 0.92490274 72.9861831665039 112.00431823730469 89.17261505126953 127.99710083007812
deer 0.9180821 110.88935089111328 204.15879821777344 127.0909194946289 220.12940979003906
truck 0.8978838 163.81239318847656 10.958150863647461 182.96974182128906 30.206602096557617
bird 0.879415 34.002071380615234 91.37207794189453 63.00837326049805 119.95015716552734
frog 0.74918 91.2432632446289 177.34344482421875 117.07154083251953 202.88824462890625
bird 0.6711229 63.2458381652832 162.05258178710938 85.01763916015625 183.76669311523438
truck 0.55367273 133.1123504638672 21.06568145751953 162.0288848876953 50.139930725097656
airplane 0.4940371 91.0545883178711 177.21739196777344 116.90644073486328 202.78395080566406
cat 0.3523174 34.002071380615234 91.37207794189453 63.00837326049805 119.95015716552734
deer 0.31099468 133.2615966796875 20.937658309936523 162.03707885742188 50.14972686767578
automobile 0.30012888 91.0545883178711 177.21739196777344 116.90644073486328 202.78395080566406
ship 0.28133765 110.909423828125 204.1075897216797 127.11408996582031 220.12709045410156
deer 0.26974803 115.11992645263672 105.01368713378906 136.9774169921875 127.09884643554688
bird 0.2274358 110.92526245117188 204.0713653564453 127.04499816894531 220.0613250732422
automobile 0.22054893 152.92942810058594 62.99772644042969 188.14454650878906 98.15037536621094
truck 0.21677741 110.91668701171875 204.0741424560547 126.950927734375 220.05299377441406
automobile 0.21157405 163.81744384765625 11.00805950164795 182.8089599609375 30.662071228027344
automobile 0.20415753 110.91668701171875 204.0741424560547 126.950927734375 220.05299377441406
