ship 0.9991575 69.08576965332031 143.04855346679688 98.18656921386719 171.78857421875
ship 0.9983279 161.04910278320312 138.02313232421875 190.10101318359375 166.962158203125
automobile 0.99712527 7.167954444885254 93.08073425292969 25.991313934326172 111.89070129394531
automobile 0.99685013 69.16038513183594 30.97759437561035 101.01605224609375 63.194801330566406
truck 0.9956829 50.08076858520508 91.08740997314453 81.91969299316406 123.11136627197266
airplane 0.993698 170.0148468017578 22.088726043701172 205.00205993652344 56.896183013916016
automobile 0.9924017 113.16985321044922 41.17286682128906 148.14993286132812 76.11898803710938
frog 0.9883641 31.132667541503906 54.08542251586914 52.96958923339844 75.94438171386719
airplane 0.9856522 1.9721050262451172 9.047882080078125 37.283348083496094 43.9615478515625
bird 0.97134256 107.02031707763672 139.00515747070312 129.03158569335938 161.0689697265625
ship 0.9695103 38.87297439575195 7.037114143371582 61.0761604309082 29.091033935546875
dog 0.9488343 153.0042266845703 112.15255737304688 174.9986114501953 133.9412078857422
bird 0.92881715 212.06593322753906 47.039730072021484 247.0347442626953 82.06730651855469
cat 0.9284729 143.08682250976562 197.32891845703125 177.96371459960938 231.95037841796875
airplane 0.86588573 118.07655334472656 188.17742919921875 140.16844177246094 209.93048095703125
cat 0.84327084 74.9230728149414 214.0074005126953 90.91992950439453 230.1754913330078
cat 0.78367186 96.95662689208984 102.1234130859375 119.22313690185547 124.01968383789062
ship 0.75331736 118.07655334472656 188.17742919921875 140.16844177246094 209.93048095703125
dog 0.5928596 74.9230728149414 214.0074005126953 90.91992950439453 230.1754913330078
cat 0.58450294 204.00885009765625 180.93408203125 242.001708984375 218.95773315429688
dog 0.54434276 24.163700103759766 195.07669067382812 50.072078704833984 221.0313720703125
airplane 0.44968975 38.965118408203125 7.03761100769043 61.13250732421875 28.82718849182129
deer 0.44127467 24.163700103759766 195.07669067382812 50.072078704833984 221.0313720703125
frog 0.39247122 212.09112548828125 46.897438049316406 247.08279418945312 82.10465240478516
cat 0.3789266 24.163700103759766 195.07669067382812 50.072078704833984 221.0313720703125
