truck 0.9989339 125.1193618774414 214.95372009277344 154.06187438964844 244.04737854003906
truck 0.9986067 21.93740463256836 99.0537109375 54.03055191040039 131.25527954101562
dog 0.9973731 47.87554931640625 36.10389709472656 79.99533081054688 68.05490112304688
ship 0.99578756 52.03282928466797 132.1426544189453 84.11292266845703 164.02540588378906
dog 0.9944476 78.11811828613281 13.049673080444336 99.98959350585938 35.044593811035156
dog 0.98970246 92.19960021972656 168.10113525390625 114.12794494628906 190.23239135742188
frog 0.98670965 189.8810272216797 9.025108337402344 216.02284240722656 35.12220001220703
deer 0.98555595 155.0604248046875 175.09779357910156 183.94778442382812 204.0042266845703
deer 0.98433024 118.937255859375 131.09286499023438 156.98651123046875 168.95327758789062
frog 0.9826137 178.0711669921875 94.04180908203125 207.27716064453125 122.94287109375
frog 0.9798015 130.070068359375 22.11273193359375 159.05194091796875 51.1082763671875
bird 0.9709791 191.05926513671875 37.06145095825195 219.7958984375 66.07318115234375
cat 0.9536916 168.93043518066406 42.09287643432617 188.06336975097656 61.006771087646484
automobile 0.91991276 3.2737817764282227 158.16627502441406 21.964927673339844 176.86924743652344
frog 0.8428935 13.928977012634277 32.166141510009766 42.713890075683594 60.97397994995117
ship 0.8351766 60.085208892822266 15.039179801940918 76.20559692382812 31.08472442626953
airplane 0.7294605 60.05507278442383 14.957963943481445 76.25470733642578 31.151697158813477
truck 0.6835568 212.2905731201172 87.19337463378906 238.0184783935547 112.75784301757812
deer 0.6781705 9.929666519165039 193.96690368652344 42.043426513671875 226.12660217285156
frog 0.6700355 95.1653060913086 193.94973754882812 114.01107025146484 213.10098266601562
truck 0.61140335 3.080486297607422 158.19358825683594 22.00615692138672 176.9356231689453
bird 0.57225657 95.11148834228516 193.81211853027344 113.99848175048828 213.06849670410156
airplane 0.2511071 212.31582641601562 87.03369140625 238.0706787109375 112.76969909667969
cat 0.2220881 212.2905731201172 87.19337463378906 238.0184783935547 112.75784301757812
cat 0.20908436 47.87554931640625 36.10389709472656 79.99533081054688 68.05490112304688
cat 0.20650294 189.8810272216797 9.025108337402344 216.02284240722656 35.12220001220703
