ship 0.9988413 105.00936889648438 146.02818298339844 127.03157043457031 168.08506774902344
deer 0.99606484 85.06353759765625 99.13713836669922 111.08566284179688 124.78247833251953
frog 0.9943155 198.00965881347656 197.9425811767578 232.97389221191406 232.82762145996094
automobile 0.99329454 15.028170585632324 29.086999893188477 34.10386657714844 47.56495666503906
truck 0.99253017 41.064720153808594 5.958309173583984 78.98045349121094 43.96157455444336
airplane 0.99217725 51.26506805419922 169.28701782226562 86.18279266357422 203.94241333007812
automobile 0.99004734 76.09754943847656 139.15435791015625 91.95822143554688 154.99862670898438
automobile 0.9832127 119.16365051269531 114.0370864868164 141.01390075683594 136.1503448486328
cat 0.9820014 32.24169921875 110.03062438964844 57.99418640136719 136.0204315185547
airplane 0.98029506 190.1335906982422 130.03158569335938 221.8866729736328 161.90328979492188
deer 0.95937896 208.00711059570312 21.013456344604492 242.89950561523438 55.967994689941406
airplane 0.93304133 204.1273956298828 83.211669921875 241.92076110839844 121.03141784667969
airplane 0.9291952 139.1449737548828 1.042531967163086 173.9114227294922 36.17877197265625
dog 0.92283654 106.99637603759766 34.35929489135742 129.0391082763672 56.01853561401367
ship 0.9047557 125.17044067382812 73.97716522216797 153.99826049804688 103.94925689697266
cat 0.88151073 3.973526954650879 122.20509338378906 26.058547973632812 143.9876251220703
dog 0.7872963 167.06842041015625 143.12908935546875 183.12924194335938 159.06417846679688
ship 0.52424616 3.998720169067383 122.20594024658203 26.083389282226562 143.99842834472656
deer 0.51952404 139.146728515625 1.0584640502929688 174.08477783203125 36.21184158325195
automobile 0.48195943 190.1335906982422 130.03158569335938 221.8866729736328 161.90328979492188
automobile 0.3884396 124.97622680664062 73.96345520019531 154.17221069335938 103.84092712402344
airplane 0.3047367 76.09754943847656 139.15435791015625 91.95822143554688 154.99862670898438
cat 0.25778198 107.103515625 34.400821685791016 128.98422241210938 55.95643997192383
ship 0.25095278 204.15989685058594 83.64213562011719 241.9059600830078 120.88333129882812
bird 0.237607 4.068903923034668 122.32006072998047 25.96977996826172 144.00039672851562
