truck 0.99891037 181.81478881835938 154.0819091796875 211.10760498046875 182.9852294921875
frog 0.99828005 201.25308227539062 208.31906127929688 230.15383911132812 236.9364013671875
airplane 0.99814975 40.169979095458984 123.04766845703125 68.95143127441406 152.01031494140625
bird 0.9970695 67.22749328613281 193.07765197753906 95.73826599121094 222.10585021972656
airplane 0.9968717 147.95651245117188 87.93143463134766 170.02352905273438 109.99565887451172
frog 0.9968655 110.02877807617188 126.1051254272461 139.09405517578125 154.77899169921875
automobile 0.99572223 112.12734985351562 157.08277893066406 143.74879455566406 189.25135803222656
frog 0.99558806 63.06407928466797 78.119384765625 100.90557098388672 116.11013793945312
automobile 0.99196965 98.05924224853516 198.21571350097656 133.03123474121094 232.93592834472656
bird 0.98142993 123.99944305419922 4.970836639404297 139.98060607910156 21.010059356689453
airplane 0.9581835 172.9345703125 90.07377624511719 211.11187744140625 128.17947387695312
deer 0.9465952 117.02554321289062 84.82406616210938 146.1829833984375 114.04421997070312
frog 0.9425026 9.923001289367676 105.14926147460938 36.27214431762695 131.08180236816406
truck 0.91233253 106.05490112304688 48.976531982421875 121.91828918457031 65.00740051269531
cat 0.72254735 177.04266357421875 45.891197204589844 208.96441650390625 78.30184936523438
automobile 0.6896966 106.05490112304688 48.976531982421875 121.91828918457031 65.00740051269531
cat 0.6744052 32.009071350097656 49.069889068603516 58.11138916015625 75.20884704589844
deer 0.56662107 88.00249481201172 16.16510581970215 109.9986343383789 37.972373962402344
dog 0.5650177 177.08787536621094 45.894203186035156 208.95558166503906 78.30479431152344
airplane 0.5436269 106.05490112304688 48.976531982421875 121.91828918457031 65.00740051269531
dog 0.47349662 147.85333251953125 195.04322814941406 180.15512084960938 226.89598083496094
airplane 0.44412634 177.04266357421875 45.891197204589844 208.96441650390625 78.30184936523438
bird 0.38801175 149.8591766357422 138.00515747070312 169.93519592285156 159.92196655273438
frog 0.37164295 149.8591766357422 138.00515747070312 169.93519592285156 159.92196655273438
bird 0.36328417 9.923001289367676 105.14926147460938 36.27214431762695 131.08180236816406
dog 0.31433505 124.01063537597656 5.044126987457275 139.94569396972656 20.96738624572754
bird 0.2732302 147.93394470214844 195.1653594970703 180.1649932861328 227.0088653564453
cat 0.2553137 149.8591766357422 138.00515747070312 169.93519592285156 159.92196655273438
ship 0.2449685 123.98529815673828 4.960453033447266 140.00247192382812 20.960500717163086
bird 0.23107454 88.00249481201172 16.16510581970215 109.9986343383789 37.972373962402344
airplane 0.22196361 10.109213829040527 104.99784088134766 36.21135330200195 131.3068389892578
cat 0.21309331 124.01063537597656 5.044126987457275 139.94569396972656 20.96738624572754
