ship 0.99885535 142.11338806152344 184.0996551513672 171.0469512939453 213.10984802246094
frog 0.9988389 54.97200393676758 114.12174987792969 83.94564819335938 143.03736877441406
automobile 0.9987192 11.126587867736816 181.89712524414062 42.850833892822266 214.19271850585938
automobile 0.9985664 55.96103286743164 162.08438110351562 74.94892120361328 180.909912109375
frog 0.998279 166.9915313720703 107.0953369140625 195.84132385253906 135.790771484375
ship 0.9981215 62.9859504699707 30.13240623474121 98.11088562011719 65.10821533203125
ship 0.99738085 28.07386589050293 98.05526733398438 47.005615234375 116.95469665527344
bird 0.99680054 107.03799438476562 92.01426696777344 133.0098876953125 118.03884887695312
bird 0.99641675 16.985538482666016 141.92495727539062 49.121639251708984 173.96902465820312
truck 0.99628925 11.15439224243164 5.1586503982543945 37.046268463134766 30.990192413330078
frog 0.9941775 107.26109313964844 6.122922897338867 138.96070861816406 38.093475341796875
frog 0.9936156 47.9318962097168 186.68614196777344 70.07148742675781 209.0049591064453
airplane 0.9915978 160.11209106445312 1.9751434326171875 198.07427978515625 39.98998260498047
bird 0.9724998 67.089599609375 68.24383544921875 105.12789916992188 106.09893798828125
ship 0.96671647 65.97077941894531 7.179597854614258 85.1324462890625 26.305383682250977
cat 0.9571765 185.16091918945312 144.07867431640625 211.00262451171875 170.0828857421875
airplane 0.858251 101.91773223876953 151.0373077392578 139.86520385742188 189.00172424316406
airplane 0.59962916 4.9740400314331055 51.08076477050781 20.993690490722656 67.02223205566406
cat 0.57211953 101.94367980957031 150.9976348876953 139.8925018310547 189.0869903564453
deer 0.5639083 67.24642181396484 68.26976013183594 105.06705474853516 106.15235900878906
cat 0.27301973 66.028564453125 7.232474327087402 85.04692077636719 26.18004608154297
bird 0.25882152 101.94367980957031 150.9976348876953 139.8925018310547 189.0869903564453
frog 0.23463348 66.028564453125 7.232474327087402 85.04692077636719 26.18004608154297
