airplane 0.99923855 74.0633773803711 20.969223022460938 102.71324920654297 49.83222961425781
bird 0.9983559 62.02225875854492 106.06544494628906 91.01133728027344 135.11277770996094
bird 0.9959371 173.05230712890625 64.09415435791016 210.8494873046875 102.15470123291016
frog 0.9955766 213.16275024414062 56.014610290527344 251.0784912109375 94.09905242919922
dog 0.9945563 16.093387603759766 178.01783752441406 50.961483001708984 213.00392150878906
ship 0.9923157 194.04336547851562 185.11976623535156 223.0711669921875 214.05018615722656
airplane 0.9911834 103.90008544921875 47.084537506103516 126.06214904785156 69.02495574951172
deer 0.9900478 186.00851440429688 20.156394958496094 220.9083251953125 54.99766540527344
deer 0.98995167 119.03809356689453 118.04582214355469 147.95236206054688 147.14576721191406
automobile 0.9861634 117.91836547851562 171.1455535888672 134.18038940429688 187.18446350097656
dog 0.98402953 19.063251495361328 41.07973098754883 48.03963088989258 70.04000854492188
airplane 0.9835021 93.11813354492188 212.95016479492188 128.05479431152344 247.7930908203125
airplane 0.9800595 45.07120895385742 140.08370971679688 76.91490173339844 171.7728271484375
bird 0.91150033 187.0289306640625 106.13641357421875 216.01266479492188 135.20663452148438
bird 0.9052402 196.05848693847656 144.23289489746094 218.01646423339844 165.8883819580078
airplane 0.9028646 166.9510955810547 110.89884948730469 183.14573669433594 126.9942626953125
truck 0.8973447 132.1725616455078 211.01849365234375 150.8987274169922 229.9693603515625
ship 0.75428295 105.01212310791016 9.956416130065918 124.00157928466797 29.006866455078125
bird 0.68903756 74.91864776611328 53.047874450683594 94.07320404052734 71.9999771118164
ship 0.67685753 167.00738525390625 110.94389343261719 183.12057495117188 126.93913269042969
cat 0.6259306 104.94049072265625 9.975225448608398 124.04716491699219 28.98079490661621
deer 0.43335915 74.91864776611328 53.047874450683594 94.07320404052734 71.9999771118164
cat 0.3744815 74.91864776611328 53.047874450683594 94.07320404052734 71.9999771118164
airplane 0.25249115 187.0289306640625 106.13641357421875 216.01266479492188 135.20663452148438
dog 0.22740862 195.9036865234375 144.38111877441406 217.98846435546875 165.9934539794922
deer 0.2246339 19.14385223388672 41.07770538330078 47.99285125732422 70.18101501464844
deer 0.21484542 187.0289306640625 106.13641357421875 216.01266479492188 135.20663452148438
