airplane 0.9983929 131.091796875 147.18426513671875 163.14657592773438 179.13275146484375
truck 0.9982854 174.02783203125 136.09678649902344 202.94354248046875 165.08351135253906
automobile 0.99789274 205.0742950439453 3.274637222290039 239.8365020751953 38.06463623046875
ship 0.9969644 13.94233512878418 185.19847106933594 48.963523864746094 220.07643127441406
bird 0.99694395 27.98786163330078 50.003883361816406 66.26012420654297 87.98348236083984
dog 0.9962996 128.70542907714844 15.900632858276367 144.90367126464844 31.941465377807617
truck 0.99607277 78.11194610595703 48.11004638671875 110.09545135498047 80.00334167480469
dog 0.9947145 57.17435073852539 4.029725074768066 85.92848205566406 33.17322540283203
ship 0.9944798 16.981185913085938 0.8395519256591797 48.89512634277344 33.082496643066406
airplane 0.99324155 93.98992156982422 3.861715316772461 120.01871490478516 29.85129737854004
dog 0.9794768 212.0365753173828 173.91384887695312 247.0372772216797 208.7838134765625
cat 0.96695936 33.9676513671875 132.07974243164062 55.97437286376953 154.05032348632812
frog 0.95618767 67.0302505493164 166.13209533691406 102.09954071044922 200.91615295410156
truck 0.90181434 214.97093200683594 97.83316802978516 231.0454864501953 114.21443939208984
deer 0.8817055 144.2320098876953 79.17212677001953 178.99366760253906 114.01604461669922
automobile 0.8333787 175.15687561035156 196.0557861328125 193.9852752685547 215.07266235351562
cat 0.74066913 188.97415161132812 170.03729248046875 210.94815063476562 192.11679077148438
airplane 0.6747952 175.15687561035156 196.0557861328125 193.9852752685547 215.07266235351562
truck 0.5331582 96.92436981201172 124.08562469482422 129.0588836669922 155.98321533203125
dog 0.5277199 193.84812927246094 61.080322265625 229.3273162841797 96.046875
automobile 0.5259413 96.92436981201172 124.08562469482422 129.0588836669922 155.98321533203125
airplane 0.48326284 214.97093200683594 97.83316802978516 231.0454864501953 114.21443939208984
cat 0.47429672 214.97093200683594 97.83316802978516 231.0454864501953 114.21443939208984
deer 0.4733055 193.93869018554688 61.05906677246094 229.098388671875 96.0692138671875
frog 0.34350348 96.92436981201172 124.08562469482422 129.0588836669922 155.98321533203125
airplane 0.33456707 188.97894287109375 170.15866088867188 210.93429565429688 192.3123779296875
frog 0.3168599 193.95578002929688 61.07427978515625 229.13204956054688 96.14234924316406
ship 0.30236202 175.12103271484375 195.98764038085938 193.99008178710938 215.1019287109375
frog 0.29137337 215.09393310546875 97.8321762084961 230.9517822265625 114.13506317138672
truck 0.27117488 175.08450317382812 196.02618408203125 193.9254150390625 215.02255249023438
ship 0.26468256 188.97415161132812 170.03729248046875 210.94815063476562 192.11679077148438
cat 0.25111717 97.01934051513672 124.13258361816406 129.01564025878906 156.08567810058594
bird 0.23937178 193.84812927246094 61.080322265625 229.3273162841797 96.046875
dog 0.2184639 34.04283905029297 132.23724365234375 55.86669158935547 154.01751708984375
frog 0.2120103 128.13812255859375 190.19984436035156 163.12939453125 225.21656799316406
frog 0.21142718 34.04283905029297 132.23724365234375 55.86669158935547 154.01751708984375
airplane 0.21001682 96.92436981201172 124.08562469482422 129.0588836669922 155.98321533203125
ship 0.20573339 96.73451232910156 124.10920715332031 129.00059509277344 156.02699279785156
