automobile 0.99852985 187.1135711669922 193.0648193359375 208.9120635986328 215.01797485351562
automobile 0.9985018 66.01908874511719 214.1207733154297 88.03239440917969 235.98719787597656
airplane 0.9974161 101.98880767822266 206.03443908691406 123.9719009399414 228.0052947998047
airplane 0.9974001 129.0885467529297 168.94944763183594 155.12355041503906 195.12144470214844
ship 0.99658614 143.1965789794922 78.0271224975586 164.9670867919922 99.92728424072266
airplane 0.99624324 21.010299682617188 50.001365661621094 39.93302917480469 69.0749740600586
frog 0.9947826 16.088571548461914 172.08859252929688 37.98292541503906 193.951904296875
airplane 0.99413246 138.11865234375 5.044452667236328 166.89263916015625 34.13568878173828
truck 0.98013204 104.98357391357422 91.97273254394531 134.0609130859375 120.96511840820312
deer 0.9757072 204.9110107421875 92.15679931640625 234.00259399414062 121.19264221191406
dog 0.9693535 137.00946044921875 207.10714721679688 155.93389892578125 226.02249145507812
frog 0.95267665 12.230554580688477 197.0706024169922 41.051124572753906 225.9555206298828
deer 0.9441333 57.08205795288086 190.24111938476562 75.98831176757812 209.06338500976562
deer 0.8485012 67.05036926269531 34.03509521484375 82.99655151367188 50.111732482910156
ship 0.7888055 167.00575256347656 105.05248260498047 201.9673614501953 139.75735473632812
cat 0.7307421 27.051902770996094 113.10243225097656 64.9887466430664 151.05235290527344
deer 0.7148981 27.051902770996094 113.10243225097656 64.9887466430664 151.05235290527344
ship 0.6830233 189.0285186767578 57.96492004394531 205.1134490966797 74.02073669433594
truck 0.6332879 189.0285186767578 57.96492004394531 205.1134490966797 74.02073669433594
bird 0.6283364 167.0167694091797 104.98622131347656 202.0038299560547 139.89747619628906
cat 0.51190996 189.04440307617188 57.91025161743164 205.04403686523438 74.08778381347656
cat 0.47629192 69.16035461425781 149.08670043945312 95.07241821289062 175.17581176757812
truck 0.3757338 67.00021362304688 34.00126647949219 83.02267456054688 50.023040771484375
deer 0.29930952 192.01426696777344 6.984199523925781 223.8894805908203 39.136512756347656
bird 0.28072387 27.051902770996094 113.10243225097656 64.9887466430664 151.05235290527344
cat 0.2513432 12.230554580688477 197.0706024169922 41.051124572753906 225.9555206298828
airplane 0.21929577 105.08952331542969 92.06330108642578 134.02976989746094 120.93431854248047
