ship 0.9993663 11.023792266845703 36.15512466430664 33.00115966796875 57.98796463012695
frog 0.99936044 105.11973571777344 33.00897979736328 133.8983917236328 62.275474548339844
truck 0.9990481 32.08406066894531 187.08338928222656 53.96571350097656 209.01524353027344
airplane 0.9983829 7.972036361694336 143.1779022216797 36.992881774902344 171.8398895263672
truck 0.99803466 131.190185546875 95.18534088134766 169.04275512695312 133.10989379882812
truck 0.9978931 102.99073791503906 146.02252197265625 122.0421142578125 164.9229736328125
deer 0.99650323 178.96844482421875 52.077369689941406 213.91079711914062 87.03282928466797
automobile 0.994053 100.1270523071289 213.0928192138672 135.0243377685547 248.10215759277344
frog 0.99353087 197.27294921875 17.627304077148438 226.08367919921875 45.79966735839844
truck 0.98511606 147.1409149169922 37.94716262817383 172.91395568847656 64.148193359375
bird 0.96174824 191.0067901611328 109.28102111816406 222.90773010253906 141.1852569580078
airplane 0.95160246 129.92086791992188 173.2775421142578 165.10626220703125 207.89024353027344
cat 0.9416294 55.151241302490234 152.56796264648438 74.1240234375 170.947509765625
bird 0.9391936 177.04116821289062 185.0929412841797 193.052978515625 201.02220153808594
bird 0.9252968 93.0311279296875 80.03516387939453 119.04397583007812 105.88066864013672
deer 0.9091641 43.91270446777344 118.99034881591797 76.08392333984375 150.76058959960938
deer 0.81903625 7.810783386230469 16.133760452270508 23.983356475830078 32.0498046875
bird 0.73710483 43.855430603027344 119.00991821289062 76.05792999267578 150.74310302734375
cat 0.6989602 64.96011352539062 42.09848403930664 100.19931030273438 76.989013671875
frog 0.6397877 93.0311279296875 80.03516387939453 119.04397583007812 105.88066864013672
truck 0.63436556 32.81548309326172 83.93818664550781 65.16277313232422 116.05520629882812
cat 0.5878475 32.81548309326172 83.93818664550781 65.16277313232422 116.05520629882812
ship 0.56588113 32.81548309326172 83.93818664550781 65.16277313232422 116.05520629882812
bird 0.5128456 64.96011352539062 42.09848403930664 100.19931030273438 76.989013671875
deer 0.48621145 177.04116821289062 185.0929412841797 193.052978515625 201.02220153808594
ship 0.43406945 55.151241302490234 152.56796264648438 74.1240234375 170.947509765625
ship 0.3437102 64.96011352539062 42.09848403930664 100.19931030273438 76.989013671875
bird 0.2838647 7.828473091125488 16.09157943725586 23.941986083984375 32.07344436645508
cat 0.2405304 7.905006408691406 16.169923782348633 24.001739501953125 32.100948333740234
