truck 0.9991065 156.02786254882812 162.97869873046875 187.98287963867188 195.07254028320312
ship 0.9980618 64.97154998779297 197.0684814453125 84.00821685791016 216.0167236328125
truck 0.9979193 73.04141998291016 87.0801773071289 99.0078353881836 113.01317596435547
truck 0.99785733 145.90467834472656 3.135104179382324 175.1021270751953 31.922252655029297
automobile 0.9972061 199.08026123046875 100.99528503417969 225.01190185546875 127.05020141601562
airplane 0.9969925 124.99666595458984 33.18546676635742 147.0599822998047 55.0314826965332
frog 0.9953476 94.02515411376953 183.8859100341797 122.97284698486328 212.8793182373047
deer 0.9931918 14.088427543640137 177.90464782714844 36.043296813964844 200.14527893066406
frog 0.98959917 212.951416015625 49.212825775146484 247.74783325195312 83.9990234375
automobile 0.9824393 7.057181358337402 212.0972442626953 26.095741271972656 231.02110290527344
cat 0.98204875 103.9932861328125 128.87774658203125 119.96226501464844 144.980712890625
bird 0.9718461 113.96304321289062 86.02348327636719 136.07205200195312 107.98771667480469
cat 0.9629787 199.96011352539062 135.86497497558594 216.08197021484375 152.0176544189453
bird 0.9556341 141.9069366455078 125.20801544189453 174.1290740966797 156.84039306640625
dog 0.8910539 40.086463928222656 48.00970458984375 78.06757354736328 86.050048828125
frog 0.7790888 204.1221923828125 14.042200088500977 235.91802978515625 45.880470275878906
deer 0.74529546 55.07317352294922 2.0304203033447266 93.01595306396484 40.188873291015625
automobile 0.70100015 207.1597900390625 187.05580139160156 229.03622436523438 209.06605529785156
deer 0.66634357 141.9069366455078 125.20801544189453 174.1290740966797 156.84039306640625
truck 0.547693 207.25392150878906 187.06719970703125 229.0629425048828 209.0338134765625
bird 0.4378553 56.04170227050781 2.268960952758789 93.1180419921875 40.36945343017578
dog 0.43057615 199.96124267578125 135.8592987060547 215.99691772460938 152.00709533691406
frog 0.42871228 55.07317352294922 2.0304203033447266 93.01595306396484 40.188873291015625
truck 0.42693585 25.145519256591797 13.171460151672363 46.8911018371582 35.092979431152344
truck 0.39637834 199.96011352539062 135.86497497558594 216.08197021484375 152.0176544189453
dog 0.39140856 204.13446044921875 14.045699119567871 235.88522338867188 46.011234283447266
deer 0.37853795 25.145519256591797 13.171460151672363 46.8911018371582 35.092979431152344
deer 0.3471276 199.96011352539062 135.86497497558594 216.08197021484375 152.0176544189453
deer 0.3151169 104.01828002929688 128.91091918945312 119.94093322753906 144.99822998046875
