dog 0.99888146 85.00448608398438 80.09587097167969 117.06365966796875 111.98150634765625
ship 0.9988787 211.92649841308594 7.028736114501953 231.09861755371094 26.119178771972656
ship 0.9985248 42.96015548706055 191.06353759765625 75.02944946289062 223.02633666992188
ship 0.9984293 29.10361099243164 98.01856994628906 66.88607788085938 136.02578735351562
airplane 0.99676704 144.91421508789062 126.16950225830078 180.08871459960938 161.30279541015625
airplane 0.9965583 135.10675048828125 211.14199829101562 167.056396484375 243.11672973632812
frog 0.9952483 189.99197387695312 106.99676513671875 212.08187866210938 129.03428649902344
bird 0.9929519 189.12416076660156 156.9144287109375 227.01768493652344 194.7845458984375
airplane 0.9872409 121.98509979248047 106.04595947265625 143.9962921142578 128.0691680908203
airplane 0.9865569 154.14930725097656 165.0323486328125 186.1200408935547 197.07278442382812
frog 0.9855765 129.98162841796875 22.202314376831055 164.99639892578125 56.956809997558594
deer 0.98406726 71.11643981933594 165.0511932373047 87.06532287597656 181.07713317871094
deer 0.97893137 135.0673370361328 67.12782287597656 164.01112365722656 96.04051208496094
truck 0.91304386 14.025605201721191 186.9702606201172 33.00483703613281 205.93113708496094
frog 0.89741457 137.23875427246094 175.0567626953125 152.66737365722656 191.05914306640625
airplane 0.8305349 35.21022415161133 20.09884262084961 63.9941291809082 49.0944709777832
cat 0.76687765 183.1547088623047 61.87262725830078 214.68125915527344 94.01734161376953
truck 0.74609804 24.978652954101562 60.030696868896484 44.097412109375 78.91840362548828
frog 0.7040659 183.19656372070312 62.00670623779297 214.72271728515625 94.04232025146484
truck 0.6614536 13.948748588562012 214.95668029785156 30.00146484375 231.1118621826172
bird 0.58062154 137.23875427246094 175.0567626953125 152.66737365722656 191.05914306640625
airplane 0.5152202 13.895962715148926 215.0102081298828 29.985103607177734 231.0480499267578
dog 0.43066207 183.1883544921875 62.026939392089844 214.67776489257812 94.07530975341797
deer 0.38348368 137.23875427246094 175.0567626953125 152.66737365722656 191.05914306640625
deer 0.37661934 24.91800880432129 60.103118896484375 44.086090087890625 78.92041015625
airplane 0.3610294 24.978652954101562 60.030696868896484 44.097412109375 78.91840362548828
bird 0.33185002 71.11643981933594 165.0511932373047 87.06532287597656 181.07713317871094
cat 0.30152684 13.948748588562012 214.95668029785156 30.00146484375 231.1118621826172
dog 0.26014036 13.948748588562012 214.95668029785156 30.00146484375 231.1118621826172
