automobile 0.99809766 16.002239227294922 73.08621215820312 35.05125427246094 91.98390197753906
truck 0.9980495 171.99996948242188 155.93820190429688 197.9500732421875 181.90155029296875
truck 0.9979118 61.975955963134766 80.03057861328125 97.02511596679688 115.09140014648438
bird 0.9975195 28.061784744262695 143.15664672851562 65.96820831298828 181.1488037109375
truck 0.99732095 212.97549438476562 143.26666259765625 242.06307983398438 171.94631958007812
bird 0.9958991 194.05459594726562 82.29119110107422 223.14205932617188 111.06914520263672
ship 0.9938363 191.9884490966797 199.02542114257812 227.2025909423828 233.75811767578125
airplane 0.9909855 127.01504516601562 146.14674377441406 159.01092529296875 178.11622619628906
frog 0.9897981 115.07986450195312 91.06622314453125 153.03619384765625 129.02206420898438
dog 0.98417294 176.8901824951172 0.5355491638183594 196.0452117919922 19.87313461303711
deer 0.9755063 115.04724884033203 184.0614776611328 147.14431762695312 215.96617126464844
deer 0.9748262 70.1107406616211 32.32708740234375 96.00836944580078 58.0206298828125
ship 0.93125415 3.062023162841797 203.10935974121094 22.09345817565918 222.0520477294922
cat 0.92301184 118.081298828125 1.9027271270751953 137.054443359375 21.201087951660156
frog 0.8982558 85.13062286376953 162.16107177734375 104.02913665771484 181.0284423828125
airplane 0.88098645 79.94075775146484 127.9344482421875 99.03022003173828 147.1243896484375
dog 0.8318784 150.98377990722656 46.950294494628906 180.05845642089844 76.0245132446289
bird 0.7448987 151.1038360595703 46.92819595336914 179.9745635986328 75.94607543945312
dog 0.4731425 140.0659942626953 13.093277931213379 159.07643127441406 31.956634521484375
cat 0.4613906 139.96707153320312 13.131178855895996 159.15069580078125 31.982627868652344
bird 0.4468214 140.15235900878906 13.043842315673828 159.05772399902344 32.049068450927734
ship 0.44543436 79.90618896484375 127.84956359863281 99.17765808105469 147.2628631591797
cat 0.41229063 98.95986938476562 24.89419174194336 136.9140167236328 63.07389450073242
dog 0.37006855 99.10447692871094 24.888227462768555 136.81150817871094 62.99512481689453
deer 0.3601622 98.95986938476562 24.89419174194336 136.9140167236328 63.07389450073242
truck 0.2842962 3.07369327545166 203.12112426757812 22.098793029785156 222.09048461914062
bird 0.2803244 118.081298828125 1.9027271270751953 137.054443359375 21.201087951660156
bird 0.26390433 98.30815124511719 24.609798431396484 136.78939819335938 62.628665924072266
deer 0.21125779 192.16387939453125 50.876708984375 221.19207763671875 80.0706787109375
automobile 0.204319 85.16710662841797 162.43150329589844 103.91585540771484 181.3313751220703
ship 0.20045257 118.07474517822266 1.9497871398925781 137.11611938476562 21.195985794067383
