ship 0.9987923 185.2084197998047 156.0615692138672 210.9610137939453 181.8964080810547
automobile 0.99846876 131.0660858154297 139.10723876953125 156.89588928222656 165.030029296875
ship 0.99838614 167.98399353027344 46.077552795410156 200.04283142089844 77.89796447753906
airplane 0.9979594 150.02967834472656 169.05348205566406 181.90428161621094 201.0932159423828
automobile 0.9951851 3.05712890625 129.97703552246094 41.06108856201172 168.0476837158203
ship 0.99195766 114.93362426757812 177.0831756591797 147.16592407226562 208.9698028564453
frog 0.9917127 61.140525817871094 89.98592376708984 79.92650604248047 109.08428192138672
deer 0.98650134 30.155601501464844 46.99691390991211 65.0222396850586 82.22262573242188
airplane 0.98398167 187.04933166503906 10.985925674438477 202.92176818847656 26.93520164489746
cat 0.9811048 197.4761962890625 213.16787719726562 216.82089233398438 233.06011962890625
frog 0.978461 59.10073471069336 189.95880126953125 93.93222045898438 224.96987915039062
frog 0.9769399 193.0019073486328 84.07254028320312 212.02088928222656 103.00344848632812
airplane 0.9733181 203.30856323242188 7.130755424499512 223.0433349609375 26.100040435791016
ship 0.9653175 68.04539489746094 124.94319152832031 86.99533081054688 143.94517517089844
cat 0.9614599 92.22328186035156 54.08032989501953 127.10235595703125 89.04155731201172
dog 0.91142786 212.7733917236328 179.17868041992188 232.00120544433594 198.01980590820312
dog 0.723136 118.02850341796875 0.45294952392578125 143.88272094726562 27.268272399902344
bird 0.56503916 180.083740234375 123.00167083740234 201.98046875 145.1811981201172
cat 0.4069689 193.01185607910156 84.11366271972656 211.8948516845703 102.8690185546875
deer 0.393722 118.02850341796875 0.45294952392578125 143.88272094726562 27.268272399902344
deer 0.3189743 96.16720581054688 132.19973754882812 117.88896179199219 153.98773193359375
airplane 0.3085962 68.05220794677734 125.06612396240234 87.0221939086914 143.96151733398438
truck 0.27777037 187.13169860839844 10.953339576721191 203.0011444091797 26.888813018798828
deer 0.26866692 187.04933166503906 10.985925674438477 202.92176818847656 26.93520164489746
cat 0.2562648 212.790283203125 179.11021423339844 231.9776611328125 197.94065856933594
ship 0.2212851 187.04933166503906 10.985925674438477 202.92176818847656 26.93520164489746
