ship 0.99837095 16.19296646118164 67.17221069335938 38.07576370239258 89.13539123535156
airplane 0.9975596 8.94798469543457 203.003173828125 31.16558265686035 224.97702026367188
airplane 0.9973769 43.099098205566406 169.18096923828125 69.08216857910156 194.97793579101562
automobile 0.99722797 133.0519561767578 92.1583480834961 164.96022033691406 124.0074691772461
frog 0.9963845 84.07699584960938 81.09886932373047 116.02537536621094 113.10747528076172
automobile 0.9949083 206.00640869140625 151.19747924804688 241.0802001953125 186.35903930664062
truck 0.994508 132.0670623779297 183.12454223632812 167.10707092285156 217.90200805664062
ship 0.9944463 202.07052612304688 29.80731773376465 228.10043334960938 56.32435607910156
ship 0.9937427 143.06106567382812 65.14820098876953 162.09332275390625 83.93848419189453
frog 0.99291 53.027565002441406 21.094650268554688 75.02603912353516 42.98616027832031
bird 0.99176216 201.9795379638672 113.39496612548828 234.0858612060547 144.99874877929688
cat 0.98097336 7.972133636474609 8.294988632202148 46.20899963378906 45.93089294433594
dog 0.974989 135.10113525390625 25.982877731323242 167.2484130859375 57.96013641357422
ship 0.97030246 158.99574279785156 149.9730224609375 175.09495544433594 166.1273193359375
cat 0.93237877 190.10740661621094 71.02993774414062 228.12449645996094 108.98045349121094
bird 0.8863778 33.01146697998047 123.96800994873047 61.899024963378906 153.11410522460938
cat 0.8049192 6.960685729980469 92.88803100585938 28.880916595458984 115.17012023925781
automobile 0.5856597 33.014686584472656 123.93353271484375 61.95228576660156 153.14669799804688
dog 0.5248579 7.0735883712768555 92.75787353515625 28.773784637451172 115.08552551269531
cat 0.47843662 170.9986114501953 36.09989547729492 193.1450958251953 58.077945709228516
frog 0.45690846 201.94444274902344 113.26826477050781 234.1542205810547 144.94972229003906
deer 0.39766645 190.01956176757812 70.96139526367188 228.0145263671875 108.93428039550781
bird 0.349747 53.008724212646484 21.21366310119629 74.8516845703125 43.027923583984375
frog 0.25987118 7.0735883712768555 92.75787353515625 28.773784637451172 115.08552551269531
automobile 0.24355409 158.97178649902344 149.94015502929688 175.03907775878906 166.08270263671875
bird 0.21278548 170.97409057617188 36.06968688964844 192.963623046875 58.200889587402344
dog 0.20640117 170.97409057617188 36.06968688964844 192.963623046875 58.200889587402344
ship 0.20469207 132.05453491210938 183.1038818359375 167.02017211914062 217.80816650390625
