bird 0.9983907 117.0194091796875 96.20121002197266 146.08355712890625 124.98125457763672
bird 0.99560034 126.21102905273438 32.146484375 158.06719970703125 63.96220397949219
bird 0.99446136 198.99783325195312 121.38313293457031 230.91952514648438 152.8295440673828
truck 0.99265814 78.9557876586914 140.16355895996094 107.96691131591797 169.07566833496094
truck 0.99108607 43.87300491333008 177.9093780517578 81.98600769042969 216.07261657714844
ship 0.99050117 173.0493621826172 163.0115966796875 205.0021209716797 195.12313842773438
airplane 0.99006355 213.9615936279297 5.138084411621094 251.91615295410156 42.948692321777344
airplane 0.9811213 166.06008911132812 109.09263610839844 197.7503662109375 140.7662811279297
airplane 0.9752563 212.09706115722656 78.96395874023438 250.0883026123047 116.96469116210938
automobile 0.96328306 152.03675842285156 209.96034240722656 167.95616149902344 226.01222229003906
cat 0.94311213 68.04573822021484 58.983760833740234 106.0880355834961 97.1844482421875
automobile 0.9295038 5.118802070617676 202.98379516601562 31.098262786865234 229.0240478515625
ship 0.8814477 169.92953491210938 203.10060119628906 189.01345825195312 222.10118103027344
ship 0.8780878 60.101253509521484 117.09310150146484 75.97998046875 132.86427307128906
frog 0.85307026 91.1240234375 102.09960174560547 109.95228576660156 121.07198333740234
airplane 0.8402108 60.119224548339844 117.06940460205078 75.98661041259766 132.8790283203125
airplane 0.7584567 151.99578857421875 209.9171142578125 167.93844604492188 225.9620361328125
automobile 0.6098007 169.855712890625 203.10794067382812 188.98831176757812 222.19415283203125
deer 0.5110146 152.03675842285156 209.96034240722656 167.95616149902344 226.01222229003906
cat 0.443093 91.24496459960938 102.32470703125 109.98982238769531 121.04954528808594
truck 0.44077647 15.093269348144531 183.11080932617188 31.03997802734375 199.38818359375
frog 0.4181919 67.89170837402344 58.88296890258789 105.88674926757812 97.47080993652344
truck 0.4164731 169.92953491210938 203.10060119628906 189.01345825195312 222.10118103027344
deer 0.38864523 9.947359085083008 57.06838607788086 36.043296813964844 82.93838500976562
airplane 0.3175732 183.02354431152344 73.00477600097656 205.1295928955078 94.88337707519531
bird 0.31540614 91.1240234375 102.09960174560547 109.95228576660156 121.07198333740234
truck 0.30187964 152.03675842285156 209.96034240722656 167.95616149902344 226.01222229003906
frog 0.2806878 183.00277709960938 73.00416564941406 205.05181884765625 94.98281860351562
cat 0.27199328 60.101253509521484 117.09310150146484 75.97998046875 132.86427307128906
ship 0.2351624 152.05348205566406 209.85789489746094 167.91004943847656 225.9943084716797
deer 0.21639132 91.97532653808594 23.96280288696289 113.86683654785156 45.841793060302734
automobile 0.20139363 183.02354431152344 73.00477600097656 205.1295928955078 94.88337707519531
