ship 0.9991367 1.938929557800293 168.06976318359375 31.07010269165039 196.99249267578125
frog 0.9953442 83.01486206054688 131.02621459960938 109.17376708984375 156.97940063476562
deer 0.9942597 175.90744018554688 144.02508544921875 202.01776123046875 170.01168823242188
airplane 0.9941895 188.93492126464844 25.985816955566406 227.0318145751953 64.12621307373047
bird 0.9940735 195.9969482421875 172.94403076171875 221.9022216796875 199.14102172851562
airplane 0.9937608 77.9858627319336 29.969430923461914 103.94686126708984 56.03761291503906
ship 0.9895457 211.0985107421875 75.1786880493164 236.953369140625 100.92841339111328
truck 0.9831759 7.052560806274414 108.0740966796875 36.17565155029297 136.9219512939453
cat 0.9747971 121.96224975585938 97.23258972167969 157.11102294921875 132.20042419433594
dog 0.97206247 176.11314392089844 212.03982543945312 197.9383087158203 234.0347900390625
dog 0.960886 137.95050048828125 159.99462890625 173.07424926757812 195.20050048828125
cat 0.9130472 126.01217651367188 32.05540084838867 148.07540893554688 54.072513580322266
airplane 0.896619 180.7321319580078 88.28773498535156 207.1565704345703 114.04222106933594
cat 0.8757121 38.98500061035156 162.94407653808594 58.047332763671875 182.21437072753906
cat 0.8502495 39.10093688964844 75.33438873291016 77.1964111328125 113.0904312133789
ship 0.8413614 103.07318115234375 202.1201629638672 137.96580505371094 237.0630645751953
automobile 0.815737 35.042076110839844 207.21690368652344 60.88170623779297 233.01243591308594
truck 0.8112966 35.042076110839844 207.21690368652344 60.88170623779297 233.01243591308594
bird 0.78480005 141.04891967773438 56.01358413696289 179.00592041015625 94.12950134277344
bird 0.6700339 103.0821762084961 202.07481384277344 137.96336364746094 237.0550994873047
dog 0.62279767 140.91122436523438 56.0684814453125 178.91510009765625 94.10450744628906
truck 0.55703646 180.7321319580078 88.28773498535156 207.1565704345703 114.04222106933594
frog 0.3984181 39.10093688964844 75.33438873291016 77.1964111328125 113.0904312133789
dog 0.28189966 38.98500061035156 162.94407653808594 58.047332763671875 182.21437072753906
cat 0.27845746 80.78278350830078 99.07087707519531 107.10311126708984 125.29788208007812
frog 0.25236893 125.9852294921875 32.012813568115234 148.07870483398438 54.03953170776367
truck 0.2493284 39.133575439453125 75.27388763427734 77.103271484375 112.95919036865234
dog 0.2023589 39.10093688964844 75.33438873291016 77.1964111328125 113.0904312133789
