truck 0.9978515 60.90026092529297 185.30027770996094 87.11157989501953 210.99424743652344
automobile 0.99767864 150.98716735839844 203.20729064941406 173.0238494873047 224.99546813964844
frog 0.99756235 55.123435974121094 152.12832641601562 87.0176010131836 183.41506958007812
truck 0.9971584 49.868656158447266 36.881431579589844 87.97442626953125 74.80104064941406
airplane 0.9966623 15.102387428283691 132.0746612548828 43.894691467285156 161.1620635986328
automobile 0.9965874 113.11334991455078 113.05329895019531 148.22702026367188 148.11058044433594
deer 0.99479115 209.98135375976562 207.0982208251953 244.87271118164062 241.9447784423828
automobile 0.9943265 19.06006622314453 172.0223388671875 54.01036071777344 206.66574096679688
deer 0.9939604 17.203510284423828 88.08502960205078 52.0821647644043 123.05541229248047
truck 0.9938915 185.1087646484375 167.16705322265625 207.02243041992188 188.9361572265625
truck 0.991616 133.14393615722656 151.08824157714844 155.01268005371094 173.08436584472656
truck 0.990874 19.2646427154541 54.07975769042969 44.87995147705078 80.05955505371094
frog 0.9901022 103.99887084960938 212.0435028076172 141.99769592285156 249.98048400878906
frog 0.98806167 112.04491424560547 26.033222198486328 144.0333251953125 58.021488189697266
bird 0.9783374 206.03955078125 140.99107360839844 228.02359008789062 163.10850524902344
bird 0.9728886 52.99148941040039 123.05757141113281 71.97035217285156 142.02061462402344
dog 0.8605528 209.25062561035156 17.01913070678711 235.10435485839844 42.85530090332031
airplane 0.7758673 94.96745300292969 49.96186828613281 111.00843811035156 66.00102233886719
bird 0.66317564 94.97383117675781 50.04255676269531 111.03753662109375 66.00740814208984
ship 0.514755 94.94994354248047 49.98875427246094 111.01874542236328 65.99684143066406
deer 0.35824123 94.97383117675781 50.04255676269531 111.03753662109375 66.00740814208984
cat 0.22918922 206.06581115722656 140.86212158203125 227.9255828857422 163.01629638671875
