airplane 0.9985076 104.95051574707031 62.10884094238281 134.0742645263672 90.98080444335938
airplane 0.99847966 23.008708953857422 46.074737548828125 45.03602981567383 68.05569458007812
truck 0.9959645 123.01838684082031 32.980316162109375 144.97837829589844 54.99412536621094
ship 0.9953557 198.178466796875 129.0712890625 236.06015014648438 167.17965698242188
cat 0.99364114 54.747745513916016 21.232128143310547 80.99960327148438 47.081295013427734
bird 0.99337626 173.72361755371094 197.01907348632812 195.99400329589844 219.030517578125
dog 0.99176615 0.0 81.96710205078125 38.03582000732422 119.96563720703125
dog 0.9889815 0.07300472259521484 206.95960998535156 22.071884155273438 228.98854064941406
dog 0.98584247 64.22222137451172 106.20352172851562 83.00328826904297 125.09931945800781
automobile 0.98191667 87.10926818847656 104.12613677978516 122.20378112792969 138.84510803222656
cat 0.9740795 22.983078002929688 165.8907470703125 58.006080627441406 201.0806884765625
bird 0.9320245 134.14060974121094 178.11572265625 171.9867401123047 215.80596923828125
automobile 0.8777965 210.90322875976562 20.308677673339844 229.96286010742188 39.15471267700195
truck 0.85197955 98.10872650146484 202.17214965820312 126.82604217529297 231.14370727539062
cat 0.8346406 72.14425659179688 164.100830078125 100.8787841796875 192.84185791015625
dog 0.83037984 116.10961151123047 143.14187622070312 135.00247192382812 162.04006958007812
airplane 0.52950275 174.8296356201172 10.693442344665527 197.95567321777344 35.10245132446289
dog 0.42859036 175.0970458984375 11.789814949035645 197.36001586914062 34.9322624206543
cat 0.40408003 174.8296356201172 10.693442344665527 197.95567321777344 35.10245132446289
frog 0.4031791 72.14425659179688 164.100830078125 100.8787841796875 192.84185791015625
cat 0.3657034 116.08583068847656 143.10330200195312 135.0034637451172 162.01742553710938
frog 0.31538346 97.99588012695312 201.9196014404297 126.94752502441406 231.2467498779297
frog 0.3080422 134.12794494628906 178.10328674316406 172.0167694091797 215.8379669189453
dog 0.29840183 145.0281219482422 77.00670623779297 177.0550079345703 108.97907257080078
truck 0.28322303 210.90322875976562 20.308677673339844 229.96286010742188 39.15471267700195
bird 0.2719228 174.8296356201172 10.693442344665527 197.95567321777344 35.10245132446289
cat 0.22810519 97.8947982788086 201.99095153808594 126.84917449951172 231.2449188232422
frog 0.2192652 116.08583068847656 143.10330200195312 135.0034637451172 162.01742553710938
dog 0.21874651 22.983078002929688 165.8907470703125 58.006080627441406 201.0806884765625
