ship 0.99917966 4.963846206665039 18.104637145996094 40.01618957519531 53.01433563232422
automobile 0.99901235 55.95771789550781 3.130782127380371 88.05180358886719 35.054927825927734
dog 0.9979641 34.59729766845703 180.1044464111328 63.847679138183594 208.9418182373047
ship 0.9965484 126.0224609375 155.3047637939453 151.83840942382812 180.9729461669922
airplane 0.995293 48.12225341796875 47.10979461669922 64.04583740234375 63.01643371582031
truck 0.9950429 48.983154296875 72.0658950805664 74.95140075683594 97.98029327392578
deer 0.9924002 171.20387268066406 162.95138549804688 206.0451202392578 197.99822998046875
bird 0.990979 61.944786071777344 105.04536437988281 83.96550750732422 126.84950256347656
bird 0.98982775 154.1685791015625 60.10086441040039 192.06838989257812 98.09132385253906
frog 0.98958194 6.027163505554199 76.99275207519531 24.965824127197266 95.9891357421875
deer 0.97899395 192.11083984375 23.925262451171875 226.80715942382812 57.4659423828125
cat 0.955726 86.1128158569336 58.018001556396484 115.1343002319336 87.01138305664062
dog 0.95153415 120.99508666992188 19.31507682800293 159.09432983398438 56.886436462402344
dog 0.9433726 11.075736999511719 114.10675048828125 29.950931549072266 132.95225524902344
deer 0.9396351 69.93838500976562 189.13943481445312 88.91462707519531 207.93557739257812
dog 0.9226595 193.08438110351562 92.04588317871094 215.08877563476562 114.08497619628906
dog 0.91724837 35.057945251464844 129.23507690429688 73.0378189086914 167.0694580078125
truck 0.7837137 11.969653129577637 209.04898071289062 34.02033615112305 231.06243896484375
automobile 0.7319982 122.02103424072266 189.90182495117188 160.0410919189453 227.89529418945312
truck 0.67996895 121.95714569091797 190.0324249267578 159.9356689453125 227.96031188964844
automobile 0.6403297 11.075736999511719 114.10675048828125 29.950931549072266 132.95225524902344
automobile 0.486912 12.02649211883545 209.11093139648438 33.978336334228516 231.04299926757812
cat 0.4267767 193.11378479003906 92.11986541748047 214.8649139404297 113.97808074951172
ship 0.25308436 61.990020751953125 105.02937316894531 84.0479736328125 126.74186706542969
airplane 0.20519751 121.68905639648438 189.45950317382812 159.61959838867188 227.802490234375
airplane 0.20302695 12.174626350402832 209.28123474121094 34.06576156616211 231.2549591064453
