dog 0.9986743 158.21426391601562 39.13395690917969 186.9423828125 67.9261703491211
frog 0.9983605 79.07787322998047 208.796630859375 111.02106475830078 241.12127685546875
truck 0.99794745 44.08583450317383 68.0696792602539 78.95074462890625 103.11272430419922
deer 0.9977771 202.11956787109375 211.19996643066406 240.0318603515625 249.07301330566406
dog 0.9967634 134.11512756347656 200.17617797851562 159.95851135253906 226.02972412109375
truck 0.9966612 124.22586822509766 105.02349853515625 155.9849853515625 137.0410919189453
ship 0.9954684 120.07667541503906 46.091976165771484 138.94615173339844 64.88919067382812
frog 0.9950313 133.13099670410156 155.9326171875 155.1226348876953 177.67050170898438
bird 0.993919 5.036953926086426 82.14280700683594 31.05356216430664 108.04769897460938
automobile 0.9806831 0.9013662338256836 136.05604553222656 19.998340606689453 155.1196746826172
cat 0.9686908 79.91031646728516 155.17355346679688 118.02288055419922 193.11093139648438
airplane 0.9403919 46.06047439575195 28.998977661132812 65.01251220703125 47.8665771484375
cat 0.93509495 176.25877380371094 97.92387390136719 214.0681915283203 136.0517120361328
dog 0.92891216 42.02445983886719 210.05471801757812 74.10906982421875 241.97018432617188
automobile 0.881932 102.09532928466797 66.06192016601562 124.10631561279297 88.04443359375
automobile 0.8551873 215.0424346923828 61.96513366699219 234.10008239746094 81.11669921875
truck 0.83325654 215.05068969726562 61.99955368041992 234.02859497070312 81.06719970703125
bird 0.6218264 97.0564956665039 96.98623657226562 118.9275131225586 119.14254760742188
airplane 0.5694489 32.106117248535156 128.07431030273438 60.996116638183594 157.15252685546875
truck 0.55592567 193.05938720703125 167.02239990234375 215.01510620117188 189.02151489257812
dog 0.487242 97.1102523803711 96.94599914550781 119.09760284423828 119.04643249511719
cat 0.47453547 41.99283981323242 210.02426147460938 74.111328125 241.99099731445312
truck 0.382924 102.04969787597656 66.09651184082031 123.88720703125 87.78915405273438
ship 0.31303442 46.06047439575195 28.998977661132812 65.01251220703125 47.8665771484375
airplane 0.2568246 102.04969787597656 66.09651184082031 123.88720703125 87.78915405273438
cat 0.2276969 97.0564956665039 96.98623657226562 118.9275131225586 119.14254760742188
dog 0.22703865 176.21096801757812 97.93181610107422 214.03076171875 135.98098754882812
ship 0.20119464 0.9013662338256836 136.05604553222656 19.998340606689453 155.1196746826172
