automobile 0.99882984 57.135650634765625 109.32568359375 85.96392822265625 137.87960815429688
automobile 0.99789655 4.000349044799805 209.19044494628906 36.04515075683594 241.0980987548828
truck 0.9973532 166.7144012451172 29.184288024902344 202.1085968017578 63.82513427734375
dog 0.9971303 46.06831741333008 199.98776245117188 77.94673156738281 231.93429565429688
deer 0.9969205 15.959213256835938 49.11579132080078 53.94010925292969 87.00833892822266
bird 0.99635243 84.0508041381836 12.049357414245605 106.03885650634766 34.05859375
automobile 0.9957689 124.00437927246094 8.217752456665039 162.1482696533203 46.038818359375
truck 0.9957305 94.12555694580078 211.94677734375 122.9508285522461 240.90145874023438
airplane 0.9942769 96.06949615478516 80.39738464355469 114.97205352783203 96.926513671875
ship 0.9906299 162.17835998535156 90.03726959228516 193.88844299316406 121.9711685180664
bird 0.98368835 214.16160583496094 103.98255920410156 248.96485900878906 138.9976348876953
automobile 0.97830665 148.17564392089844 142.0623016357422 174.1509552001953 167.97117614746094
airplane 0.9655231 139.04397583007812 75.09369659423828 160.99124145507812 97.01250457763672
airplane 0.95989513 7.204523086547852 164.1201629638672 42.104400634765625 198.5062713623047
deer 0.92815995 206.08551025390625 63.023277282714844 244.035888671875 101.2928237915039
truck 0.8412124 169.88320922851562 67.64884185791016 186.0250244140625 84.2091293334961
bird 0.79900575 107.01952362060547 167.91192626953125 128.98890686035156 190.12875366210938
dog 0.7964206 204.06744384765625 174.04225158691406 230.03921508789062 200.1340789794922
cat 0.67368525 169.85678100585938 67.55290985107422 185.90087890625 84.13175201416016
cat 0.6373531 153.19277954101562 185.99195861816406 175.16549682617188 208.0868682861328
cat 0.44444066 204.10311889648438 174.12066650390625 230.0396728515625 200.19027709960938
bird 0.43777773 153.19277954101562 185.99195861816406 175.16549682617188 208.0868682861328
airplane 0.430363 169.88320922851562 67.64884185791016 186.0250244140625 84.2091293334961
deer 0.42478365 107.03561401367188 167.80662536621094 129.03457641601562 190.1721954345703
frog 0.3556655 153.08653259277344 186.01638793945312 175.1066131591797 207.99246215820312
deer 0.35308868 153.19277954101562 185.99195861816406 175.16549682617188 208.0868682861328
airplane 0.25892064 107.03561401367188 167.80662536621094 129.03457641601562 190.1721954345703
