ship 0.999218 21.90463638305664 178.17709350585938 51.01328659057617 207.09893798828125
frog 0.9991688 137.18812561035156 106.0209732055664 162.99024963378906 132.03782653808594
airplane 0.99806476 14.949283599853516 211.90530395507812 47.1669807434082 244.06304931640625
truck 0.99720514 106.14122772216797 156.04025268554688 125.12670135498047 174.97305297851562
automobile 0.99626696 107.89707946777344 198.97988891601562 139.98472595214844 230.99298095703125
deer 0.9952524 197.88575744628906 105.31816864013672 229.85755920410156 136.96762084960938
dog 0.99332786 49.2808952331543 146.1463623046875 75.27125549316406 171.85202026367188
airplane 0.9932667 147.98007202148438 185.29519653320312 177.209228515625 213.9766845703125
frog 0.9910735 208.97157287597656 180.96197509765625 244.08299255371094 216.00823974609375
airplane 0.98995894 10.062912940979004 72.92534637451172 26.08980941772461 89.06456756591797
dog 0.98907983 141.9925537109375 61.02496337890625 161.01519775390625 79.95774841308594
bird 0.9824184 99.06307983398438 21.0924129486084 120.99462890625 43.00537109375
dog 0.9456579 0.1798410415649414 33.06577682495117 29.489097595214844 62.015621185302734
bird 0.94005525 76.12522888183594 130.03260803222656 95.04440307617188 148.9279022216797
deer 0.8359846 198.10800170898438 24.028013229370117 223.918212890625 50.10008239746094
automobile 0.77059793 176.14932250976562 100.12364196777344 194.99346923828125 119.00483703613281
cat 0.69375503 154.1410369873047 12.062458038330078 186.05308532714844 44.00166702270508
frog 0.6015608 118.99256896972656 82.091064453125 141.2473602294922 104.07963562011719
cat 0.4716856 119.0288314819336 82.12968444824219 141.5042724609375 104.07270812988281
truck 0.40920708 119.0288314819336 82.12968444824219 141.5042724609375 104.07270812988281
cat 0.32994086 0.1988983154296875 33.116607666015625 29.354673385620117 62.02604675292969
dog 0.25416788 179.0388641357422 175.059814453125 207.6042938232422 203.87448120117188
deer 0.22929856 99.1001968383789 21.08727264404297 121.08782196044922 42.86644744873047
deer 0.2139521 154.07284545898438 12.015653610229492 185.94827270507812 44.13922882080078
deer 0.20641056 118.98762512207031 82.11622619628906 141.30018615722656 104.00041198730469
