frog 0.9986752 104.07613372802734 61.09959411621094 130.00901794433594 86.88679504394531
automobile 0.9975992 61.00031280517578 3.9425296783447266 93.0734634399414 36.058250427246094
dog 0.9973562 2.973592758178711 28.023548126220703 31.928064346313477 56.982723236083984
airplane 0.99625814 42.07670593261719 123.18231964111328 80.07398986816406 161.15257263183594
dog 0.9944803 131.21194458007812 210.10462951660156 168.92721557617188 248.1516571044922
ship 0.9937258 9.042089462280273 165.955810546875 43.970306396484375 201.019287109375
ship 0.99363434 47.96481704711914 190.9604034423828 83.05329895019531 226.02687072753906
truck 0.99277544 36.06056213378906 84.02684020996094 65.08901977539062 113.01556396484375
bird 0.98816735 111.0278091430664 19.047161102294922 127.11670684814453 35.07256317138672
deer 0.984078 157.06715393066406 165.14256286621094 176.0397186279297 183.99391174316406
bird 0.9693669 198.04702758789062 30.02398681640625 219.95989990234375 52.139617919921875
bird 0.9503077 92.1028823852539 192.95681762695312 120.88433074951172 221.96258544921875
automobile 0.9327736 205.9210205078125 73.06907653808594 228.02383422851562 94.97212219238281
cat 0.9066045 137.12612915039062 1.1210460662841797 171.97457885742188 36.084571838378906
airplane 0.8820058 112.0029296875 99.98502349853516 138.10345458984375 126.22330474853516
automobile 0.8683653 96.0636215209961 39.96767807006836 112.00597381591797 56.085208892822266
truck 0.8385221 170.0251007080078 119.11787414550781 204.99790954589844 154.24803161621094
dog 0.8278426 182.0253448486328 167.0457763671875 208.95204162597656 195.29214477539062
truck 0.8213078 96.0636215209961 39.96767807006836 112.00597381591797 56.085208892822266
ship 0.59092903 112.0029296875 99.98502349853516 138.10345458984375 126.22330474853516
dog 0.56193554 205.8122100830078 73.1162109375 227.7819366455078 94.96192932128906
cat 0.5597157 103.10594177246094 131.22686767578125 121.98123168945312 150.11178588867188
frog 0.5026977 205.8122100830078 73.1162109375 227.7819366455078 94.96192932128906
cat 0.426499 182.0253448486328 167.0457763671875 208.95204162597656 195.29214477539062
automobile 0.42434537 112.1085433959961 100.01914978027344 138.18885803222656 126.17156982421875
ship 0.40024048 96.06385803222656 39.951568603515625 112.01785278320312 56.058433532714844
dog 0.36604518 103.14955139160156 131.03314208984375 121.99830627441406 150.0504150390625
bird 0.2448436 103.15763092041016 131.07725524902344 121.97721099853516 149.9595184326172
dog 0.22432888 92.1028823852539 192.95681762695312 120.88433074951172 221.96258544921875
