ship 0.9983512 13.93858528137207 99.146240234375 46.02838134765625 130.93911743164062
automobile 0.99789524 121.97753143310547 136.08657836914062 148.13055419921875 162.16217041015625
cat 0.9970492 86.03695678710938 167.21493530273438 123.96783447265625 204.99325561523438
ship 0.9966296 213.10902404785156 130.987548828125 250.95045471191406 169.109619140625
truck 0.99588495 6.2222442626953125 46.08739471435547 40.99114990234375 81.02758026123047
ship 0.9949614 122.06194305419922 66.13548278808594 148.08009338378906 91.98297119140625
truck 0.9948729 74.10954284667969 3.2731752395629883 99.9156494140625 29.07120132446289
airplane 0.99310404 187.06190490722656 197.08404541015625 206.02894592285156 216.06341552734375
frog 0.9820152 92.31430053710938 110.0353775024414 114.00827026367188 131.90443420410156
truck 0.97169554 189.8863067626953 87.91744995117188 221.8905487060547 119.89997863769531
ship 0.9121567 207.9716796875 207.9489288330078 227.02996826171875 227.03749084472656
truck 0.84824103 158.10736083984375 115.96588134765625 183.90911865234375 142.0933837890625
bird 0.7438351 176.1269989013672 39.994117736816406 197.84446716308594 62.09815216064453
dog 0.69916105 96.7974624633789 214.89529418945312 115.14287567138672 234.09756469726562
truck 0.6869812 160.0883331298828 8.098647117614746 182.05357360839844 30.0614013671875
dog 0.6743902 52.95171356201172 41.128135681152344 78.93126678466797 67.0837631225586
deer 0.6671088 29.05738067626953 146.00270080566406 54.933868408203125 171.98960876464844
dog 0.65334857 176.1269989013672 39.994117736816406 197.84446716308594 62.09815216064453
cat 0.52450204 96.71961212158203 214.83572387695312 115.18669891357422 234.24508666992188
automobile 0.49821723 158.21774291992188 115.96772766113281 184.081298828125 142.16554260253906
cat 0.43683589 160.0883331298828 8.098647117614746 182.05357360839844 30.0614013671875
automobile 0.38064867 189.90826416015625 87.8269271850586 221.85446166992188 119.81258392333984
airplane 0.36855406 207.8579864501953 207.85488891601562 226.74644470214844 227.03469848632812
dog 0.3413406 29.05738067626953 146.00270080566406 54.933868408203125 171.98960876464844
deer 0.24169207 0.0 197.0299072265625 26.072025299072266 223.136962890625
frog 0.21429214 160.3001251220703 8.00681209564209 182.2110137939453 30.215213775634766
