ship 0.99890697 162.18077087402344 214.2744140625 193.94252014160156 245.93545532226562
ship 0.99868286 1.0333795547485352 76.13668823242188 30.10788345336914 105.09693908691406
truck 0.99648726 206.09417724609375 79.99209594726562 244.02993774414062 117.96894836425781
automobile 0.99639785 38.990760803222656 14.020893096923828 54.903594970703125 30.088035583496094
airplane 0.99617803 1.674774169921875 161.12347412109375 34.09193420410156 192.9342041015625
airplane 0.99601257 119.95896911621094 113.04777526855469 158.0555877685547 151.0922088623047
frog 0.9889592 46.24851608276367 91.10173797607422 80.86656188964844 126.02642059326172
automobile 0.9850553 57.02704620361328 206.13064575195312 95.06096649169922 244.0015869140625
ship 0.97005194 186.04562377929688 107.9786605834961 202.08233642578125 124.0639419555664
truck 0.96417385 12.152880668640137 120.05652618408203 44.10080337524414 152.12216186523438
truck 0.92708784 160.98287963867188 147.2611846923828 187.11004638671875 173.1881866455078
frog 0.9191963 107.06958770751953 216.04722595214844 129.066650390625 238.01979064941406
airplane 0.89979076 94.01260375976562 21.077688217163086 131.96434020996094 59.11571502685547
cat 0.84070706 185.00428771972656 77.75955963134766 200.89622497558594 94.06145477294922
frog 0.83821845 107.87859344482422 61.67060089111328 140.0987548828125 94.23206329345703
deer 0.7280498 212.107421875 28.063884735107422 230.93521118164062 46.856143951416016
bird 0.62412286 22.056856155395508 51.130035400390625 43.947731018066406 73.17186737060547
cat 0.61689806 107.87859344482422 61.67060089111328 140.0987548828125 94.23206329345703
airplane 0.5558654 185.00428771972656 77.75955963134766 200.89622497558594 94.06145477294922
bird 0.48282847 107.03250122070312 215.99212646484375 128.91062927246094 238.06936645507812
cat 0.43012282 21.98712158203125 51.12000274658203 44.16722106933594 73.26599884033203
frog 0.41623935 22.028337478637695 51.170143127441406 44.064109802246094 73.21893310546875
automobile 0.38752496 161.004638671875 147.24172973632812 187.14886474609375 173.3524169921875
cat 0.37858778 0.6065006256103516 203.98683166503906 20.03236961364746 223.14903259277344
frog 0.3784914 0.6065006256103516 203.98683166503906 20.03236961364746 223.14903259277344
truck 0.33642614 186.0719451904297 107.98905944824219 202.01890563964844 124.02958679199219
truck 0.32792863 0.5291881561279297 204.0458984375 20.038698196411133 223.20062255859375
automobile 0.31612083 0.5930185317993164 204.061767578125 20.030078887939453 223.07958984375
truck 0.31141797 185.00428771972656 77.75955963134766 200.89622497558594 94.06145477294922
airplane 0.2885251 212.071533203125 28.04958152770996 230.91091918945312 46.989540100097656
deer 0.2533145 94.189697265625 21.062055587768555 132.0087890625 59.27815246582031
deer 0.24022815 185.0445098876953 77.87667083740234 200.82444763183594 94.09098052978516
ship 0.20255628 21.98712158203125 51.12000274658203 44.16722106933594 73.26599884033203
