ship 0.99897164 25.042818069458008 21.968521118164062 54.064369201660156 51.09162902832031
airplane 0.9985744 65.02014923095703 194.0296173095703 97.17145538330078 226.06202697753906
truck 0.9970405 114.14816284179688 142.166015625 140.08224487304688 168.23367309570312
frog 0.9959389 213.23080444335938 152.1234893798828 232.04641723632812 171.2390899658203
cat 0.9932594 120.79228973388672 71.88709259033203 146.9397430419922 98.1504135131836
frog 0.99226975 211.1184844970703 7.003767013549805 245.91978454589844 42.05170440673828
automobile 0.99058473 213.1959991455078 74.8639907836914 239.01625061035156 100.9137954711914
dog 0.98198295 90.03456115722656 91.30989074707031 115.81715393066406 117.07746887207031
dog 0.97854245 0.2811307907104492 181.93995666503906 19.00891876220703 201.0959930419922
truck 0.9668603 150.0343475341797 10.00761604309082 168.9059600830078 28.93330192565918
truck 0.96678114 200.95263671875 116.05926513671875 220.0240478515625 135.06570434570312
ship 0.9078982 180.0823974609375 58.469970703125 207.1134033203125 91.15419006347656
dog 0.9056082 131.93780517578125 192.00665283203125 154.097900390625 214.1956787109375
ship 0.8545768 191.9119110107422 188.99209594726562 230.0585174560547 226.86538696289062
cat 0.7804904 48.672672271728516 81.37100982666016 82.59857177734375 111.32111358642578
ship 0.7017307 175.07717895507812 144.1182861328125 197.14727783203125 166.20645141601562
airplane 0.66325986 174.91879272460938 144.25436401367188 197.17239379882812 165.99234008789062
cat 0.62412643 180.72689819335938 58.44666290283203 206.69253540039062 91.32085418701172
airplane 0.6091392 191.75643920898438 188.9587860107422 230.09454345703125 226.87623596191406
airplane 0.38975307 48.69471740722656 81.06932067871094 82.61380004882812 111.2958984375
deer 0.33606014 74.91455078125 17.061363220214844 100.98123168945312 42.93642807006836
airplane 0.33599716 74.91455078125 17.061363220214844 100.98123168945312 42.93642807006836
cat 0.26660797 132.0087890625 191.95957946777344 154.08456420898438 214.2187042236328
deer 0.22799766 175.06787109375 144.1728515625 197.06631469726562 166.10177612304688
cat 0.222265 74.87760925292969 17.09568214416504 101.01853942871094 42.983436584472656
