ship 0.998522 78.93810272216797 213.98464965820312 108.02155303955078 243.0567626953125
airplane 0.99844706 77.91670227050781 19.2622127532959 106.978759765625 47.957679748535156
dog 0.9976126 39.21871566772461 56.718650817871094 65.22349548339844 82.96053314208984
truck 0.9974744 166.17221069335938 186.99024963378906 194.95721435546875 215.9620819091797
airplane 0.9949237 6.0260009765625 119.18643951416016 44.0728759765625 156.92214965820312
cat 0.994779 71.08822631835938 114.2138900756836 103.0662841796875 147.19638061523438
ship 0.9940766 199.97393798828125 132.98806762695312 225.91421508789062 158.99908447265625
frog 0.9936321 9.078704833984375 177.04052734375 47.12190246582031 214.77664184570312
automobile 0.9909004 109.12390899658203 183.5330352783203 146.9981689453125 220.4095001220703
ship 0.98532563 69.99443054199219 172.00985717773438 86.12895202636719 188.04693603515625
cat 0.9138398 68.17233276367188 65.99594116210938 100.00634765625 98.06462097167969
cat 0.8918991 144.9319610595703 50.87208557128906 166.96400451660156 73.38516998291016
airplane 0.8880951 143.95867919921875 74.91789245605469 175.7998046875 107.09379577636719
airplane 0.78803754 179.22923278808594 51.83445739746094 205.0308380126953 77.99787902832031
frog 0.7137934 30.972858428955078 2.366893768310547 69.02395629882812 40.06047058105469
dog 0.6945705 142.13548278808594 108.55471801757812 174.08982849121094 140.80638122558594
airplane 0.6358456 104.01626586914062 143.01478576660156 141.84042358398438 180.9493865966797
bird 0.5958086 144.0173797607422 74.80303192138672 176.04371643066406 106.98189544677734
bird 0.56486607 104.01318359375 143.14794921875 141.948974609375 181.03683471679688
ship 0.48870683 104.01318359375 143.14794921875 141.948974609375 181.03683471679688
frog 0.3230877 144.940673828125 50.95121765136719 167.09213256835938 73.5339126586914
bird 0.3216831 30.972858428955078 2.366893768310547 69.02395629882812 40.06047058105469
cat 0.29862875 143.95867919921875 74.91789245605469 175.7998046875 107.09379577636719
frog 0.2949897 68.10116577148438 65.96255493164062 100.08935546875 98.12480163574219
truck 0.29261386 142.13548278808594 108.55471801757812 174.08982849121094 140.80638122558594
cat 0.27101773 142.13548278808594 108.55471801757812 174.08982849121094 140.80638122558594
cat 0.2468453 30.972858428955078 2.366893768310547 69.02395629882812 40.06047058105469
frog 0.23744881 143.95867919921875 74.91789245605469 175.7998046875 107.09379577636719
deer 0.21656197 144.07464599609375 74.75603485107422 175.97390747070312 107.09290313720703
deer 0.21404886 31.042186737060547 2.296232223510742 68.96397399902344 40.092689514160156
automobile 0.2138099 142.1976776123047 108.50066375732422 174.1402130126953 141.0206756591797
