ship 0.9986825 105.01640319824219 59.316566467285156 130.85780334472656 84.9852523803711
truck 0.9984501 58.222267150878906 205.88392639160156 95.8797836303711 244.04148864746094
truck 0.99762297 211.08535766601562 143.16409301757812 236.91546630859375 169.05496215820312
deer 0.9976053 191.09715270996094 196.11105346679688 223.0339813232422 228.05288696289062
frog 0.9975139 140.87896728515625 114.95023345947266 169.97750854492188 143.9921417236328
ship 0.99739254 192.00131225585938 93.94476318359375 224.07281494140625 125.9100341796875
automobile 0.99476194 152.02099609375 60.22919845581055 177.8441162109375 86.20259094238281
dog 0.9924444 128.024658203125 37.068389892578125 146.934814453125 56.02650451660156
bird 0.98984295 153.13658142089844 150.1288299560547 175.0138397216797 172.0873565673828
airplane 0.9607353 75.96745300292969 8.137889862060547 101.99111938476562 34.23855209350586
automobile 0.95065904 203.99476623535156 10.07304859161377 226.07911682128906 32.011756896972656
truck 0.9354766 97.82379913330078 148.03713989257812 136.33265686035156 186.13742065429688
airplane 0.9336091 24.085241317749023 149.92138671875 58.88081359863281 184.89822387695312
cat 0.86020005 103.99971008300781 111.04512023925781 138.95448303222656 145.5115509033203
dog 0.6911268 16.045394897460938 48.03145217895508 35.079742431640625 67.08199310302734
cat 0.66882735 24.029325485229492 149.93348693847656 58.99980163574219 184.98680114746094
airplane 0.6672008 97.90213012695312 148.20101928710938 136.24732971191406 186.09310913085938
automobile 0.626039 37.119041442871094 93.90242767333984 63.12964630126953 119.83138275146484
cat 0.5253567 16.04170799255371 48.08680725097656 35.09483337402344 66.98308563232422
truck 0.42534053 203.98138427734375 10.093655586242676 225.9742431640625 31.826663970947266
ship 0.27178848 204.04940795898438 10.02086067199707 226.03915405273438 32.05506896972656
dog 0.27143344 37.108306884765625 94.0465087890625 63.12153625488281 119.89674377441406
