ship 0.9976046 92.94966888427734 36.141883850097656 130.980224609375 73.67710876464844
truck 0.99593675 19.066017150878906 19.05841827392578 38.12149429321289 38.11134719848633
frog 0.9939787 82.94860076904297 202.12098693847656 121.04936981201172 240.0050811767578
dog 0.9929508 53.095550537109375 173.00856018066406 71.8595199584961 191.87266540527344
dog 0.9540316 141.07106018066406 204.005859375 179.0688934326172 242.00723266601562
frog 0.953272 109.07837677001953 152.90414428710938 141.00624084472656 185.13565063476562
automobile 0.939234 73.013671875 55.07435607910156 88.99899291992188 70.9920654296875
cat 0.91607857 194.7360382080078 88.00042724609375 213.94606018066406 107.0477294921875
cat 0.8522498 136.0405731201172 76.03953552246094 158.02256774902344 98.16102600097656
bird 0.82158923 138.04949951171875 101.78170013427734 156.99755859375 121.0324478149414
cat 0.78976345 176.0581817626953 14.08198356628418 198.2872772216797 35.88786315917969
deer 0.7696041 138.08592224121094 101.86488342285156 156.9546356201172 120.99488830566406
dog 0.7498231 145.21070861816406 159.06849670410156 180.08900451660156 194.1028594970703
bird 0.7257456 194.7360382080078 88.00042724609375 213.94606018066406 107.0477294921875
truck 0.65066755 72.96686553955078 55.0264892578125 88.97846221923828 71.01953125
frog 0.6069383 5.073363304138184 96.9697265625 23.95650863647461 116.11497497558594
deer 0.57659864 4.986884117126465 97.14781188964844 23.911022186279297 116.05009460449219
dog 0.5165439 199.90390014648438 15.05422592163086 218.98037719726562 33.9544563293457
truck 0.48447704 176.0646514892578 13.997659683227539 198.35743713378906 35.965721130371094
deer 0.48047486 145.21070861816406 159.06849670410156 180.08900451660156 194.1028594970703
bird 0.33401138 145.21070861816406 159.06849670410156 180.08900451660156 194.1028594970703
cat 0.32361773 109.1388168334961 152.995361328125 141.10818481445312 185.04345703125
airplane 0.29322422 39.90961456298828 55.069915771484375 58.96366882324219 74.00730895996094
cat 0.2888047 199.65777587890625 14.896190643310547 218.83795166015625 33.925697326660156
cat 0.28447104 201.9670867919922 142.88392639160156 221.02745056152344 162.03431701660156
dog 0.27720788 176.15164184570312 14.06744384765625 198.27490234375 35.924095153808594
frog 0.27047792 200.0705108642578 15.027242660522461 219.00331115722656 33.993133544921875
frog 0.258573 201.9128875732422 142.86422729492188 221.0630645751953 162.00735473632812
deer 0.24390197 39.896705627441406 55.00445556640625 59.06913757324219 73.95864868164062
deer 0.22072217 136.16616821289062 76.08086395263672 157.72335815429688 98.06816864013672
bird 0.21725976 136.2917938232422 76.12991333007812 157.76829528808594 98.13856506347656
airplane 0.21556824 72.979248046875 55.05622863769531 89.02116394042969 71.01718139648438
