cat 0.9982753 209.0884246826172 175.0815887451172 241.1505889892578 206.8551483154297
dog 0.9977828 168.07066345214844 208.0621337890625 200.0454864501953 239.9951171875
airplane 0.9974225 13.927253723144531 204.89942932128906 46.112823486328125 237.13490295410156
automobile 0.9968557 139.08949279785156 4.963919639587402 164.95497131347656 30.93429946899414
truck 0.9964651 23.323135375976562 51.036415100097656 54.95652770996094 83.09778594970703
automobile 0.99552 163.0170135498047 61.97332763671875 188.9936981201172 84.62596130371094
deer 0.9940517 0.0 24.08406639099121 21.99127197265625 46.01063537597656
cat 0.9892614 198.12156677246094 57.90753936767578 227.0143585205078 87.01216888427734
truck 0.9880926 114.96319580078125 59.16327667236328 134.0863494873047 77.98297882080078
deer 0.9810226 62.125633239746094 143.00537109375 100.01744842529297 181.07156372070312
frog 0.96127224 62.20879364013672 97.16026306152344 82.8172836303711 119.58145141601562
bird 0.9364767 190.1551055908203 146.0926055908203 208.9761505126953 164.95079040527344
truck 0.9245324 183.9416961669922 101.00294494628906 199.9399871826172 116.93727111816406
airplane 0.9105171 64.9809799194336 19.007549285888672 84.03491973876953 37.864627838134766
deer 0.897524 168.07373046875 13.913646697998047 206.00006103515625 52.04909133911133
airplane 0.8787047 96.01128387451172 202.0415496826172 122.19251251220703 227.9453887939453
dog 0.81713426 212.93682861328125 214.02581787109375 251.1322021484375 252.28387451171875
airplane 0.69563484 121.01619720458984 104.16085052490234 140.05191040039062 122.9896011352539
ship 0.6764697 183.92803955078125 100.959228515625 199.96481323242188 116.947998046875
automobile 0.65179205 183.9416961669922 101.00294494628906 199.9399871826172 116.93727111816406
cat 0.40723798 212.36935424804688 214.48007202148438 250.74917602539062 251.84002685546875
cat 0.35042226 190.13632202148438 145.9874267578125 208.92074584960938 164.97109985351562
deer 0.3206017 183.92803955078125 100.959228515625 199.96481323242188 116.947998046875
airplane 0.31296745 183.94935607910156 100.99681091308594 199.9041290283203 116.93304443359375
cat 0.24239221 183.92803955078125 100.959228515625 199.96481323242188 116.947998046875
ship 0.22444957 96.01128387451172 202.0415496826172 122.19251251220703 227.9453887939453
cat 0.21824947 121.03141784667969 104.10832977294922 140.0574493408203 122.89134979248047
frog 0.21782893 190.13632202148438 145.9874267578125 208.92074584960938 164.97109985351562
bird 0.2039764 62.226348876953125 143.07656860351562 100.00215148925781 180.5819091796875
