truck 0.9989732 87.98124694824219 121.07156372070312 107.09922790527344 139.94546508789062
frog 0.9985921 63.1439208984375 183.29425048828125 94.908447265625 214.94326782226562
dog 0.9980358 0.0 118.22685241699219 32.013671875 150.05467224121094
automobile 0.99730706 161.02178955078125 50.007225036621094 192.85598754882812 82.0617904663086
bird 0.996967 11.091680526733398 213.90550231933594 48.023948669433594 252.1230926513672
ship 0.99670494 137.1097412109375 205.937744140625 174.8677978515625 244.19580078125
automobile 0.9955181 37.208641052246094 92.04473876953125 62.859954833984375 117.90435791015625
automobile 0.9949069 102.27234649658203 145.96347045898438 137.072021484375 181.05096435546875
airplane 0.99412924 190.9661407470703 201.09434509277344 217.1750030517578 226.89442443847656
automobile 0.9885628 40.91764831542969 36.01213073730469 76.05628204345703 71.00788879394531
frog 0.9875072 86.03013610839844 41.177490234375 121.0330810546875 75.9929428100586
dog 0.9851038 192.98992919921875 156.13070678710938 227.9376220703125 190.82656860351562
frog 0.9767581 127.1058120727539 83.97566223144531 161.96563720703125 119.08854675292969
frog 0.9749764 31.20302963256836 187.83114624023438 52.85274887084961 209.94900512695312
airplane 0.9730098 195.0728302001953 52.9222526550293 211.1160125732422 69.08709716796875
frog 0.9589477 3.1159400939941406 166.90182495117188 29.208473205566406 192.96517944335938
ship 0.9424132 144.97280883789062 135.02769470214844 176.94607543945312 167.0092315673828
cat 0.9200819 215.4320068359375 28.179946899414062 246.98635864257812 60.068023681640625
dog 0.91232 176.8598175048828 99.09990692138672 205.99525451660156 127.97713470458984
airplane 0.8165436 100.91680145263672 192.00338745117188 129.89797973632812 221.03945922851562
truck 0.75435317 100.91680145263672 192.00338745117188 129.89797973632812 221.03945922851562
bird 0.6749078 215.36453247070312 28.209247589111328 247.00015258789062 60.17501449584961
airplane 0.6326262 3.1159400939941406 166.90182495117188 29.208473205566406 192.96517944335938
ship 0.5667115 195.0728302001953 52.9222526550293 211.1160125732422 69.08709716796875
automobile 0.5113873 144.97280883789062 135.02769470214844 176.94607543945312 167.0092315673828
airplane 0.26051703 215.4320068359375 28.179946899414062 246.98635864257812 60.068023681640625
