automobile 0.9986404 87.11888885498047 140.20660400390625 115.7948226928711 168.93222045898438
ship 0.99800694 0.06851673126220703 139.0696258544922 29.14251708984375 168.13148498535156
automobile 0.99797213 62.07700729370117 100.95588684082031 91.07469940185547 130.01837158203125
airplane 0.99714875 174.09059143066406 141.1466522216797 192.9480743408203 159.95909118652344
truck 0.99324214 66.01416015625 56.98649597167969 100.9981689453125 92.01112365722656
dog 0.9932083 12.08011245727539 109.72305297851562 33.969505310058594 130.8965606689453
truck 0.9929875 4.0070695877075195 85.05803680419922 26.103355407714844 106.86931610107422
dog 0.9759884 128.8422393798828 102.24958038330078 164.07029724121094 137.06520080566406
frog 0.9742302 80.19599914550781 197.20176696777344 98.97770690917969 215.92820739746094
ship 0.95432645 206.05148315429688 112.31754302978516 243.99560546875 150.00369262695312
truck 0.88454354 121.00157165527344 207.0755157470703 140.03977966308594 225.9242401123047
ship 0.81469995 14.057649612426758 175.1586456298828 32.964439392089844 194.1152801513672
truck 0.7607031 83.96255493164062 170.79454040527344 110.09622192382812 195.7130584716797
automobile 0.6350873 121.03385162353516 207.12661743164062 140.0830078125 226.02871704101562
deer 0.58071655 207.9632110595703 67.2824478149414 245.65162658691406 105.11414337158203
frog 0.56740403 95.34725952148438 105.15947723388672 124.13876342773438 133.81626892089844
deer 0.5157226 95.17001342773438 105.13011932373047 124.1236572265625 133.80743408203125
truck 0.5053941 122.07111358642578 4.064909934997559 140.93051147460938 23.00305938720703
deer 0.446424 122.01637268066406 3.9762535095214844 140.95079040527344 22.985471725463867
truck 0.37137115 14.069684982299805 175.1407928466797 32.968780517578125 194.0769500732422
bird 0.34600177 95.34725952148438 105.15947723388672 124.13876342773438 133.81626892089844
frog 0.32092178 143.06993103027344 33.27367401123047 164.8778533935547 55.07939910888672
airplane 0.3136431 14.08151912689209 175.17323303222656 32.90314483642578 194.18504333496094
bird 0.3079244 14.000693321228027 175.19155883789062 33.01400375366211 194.05096435546875
cat 0.2753765 14.069684982299805 175.1407928466797 32.968780517578125 194.0769500732422
deer 0.27176738 143.02059936523438 33.21385192871094 165.00540161132812 55.027061462402344
automobile 0.27174705 206.02601623535156 112.13462829589844 243.9404754638672 150.0957489013672
truck 0.24418971 80.16279602050781 197.31594848632812 99.03153991699219 215.8408203125
automobile 0.22261584 80.09688568115234 197.22311401367188 98.97986602783203 215.94412231445312
dog 0.2151568 206.02601623535156 112.13462829589844 243.9404754638672 150.0957489013672
truck 0.21319821 206.1253662109375 112.07417297363281 243.82501220703125 150.11888122558594
dog 0.2119548 14.08151912689209 175.17323303222656 32.90314483642578 194.18504333496094
