airplane 0.9985734 121.38164520263672 25.028640747070312 149.85789489746094 53.900794982910156
frog 0.9984791 171.19451904296875 125.12554931640625 203.03164672851562 157.02218627929688
truck 0.9980354 80.18391418457031 84.96676635742188 112.00468444824219 116.93666076660156
airplane 0.9975959 25.023622512817383 47.14107131958008 57.03960418701172 79.07075500488281
truck 0.99631906 125.95037841796875 82.0421142578125 163.89764404296875 120.01666259765625
ship 0.9909266 97.16206359863281 7.12856388092041 116.14176940917969 25.98013687133789
automobile 0.9867866 166.34661865234375 210.08457946777344 192.03128051757812 236.0737762451172
cat 0.9804665 127.67369079589844 153.9844970703125 153.9121551513672 180.19683837890625
ship 0.9534525 173.18978881835938 25.199352264404297 191.92617797851562 44.16001510620117
deer 0.8964189 207.10777282714844 191.0533905029297 235.8350067138672 220.0786895751953
frog 0.88567746 76.00826263427734 199.33665466308594 101.97345733642578 225.19984436035156
cat 0.85364056 9.083248138427734 80.91045379638672 47.089332580566406 118.85669708251953
ship 0.8383597 129.9976348876953 190.0253448486328 152.0628204345703 211.9855499267578
bird 0.8115449 130.1344757080078 190.2061767578125 151.7312774658203 211.92257690429688
bird 0.80515367 34.03660202026367 175.0857696533203 52.99076461791992 194.0655059814453
truck 0.717852 204.13400268554688 21.052915573120117 222.9127197265625 40.0389404296875
airplane 0.6478541 206.13909912109375 74.12957000732422 243.94317626953125 111.99718475341797
deer 0.51855475 34.04893493652344 175.10646057128906 53.02294921875 194.0771026611328
automobile 0.4763798 206.11920166015625 74.23713684082031 244.01510620117188 112.07101440429688
automobile 0.43816283 204.08828735351562 21.045413970947266 222.94659423828125 40.017704010009766
deer 0.32835618 206.11920166015625 74.23713684082031 244.01510620117188 112.07101440429688
ship 0.27182567 206.0558624267578 74.11036682128906 244.11302185058594 112.04826354980469
cat 0.2665786 10.998173713684082 141.1248321533203 30.045921325683594 159.7104949951172
ship 0.24155793 10.998173713684082 141.1248321533203 30.045921325683594 159.7104949951172
deer 0.21169388 82.14900207519531 31.54243278503418 119.97610473632812 68.56715393066406
truck 0.21023104 206.13909912109375 74.12957000732422 243.94317626953125 111.99718475341797
