truck 0.9980605 204.1355438232422 130.02337646484375 239.01393127441406 164.901123046875
airplane 0.9972887 76.00460052490234 205.2991485595703 105.26973724365234 233.85121154785156
ship 0.9970087 203.03671264648438 186.1404266357422 241.00631713867188 223.87525939941406
frog 0.9967395 171.11280822753906 30.1477108001709 209.24794006347656 67.84896087646484
dog 0.99582857 110.14352416992188 187.0891571044922 148.06008911132812 224.8794708251953
frog 0.99481153 158.0581512451172 122.98916625976562 195.96104431152344 160.739990234375
frog 0.99203527 151.95169067382812 168.24636840820312 186.87637329101562 202.95492553710938
ship 0.9917325 7.025320053100586 184.05323791503906 45.000823974609375 221.92918395996094
airplane 0.98546946 12.126321792602539 14.017066955566406 49.97682189941406 51.941139221191406
frog 0.9818583 109.86341094970703 160.0841522216797 125.9625015258789 175.89503479003906
deer 0.9605135 33.17585754394531 110.01757049560547 70.94581604003906 147.91360473632812
dog 0.9366103 142.9859619140625 6.010695457458496 168.9832763671875 32.01933670043945
dog 0.93024313 211.04275512695312 24.050159454345703 239.91793823242188 53.005672454833984
cat 0.9090515 186.96246337890625 79.06298065185547 212.95635986328125 104.97994232177734
dog 0.90278804 9.993632316589355 82.11317443847656 28.967464447021484 100.9384765625
ship 0.8978898 109.05213165283203 52.00404357910156 135.11224365234375 78.02960205078125
truck 0.8587183 75.63736724853516 154.4832000732422 107.58069610595703 183.2554473876953
automobile 0.7720336 43.0333366394043 64.91166687011719 68.96012878417969 91.005615234375
ship 0.62318313 186.96246337890625 79.06298065185547 212.95635986328125 104.97994232177734
cat 0.57783073 211.08409118652344 23.968828201293945 239.79368591308594 52.741310119628906
automobile 0.50739104 109.01707458496094 51.97254943847656 135.0229949951172 78.01972961425781
truck 0.36412328 43.0333366394043 64.91166687011719 68.96012878417969 91.005615234375
cat 0.33937842 32.850738525390625 110.54633331298828 71.36599731445312 148.4551239013672
airplane 0.2816686 9.993632316589355 82.11317443847656 28.967464447021484 100.9384765625
truck 0.2777422 109.86880493164062 159.96697998046875 125.71028137207031 175.87948608398438
airplane 0.24294147 75.06985473632812 10.143041610717773 94.0196533203125 29.086782455444336
bird 0.23377717 142.92930603027344 5.9123945236206055 169.01402282714844 32.034210205078125
dog 0.2289178 32.850738525390625 110.54633331298828 71.36599731445312 148.4551239013672
