bird 0.9981068 115.2462158203125 191.1083221435547 143.94842529296875 219.96180725097656
bird 0.9969053 111.98426818847656 98.14080810546875 140.95989990234375 127.39399719238281
frog 0.9963218 196.0673370361328 72.19207763671875 218.08421325683594 94.08868408203125
automobile 0.9952529 13.039148330688477 20.066661834716797 51.05797576904297 57.838138580322266
automobile 0.99455863 103.1652603149414 133.1218719482422 140.91888427734375 170.9927520751953
dog 0.9921869 66.057861328125 29.31996726989746 101.21202087402344 63.928016662597656
cat 0.98881733 211.74365234375 138.8790283203125 241.012939453125 168.14541625976562
dog 0.98603743 136.0172576904297 6.000614166259766 171.16014099121094 41.15202713012695
airplane 0.97564137 15.118196487426758 162.09068298339844 50.042091369628906 197.11521911621094
dog 0.93282855 55.8979606628418 159.15533447265625 72.0273666381836 175.07369995117188
dog 0.9090904 106.06890869140625 35.05918502807617 125.01382446289062 54.00082778930664
frog 0.8578732 159.20462036132812 144.02220153808594 194.11691284179688 178.95701599121094
dog 0.81419283 49.05653762817383 83.03154754638672 68.00947570800781 102.0140609741211
bird 0.66127706 164.0330352783203 214.08877563476562 196.1615753173828 246.0050048828125
bird 0.6115091 151.88107299804688 73.06475067138672 178.12655639648438 98.64037322998047
bird 0.5645379 159.20462036132812 144.02220153808594 194.11691284179688 178.95701599121094
ship 0.5630142 55.9219856262207 159.0876922607422 72.00875091552734 175.03086853027344
deer 0.51058644 164.03802490234375 214.197998046875 196.03521728515625 246.10293579101562
cat 0.50241923 151.88107299804688 73.06475067138672 178.12655639648438 98.64037322998047
frog 0.48927924 164.0330352783203 214.08877563476562 196.1615753173828 246.0050048828125
cat 0.4533037 55.9219856262207 159.0876922607422 72.00875091552734 175.03086853027344
dog 0.38779652 164.03802490234375 214.197998046875 196.03521728515625 246.10293579101562
airplane 0.37142527 161.999267578125 100.07652282714844 180.83282470703125 118.69319152832031
deer 0.31625193 159.20462036132812 144.02220153808594 194.11691284179688 178.95701599121094
ship 0.2731921 161.999267578125 100.07652282714844 180.83282470703125 118.69319152832031
cat 0.26181358 106.14036560058594 35.180931091308594 124.91513061523438 53.764801025390625
truck 0.26166406 161.9754638671875 99.97989654541016 180.88967895507812 118.81114959716797
airplane 0.26107392 35.03945541381836 199.73861694335938 53.923702239990234 218.8238525390625
truck 0.24538028 55.99721908569336 159.07342529296875 71.90872192382812 175.02523803710938
cat 0.23220241 161.999267578125 100.07652282714844 180.83282470703125 118.69319152832031
airplane 0.20052627 55.99721908569336 159.07342529296875 71.90872192382812 175.02523803710938
