automobile 0.9975461 158.8721923828125 42.80480194091797 194.05096435546875 78.19073486328125
ship 0.99652445 64.18234252929688 132.16119384765625 101.75772094726562 169.8970947265625
frog 0.99541545 155.95065307617188 8.151666641235352 187.96566772460938 40.13654327392578
automobile 0.99507475 84.08728790283203 17.12948989868164 100.14482879638672 33.06510543823242
frog 0.9928379 59.03957748413086 176.98455810546875 78.07711029052734 195.93429565429688
deer 0.9925918 125.06539916992188 199.14794921875 160.1053466796875 233.99810791015625
cat 0.98571646 26.964866638183594 159.16981506347656 52.975914001464844 185.09397888183594
bird 0.98171854 12.980908393859863 7.099733352661133 34.94368362426758 29.049657821655273
frog 0.97446775 114.08952331542969 168.0010223388672 143.10203552246094 196.87815856933594
dog 0.96698344 105.25658416748047 24.03839111328125 142.94964599609375 62.03276824951172
deer 0.9653778 138.01956176757812 91.1268310546875 172.8662109375 125.73286437988281
airplane 0.9165583 52.142364501953125 98.07020568847656 70.98294067382812 116.97792053222656
dog 0.9143926 80.99083709716797 47.0213737487793 97.15877532958984 62.99142074584961
ship 0.90594137 209.08648681640625 187.97824096679688 247.03884887695312 225.8599853515625
truck 0.84280765 156.25534057617188 126.72200775146484 187.88467407226562 159.09271240234375
bird 0.82388604 6.078590393066406 203.06210327148438 24.988582611083984 222.00082397460938
airplane 0.72236586 1.041142463684082 52.01518630981445 22.98025894165039 74.05892944335938
ship 0.70902455 52.142364501953125 98.07020568847656 70.98294067382812 116.97792053222656
deer 0.5736174 6.078590393066406 203.06210327148438 24.988582611083984 222.00082397460938
ship 0.52039826 81.06012725830078 47.12166213989258 97.06623077392578 62.98227310180664
dog 0.4938621 208.8400115966797 187.96112060546875 247.29722595214844 225.987548828125
cat 0.47543824 1.0751886367797852 52.03223419189453 22.859832763671875 73.96939086914062
dog 0.448318 0.8912429809570312 51.96636199951172 23.02630043029785 74.15177917480469
cat 0.3656344 80.99083709716797 47.0213737487793 97.15877532958984 62.99142074584961
deer 0.30685678 76.1781005859375 200.0354461669922 107.99996948242188 231.81935119628906
deer 0.30091804 81.01412963867188 47.00554275512695 97.06739807128906 63.05409622192383
bird 0.28834844 81.01412963867188 47.00554275512695 97.06739807128906 63.05409622192383
bird 0.26234913 1.0751886367797852 52.03223419189453 22.859832763671875 73.96939086914062
airplane 0.2613228 81.06012725830078 47.12166213989258 97.06623077392578 62.98227310180664
airplane 0.25629568 12.795647621154785 6.960626602172852 34.86878967285156 29.178876876831055
truck 0.24262944 81.06012725830078 47.12166213989258 97.06623077392578 62.98227310180664
dog 0.20179337 6.094289779663086 203.1081085205078 25.0356502532959 222.07252502441406
