frog 0.9989623 142.9552764892578 87.10636901855469 171.9914093017578 115.84812927246094
truck 0.9981996 130.0133514404297 3.267850875854492 159.05799865722656 32.00547790527344
truck 0.9975433 177.88644409179688 150.0215606689453 216.09222412109375 187.84095764160156
frog 0.9971311 40.04880905151367 181.10562133789062 56.07468795776367 197.09500122070312
ship 0.99288327 168.33592224121094 23.012481689453125 194.1280975341797 49.07166290283203
deer 0.99219394 72.94928741455078 147.12879943847656 111.0947494506836 184.88551330566406
ship 0.991511 146.02883911132812 196.1444549560547 168.07177734375 217.9397430419922
deer 0.9913704 21.09370231628418 203.15213012695312 58.973297119140625 241.09771728515625
frog 0.949063 71.01166534423828 200.03355407714844 96.7768325805664 226.1304473876953
dog 0.9432062 111.22161102294922 115.08783721923828 136.98867797851562 140.97015380859375
automobile 0.92516065 123.97559356689453 36.04350280761719 139.94903564453125 51.93339538574219
truck 0.8693675 137.0816650390625 53.98177719116211 162.87429809570312 80.36564636230469
truck 0.8486046 140.09844970703125 146.12086486816406 159.04098510742188 165.01805114746094
cat 0.72618794 71.05195617675781 56.2291259765625 87.16058349609375 72.00410461425781
airplane 0.6685983 189.0389862060547 61.00225830078125 208.00526428222656 79.96694946289062
bird 0.6496343 25.77638816833496 103.14385223388672 64.32130432128906 140.76119995117188
automobile 0.60289687 137.0500030517578 54.11859893798828 162.62937927246094 80.47303009033203
ship 0.6000329 123.96964263916016 36.0235595703125 139.92588806152344 52.02570343017578
truck 0.59975505 57.96037292480469 20.010549545288086 92.85000610351562 54.77702331542969
truck 0.5548079 71.05195617675781 56.2291259765625 87.16058349609375 72.00410461425781
deer 0.5403031 179.01922607421875 108.08979797363281 211.22418212890625 139.96900939941406
automobile 0.5146475 71.04595947265625 56.20009231567383 87.11152648925781 72.05735778808594
cat 0.41093484 140.0420379638672 146.11546325683594 159.04136657714844 165.05186462402344
airplane 0.38788086 140.0420379638672 146.11546325683594 159.04136657714844 165.05186462402344
airplane 0.36231005 123.96964263916016 36.0235595703125 139.92588806152344 52.02570343017578
frog 0.34936333 103.066650390625 82.04680633544922 132.02743530273438 111.15113067626953
deer 0.32991493 40.04880905151367 181.10562133789062 56.07468795776367 197.09500122070312
cat 0.32860255 137.0500030517578 54.11859893798828 162.62937927246094 80.47303009033203
frog 0.31588274 140.08624267578125 146.15017700195312 158.97564697265625 164.98846435546875
cat 0.30962878 103.17403411865234 81.96121978759766 131.93714904785156 111.1131362915039
automobile 0.30429816 58.082035064697266 20.102949142456055 92.81037902832031 54.7822265625
bird 0.30103928 65.24095153808594 109.06802368164062 84.0101318359375 128.1028289794922
frog 0.2935097 179.11077880859375 108.08873748779297 211.153564453125 140.00930786132812
frog 0.28294212 136.9244384765625 53.992645263671875 162.69696044921875 80.56600952148438
ship 0.26043156 137.0500030517578 54.11859893798828 162.62937927246094 80.47303009033203
bird 0.21843767 179.01922607421875 108.08979797363281 211.22418212890625 139.96900939941406
automobile 0.21745631 179.01922607421875 108.08979797363281 211.22418212890625 139.96900939941406
