ship 0.9987855 48.10249328613281 77.93597412109375 80.03961181640625 109.99966430664062
frog 0.9984914 155.96701049804688 20.108497619628906 182.07968139648438 45.99327087402344
frog 0.9983532 91.85307312011719 28.01453399658203 121.05137634277344 57.002464294433594
bird 0.9983313 44.16092300415039 178.0560760498047 66.12474822998047 199.95497131347656
airplane 0.998263 208.97305297851562 159.01072692871094 241.02169799804688 190.8380584716797
automobile 0.99785244 30.974166870117188 43.06804656982422 53.111907958984375 64.96968078613281
deer 0.99774647 135.00083923339844 198.2312469482422 164.13133239746094 227.05223083496094
frog 0.9977334 48.104007720947266 17.114933013916016 70.00086975097656 39.10357666015625
ship 0.9960178 176.94601440429688 190.01519775390625 196.02044677734375 208.966064453125
bird 0.99575496 124.0899429321289 110.05130004882812 139.97705078125 126.02787780761719
truck 0.9930035 91.0889663696289 177.9578857421875 126.03350067138672 212.93789672851562
bird 0.9909115 89.7862777709961 131.13734436035156 122.2230453491211 163.10533142089844
airplane 0.98872256 156.0382080078125 84.08377838134766 178.0401611328125 106.10413360595703
dog 0.9691367 0.19220638275146484 34.0894775390625 21.99322509765625 55.934043884277344
deer 0.9668952 209.0266876220703 115.17029571533203 247.0006561279297 153.25186157226562
dog 0.7860087 119.11943054199219 87.01866912841797 138.04747009277344 106.2179946899414
automobile 0.7530897 50.15529251098633 134.37660217285156 68.93922424316406 153.02928161621094
truck 0.695565 42.09219741821289 117.01144409179688 58.103519439697266 132.94223022460938
cat 0.41404888 119.02516174316406 87.06849670410156 138.0083465576172 106.07870483398438
cat 0.3568177 211.0997314453125 32.94538879394531 249.96408081054688 70.80813598632812
frog 0.2760337 42.09219741821289 117.01144409179688 58.103519439697266 132.94223022460938
airplane 0.25439358 42.03746795654297 116.98681640625 58.06879425048828 133.05677795410156
truck 0.24114257 50.148597717285156 134.3737030029297 69.01412200927734 153.0292205810547
automobile 0.23157144 42.09219741821289 117.01144409179688 58.103519439697266 132.94223022460938
airplane 0.21067622 9.972345352172852 179.10421752929688 38.476409912109375 207.8880615234375
