airplane 0.9986708 89.06721496582031 88.12152862548828 121.00094604492188 119.80152130126953
truck 0.99842536 87.18486785888672 129.88241577148438 118.91315460205078 162.0123291015625
frog 0.99718344 110.03002166748047 202.96875 141.96563720703125 235.12966918945312
bird 0.9969466 132.07972717285156 102.87530517578125 164.03346252441406 135.04249572753906
truck 0.99671286 75.04146575927734 193.0047607421875 106.9067153930664 225.16888427734375
deer 0.99439293 166.13131713867188 16.118358612060547 185.05075073242188 35.05534744262695
airplane 0.9845164 19.92434310913086 141.06387329101562 58.05240249633789 179.08633422851562
frog 0.9737963 56.01836395263672 45.86027145385742 72.11334991455078 62.05305862426758
frog 0.97065294 49.00909423828125 101.95036315917969 74.92957305908203 127.92327880859375
truck 0.95672953 34.01240158081055 202.95599365234375 66.07133483886719 235.16845703125
automobile 0.9512174 135.85202026367188 69.1010971069336 164.96685791015625 97.86502838134766
bird 0.8880069 75.78392791748047 42.02180480957031 102.1272964477539 68.17300415039062
dog 0.87379336 213.07383728027344 62.124332427978516 235.0814666748047 84.07516479492188
dog 0.82306194 143.02923583984375 35.045928955078125 165.1248779296875 57.18274688720703
deer 0.7609392 6.228029251098633 199.1114959716797 31.722936630249023 225.2173614501953
deer 0.7086283 56.09111022949219 45.87633514404297 72.08946228027344 62.045799255371094
deer 0.7063284 175.1236572265625 84.0333480834961 194.01690673828125 102.9528579711914
cat 0.6662921 130.961181640625 146.0844268798828 168.98666381835938 183.6604461669922
dog 0.63404965 109.06742858886719 36.983680725097656 134.9891357421875 62.94427490234375
bird 0.58592993 130.70750427246094 145.90106201171875 169.66453552246094 183.51214599609375
cat 0.550876 213.09097290039062 62.06610107421875 235.08642578125 84.00459289550781
frog 0.5113488 131.0863037109375 146.0160675048828 169.0281982421875 183.7261199951172
automobile 0.48883587 33.73932647705078 202.9783172607422 65.97362518310547 235.2473602294922
cat 0.37220544 143.01161193847656 34.930908203125 165.0380096435547 57.02336883544922
truck 0.35423845 56.06282424926758 45.86532211303711 72.07882690429688 62.00619888305664
truck 0.31905085 135.870361328125 68.96797943115234 165.03863525390625 97.84551239013672
cat 0.23020414 75.8672866821289 42.03546142578125 102.0821304321289 68.21038055419922
cat 0.2187947 109.06742858886719 36.983680725097656 134.9891357421875 62.94427490234375
