truck 0.999395 127.05511474609375 57.06559753417969 149.04190063476562 79.0872802734375
ship 0.9992178 8.917985916137695 155.00650024414062 27.97837257385254 174.27334594726562
ship 0.99885345 58.113372802734375 92.96711730957031 79.91616821289062 115.06558227539062
frog 0.998711 61.086769104003906 2.9694747924804688 93.0034408569336 35.04689407348633
truck 0.9980124 4.085583686828613 15.031588554382324 30.062000274658203 40.93185806274414
airplane 0.9975547 171.18504333496094 17.27405548095703 203.11402893066406 49.06977081298828
deer 0.99661154 75.07173156738281 156.18515014648438 112.98362731933594 194.04132080078125
airplane 0.9953673 85.03007507324219 104.23625183105469 122.91514587402344 142.08493041992188
dog 0.9905205 101.00874328613281 21.082210540771484 119.97723388671875 39.94109344482422
frog 0.9869303 31.958290100097656 151.15484619140625 61.12188720703125 179.90625
airplane 0.9524751 197.9436492919922 66.00608825683594 236.1543426513672 103.96992492675781
cat 0.91936386 149.1975555419922 26.13020133972168 167.94923400878906 44.93428039550781
dog 0.88131577 24.987838745117188 198.1069793701172 56.83045196533203 230.07762145996094
ship 0.843752 206.03118896484375 39.06621170043945 227.98049926757812 60.98740768432617
bird 0.8232688 1.0058574676513672 48.158782958984375 36.201263427734375 83.02032470703125
cat 0.79690945 75.11578369140625 214.9913330078125 112.93693542480469 253.25460815429688
airplane 0.72203135 206.0220947265625 38.945274353027344 227.9736328125 61.13371276855469
bird 0.5384591 149.1975555419922 26.13020133972168 167.94923400878906 44.93428039550781
ship 0.4778555 24.823022842407227 99.94052124023438 41.04695129394531 116.03157043457031
dog 0.41544497 24.780235290527344 99.96284484863281 41.037620544433594 116.07191467285156
dog 0.38615155 75.03842163085938 215.12930297851562 113.07843017578125 253.02969360351562
cat 0.352593 24.925445556640625 198.15675354003906 56.957542419433594 230.01536560058594
dog 0.34694368 149.1975555419922 26.13020133972168 167.94923400878906 44.93428039550781
truck 0.31835455 75.03842163085938 215.12930297851562 113.07843017578125 253.02969360351562
dog 0.2679035 1.0058574676513672 48.158782958984375 36.201263427734375 83.02032470703125
deer 0.26075327 24.87700653076172 99.84355926513672 41.015533447265625 116.09473419189453
deer 0.22842282 75.05879211425781 214.91107177734375 112.80821228027344 253.07476806640625
cat 0.219679 24.780235290527344 99.96284484863281 41.037620544433594 116.07191467285156
bird 0.20098609 206.0220947265625 38.945274353027344 227.9736328125 61.13371276855469
