truck 0.9987868 96.97046661376953 38.062355041503906 119.12764739990234 59.90348815917969
automobile 0.9984044 43.03518295288086 207.15090942382812 65.09028625488281 228.97799682617188
automobile 0.99823385 79.09197998046875 3.829183578491211 108.0208740234375 33.071998596191406
dog 0.9971448 206.17335510253906 98.13568115234375 227.9143524169922 120.03233337402344
automobile 0.99701494 95.11134338378906 174.30264282226562 113.94065856933594 193.0025634765625
dog 0.99603057 85.15784454345703 198.17701721191406 113.86270904541016 227.08265686035156
truck 0.9959237 159.0561065673828 103.96100616455078 190.9276885986328 135.92510986328125
truck 0.99560654 52.933738708496094 51.158084869384766 90.9802474975586 88.89161682128906
dog 0.9937567 184.94662475585938 211.1211700439453 219.93499755859375 245.89381408691406
deer 0.987247 161.96218872070312 178.0215301513672 191.04617309570312 207.0193634033203
frog 0.9849255 146.02438354492188 142.99603271484375 172.09408569335938 169.0714111328125
airplane 0.9833516 30.098140716552734 138.00613403320312 52.02689743041992 159.75271606445312
deer 0.98307806 121.02313232421875 182.52159118652344 149.99014282226562 211.1326446533203
dog 0.95887583 132.18017578125 0.9198722839355469 150.95260620117188 20.065425872802734
airplane 0.91133356 8.944939613342285 61.15053939819336 24.93204116821289 76.94609069824219
truck 0.80760896 211.0263671875 49.107421875 236.9833984375 75.02701568603516
deer 0.5924564 178.99130249023438 67.01510620117188 194.96224975585938 82.94291687011719
airplane 0.4953523 178.93699645996094 66.9951400756836 195.02772521972656 82.91204071044922
ship 0.34671345 178.93699645996094 66.9951400756836 195.02772521972656 82.91204071044922
cat 0.32005194 132.04769897460938 0.7001733779907227 151.04867553710938 20.049652099609375
truck 0.26763922 178.99130249023438 67.01510620117188 194.96224975585938 82.94291687011719
cat 0.25420386 178.99130249023438 67.01510620117188 194.96224975585938 82.94291687011719
automobile 0.22921875 8.977343559265137 61.14288330078125 24.98828887939453 77.10858154296875
