frog 0.9991607 160.06947326660156 166.25912475585938 188.8378143310547 194.88565063476562
automobile 0.99882925 42.113643646240234 183.24078369140625 73.94670867919922 215.0906982421875
automobile 0.99843967 120.97715759277344 89.0551528930664 149.9167938232422 118.05345916748047
automobile 0.9983115 47.94678497314453 65.90482330322266 80.0577163696289 97.82010650634766
truck 0.99783295 178.12295532226562 123.46568298339844 204.0704345703125 149.13734436035156
truck 0.99753296 26.996850967407227 141.9822235107422 49.0352783203125 163.92552185058594
truck 0.9974241 133.10035705566406 206.49037170410156 171.09950256347656 244.1173858642578
truck 0.9971776 191.11106872558594 153.88392639160156 228.8905487060547 192.0493927001953
deer 0.99539685 9.994644165039062 52.78772735595703 36.03934097290039 79.0557632446289
truck 0.9934001 200.0438690185547 2.078083038330078 235.0826873779297 36.95692443847656
frog 0.9927574 165.0286407470703 63.188507080078125 196.9617462158203 95.19371032714844
frog 0.99273205 99.13682556152344 4.965999603271484 136.95443725585938 43.2562255859375
automobile 0.9915706 8.19963264465332 97.64051818847656 43.00713348388672 132.062255859375
bird 0.98962206 78.98307800292969 120.09081268310547 117.21937561035156 157.853271484375
frog 0.98497164 79.18562316894531 199.96859741210938 111.14115905761719 231.92449951171875
airplane 0.9687975 89.17134857177734 159.0347137451172 111.06865692138672 180.97679138183594
ship 0.8222685 129.04800415039062 179.09815979003906 155.31832885742188 204.9156951904297
bird 0.72589993 129.11685180664062 179.1700897216797 155.31253051757812 204.92945861816406
frog 0.71141386 209.001220703125 44.04803466796875 228.19424438476562 63.16627502441406
cat 0.6518777 176.23524475097656 99.14810180664062 198.22145080566406 121.30732727050781
cat 0.5455921 209.001220703125 44.04803466796875 228.19424438476562 63.16627502441406
ship 0.4675375 176.23959350585938 99.251220703125 197.94253540039062 121.21223449707031
bird 0.4263412 50.955963134765625 36.16680908203125 73.06876373291016 58.32879638671875
frog 0.3520905 176.23524475097656 99.14810180664062 198.22145080566406 121.30732727050781
automobile 0.335685 208.98748779296875 44.058494567871094 228.18328857421875 63.069786071777344
cat 0.28583217 79.22096252441406 199.9523162841797 111.02787780761719 231.90565490722656
automobile 0.24913436 176.3043670654297 99.09632873535156 198.2484588623047 121.43550109863281
bird 0.22562 89.40819549560547 159.2910919189453 111.18157196044922 180.8521270751953
