automobile 0.9981836 130.0620880126953 94.3333511352539 149.0739288330078 113.00711822509766
ship 0.9981085 167.10133361816406 81.19342041015625 198.84947204589844 112.92181396484375
frog 0.99694437 65.14421844482422 115.10891723632812 96.97498321533203 146.9893798828125
ship 0.9968393 183.938232421875 193.06915283203125 215.94058227539062 225.10467529296875
ship 0.995867 8.03740119934082 13.000129699707031 39.952659606933594 44.99000549316406
frog 0.9948324 200.08413696289062 64.22850036621094 231.90780639648438 96.09854125976562
ship 0.9945073 77.08503723144531 161.03892517089844 112.09877014160156 195.7857208251953
automobile 0.9868199 133.8514404296875 143.49322509765625 164.46560668945312 178.74835205078125
bird 0.9863585 58.15361022949219 11.156100273132324 84.0936279296875 37.276268005371094
airplane 0.97549087 187.02516174316406 25.12363052368164 221.9871063232422 60.18416976928711
deer 0.87544906 24.009449005126953 211.15171813964844 46.04973220825195 232.9470977783203
automobile 0.7905625 177.0160675048828 141.9388885498047 202.8022918701172 167.6499481201172
deer 0.7879337 128.087890625 49.06674575805664 165.69876098632812 87.05523681640625
airplane 0.746564 141.044189453125 121.04624938964844 159.93292236328125 140.34239196777344
airplane 0.6256623 42.07709884643555 135.12918090820312 61.04414749145508 153.9912109375
bird 0.5966435 42.112083435058594 135.15304565429688 60.95648193359375 154.02093505859375
frog 0.54360676 177.0160675048828 141.9388885498047 202.8022918701172 167.6499481201172
cat 0.48378286 13.103803634643555 79.1320571899414 50.864906311035156 116.92597198486328
truck 0.41773197 110.08625793457031 207.09515380859375 139.05653381347656 236.00741577148438
frog 0.41028792 13.103803634643555 79.1320571899414 50.864906311035156 116.92597198486328
ship 0.40367946 110.12710571289062 207.20750427246094 139.02243041992188 236.06178283691406
bird 0.39339244 23.967430114746094 211.15591430664062 46.05268096923828 232.94284057617188
bird 0.37735313 128.15151977539062 49.1756706237793 165.90057373046875 86.8668212890625
cat 0.35469797 127.93536376953125 49.153472900390625 165.94073486328125 87.23721313476562
deer 0.34266365 55.03638458251953 47.119728088378906 87.07653045654297 78.96952819824219
dog 0.3406587 28.05615234375 179.00155639648438 47.17040252685547 198.11251831054688
ship 0.2892604 141.0382537841797 121.0658187866211 159.9838409423828 140.19149780273438
deer 0.26166263 141.0382537841797 121.0658187866211 159.9838409423828 140.19149780273438
ship 0.26073092 42.136329650878906 135.06329345703125 61.035118103027344 154.04144287109375
dog 0.256436 23.92208480834961 211.1419677734375 45.98371505737305 232.999267578125
truck 0.24670157 13.051887512207031 79.07026672363281 51.06383514404297 116.90983581542969
deer 0.24568886 177.0160675048828 141.9388885498047 202.8022918701172 167.6499481201172
airplane 0.24344254 13.029014587402344 79.15099334716797 50.83787536621094 116.9673843383789
dog 0.24315476 127.93536376953125 49.153472900390625 165.94073486328125 87.23721313476562
bird 0.21598998 13.051887512207031 79.07026672363281 51.06383514404297 116.90983581542969
airplane 0.20936802 110.12710571289062 207.20750427246094 139.02243041992188 236.06178283691406
