truck 0.9989121 187.32864379882812 202.07102966308594 218.8701171875 234.0464630126953
bird 0.99840534 105.04742431640625 12.008617401123047 127.01835632324219 34.0647087097168
frog 0.9974285 202.11688232421875 72.04821014404297 228.01077270507812 98.0052261352539
airplane 0.9968823 44.160743713378906 172.21142578125 72.86569213867188 200.614501953125
automobile 0.9967481 104.90390014648438 112.06429290771484 133.97097778320312 140.83334350585938
automobile 0.9965857 28.105205535888672 126.10186004638672 47.035396575927734 145.02490234375
deer 0.9960223 142.1153106689453 1.1887435913085938 170.9860382080078 29.8658504486084
truck 0.9954665 58.02714538574219 118.03868103027344 80.0396728515625 139.98377990722656
automobile 0.99523306 179.06756591796875 12.899669647216797 213.96762084960938 48.03556442260742
bird 0.9930775 40.068389892578125 19.174663543701172 75.14027404785156 54.074893951416016
bird 0.99283105 82.2138671875 163.017578125 116.98265075683594 198.09310913085938
frog 0.9906477 6.181386947631836 208.07325744628906 40.910552978515625 243.0863800048828
dog 0.9853184 135.89752197265625 73.2471923828125 171.09573364257812 108.07763671875
frog 0.93898225 142.17005920410156 209.08255004882812 179.9817352294922 247.0411376953125
bird 0.83370626 187.073974609375 52.16762161254883 205.9810791015625 70.92305755615234
bird 0.7990549 73.07133483886719 207.18856811523438 99.00630187988281 233.12973022460938
frog 0.75970244 8.145967483520508 20.959049224853516 33.98088073730469 47.09206771850586
airplane 0.7469282 73.07133483886719 207.18856811523438 99.00630187988281 233.12973022460938
airplane 0.5384265 187.09178161621094 52.18449783325195 206.0457305908203 70.94254302978516
cat 0.49396747 142.12059020996094 209.13076782226562 179.97450256347656 247.24407958984375
ship 0.44575712 73.24453735351562 207.14146423339844 98.97166442871094 233.00758361816406
deer 0.23192915 73.24453735351562 207.14146423339844 98.97166442871094 233.00758361816406
