ship 0.99932146 3.0233421325683594 169.55738830566406 35.180625915527344 201.0436248779297
truck 0.99892294 72.94212341308594 93.63921356201172 111.10951232910156 131.94833374023438
frog 0.9986138 11.009710311889648 60.10704803466797 40.132286071777344 89.0048599243164
dog 0.99709356 46.07670593261719 188.06350708007812 72.09255981445312 214.14065551757812
automobile 0.996514 145.99163818359375 79.89825439453125 181.15118408203125 114.85089111328125
ship 0.99633014 117.10498809814453 71.10839080810547 136.04324340820312 89.90412139892578
ship 0.98938966 206.15403747558594 137.93121337890625 238.0249481201172 169.875244140625
cat 0.9892193 189.03042602539062 90.97872924804688 221.07766723632812 123.09552001953125
airplane 0.9607763 98.98709106445312 178.98504638671875 115.00791931152344 195.04473876953125
dog 0.95982385 194.1090087890625 180.99937438964844 228.99880981445312 215.9167938232422
dog 0.9532087 125.07794189453125 211.13572692871094 147.11502075195312 233.0477752685547
truck 0.95074654 149.76876831054688 48.74134063720703 176.07568359375 75.17354583740234
deer 0.91538 103.1153793334961 146.00343322753906 119.07064056396484 162.01853942871094
cat 0.90887535 179.0144805908203 47.63261413574219 204.79493713378906 74.115966796875
dog 0.86366737 72.09426879882812 59.09996032714844 104.0015869140625 91.13442993164062
cat 0.8507104 158.07823181152344 4.989385604858398 196.00550842285156 42.81153869628906
cat 0.8468091 59.114837646484375 133.27020263671875 91.13101196289062 165.00503540039062
frog 0.58610046 158.1286163330078 4.959051132202148 196.04551696777344 42.87163543701172
deer 0.5773056 181.0894775390625 153.05892944335938 200.073974609375 172.08245849609375
ship 0.5516457 181.0718231201172 153.04611206054688 200.04063415527344 172.05886840820312
bird 0.463442 58.92951965332031 133.21685791015625 90.92471313476562 165.07321166992188
frog 0.39541274 58.98033905029297 133.28736877441406 91.08878326416016 165.08970642089844
bird 0.32784182 181.0894775390625 153.05892944335938 200.073974609375 172.08245849609375
dog 0.30635923 11.054279327392578 152.10227966308594 27.12247085571289 168.0239715576172
airplane 0.28210837 181.0894775390625 153.05892944335938 200.073974609375 172.08245849609375
frog 0.27692068 103.1153793334961 146.00343322753906 119.07064056396484 162.01853942871094
deer 0.21412024 11.054279327392578 152.10227966308594 27.12247085571289 168.0239715576172
ship 0.2002855 149.76876831054688 48.74134063720703 176.07568359375 75.17354583740234
