automobile 0.9979414 164.0641326904297 56.99443435668945 196.02781677246094 89.04322814941406
automobile 0.99764395 174.0578155517578 5.306881904602051 200.00465393066406 31.189289093017578
truck 0.9973599 70.09872436523438 134.1122589111328 102.10757446289062 166.19960021972656
dog 0.99426466 210.15060424804688 87.25215911865234 228.89218139648438 105.77042388916016
frog 0.9932257 5.151655197143555 89.00701141357422 43.097900390625 127.11473846435547
frog 0.9924475 126.94438934326172 85.0794677734375 153.0660400390625 110.90216064453125
truck 0.99152553 161.99037170410156 188.10260009765625 196.97984313964844 223.20782470703125
ship 0.9890366 142.05154418945312 134.99554443359375 173.91629028320312 167.12985229492188
dog 0.97300625 110.1167984008789 111.45489501953125 126.00768280029297 127.00213623046875
truck 0.9692189 41.836822509765625 48.2495231628418 74.20699310302734 80.12657928466797
truck 0.94261503 205.06893920898438 38.04918670654297 223.971923828125 57.04261779785156
ship 0.8788337 82.9363784790039 78.05581665039062 102.01456451416016 96.96064758300781
frog 0.80320704 104.16300964355469 6.977012634277344 123.10931396484375 25.98154067993164
frog 0.76778316 36.137142181396484 175.21868896484375 57.9594612121582 197.08309936523438
airplane 0.7197617 42.05519104003906 48.21903991699219 74.20926666259766 80.00741577148438
cat 0.6565291 117.81673431396484 187.22927856445312 152.82379150390625 221.94540405273438
airplane 0.5710533 184.11062622070312 137.9778289794922 219.01608276367188 172.87266540527344
cat 0.5314044 104.16300964355469 6.977012634277344 123.10931396484375 25.98154067993164
dog 0.53072286 47.24345016479492 82.376708984375 69.09964752197266 104.09481811523438
deer 0.48655596 184.05868530273438 138.05516052246094 219.05770874023438 172.93385314941406
automobile 0.46738505 110.1167984008789 111.45489501953125 126.00768280029297 127.00213623046875
airplane 0.40413973 82.9363784790039 78.05581665039062 102.01456451416016 96.96064758300781
bird 0.3818383 36.04439163208008 175.22642517089844 57.9256706237793 197.04200744628906
frog 0.3176747 184.11062622070312 137.9778289794922 219.01608276367188 172.87266540527344
frog 0.312544 117.81673431396484 187.22927856445312 152.82379150390625 221.94540405273438
dog 0.31199247 104.16300964355469 6.977012634277344 123.10931396484375 25.98154067993164
airplane 0.26839054 140.0946807861328 3.9050111770629883 162.0124969482422 26.103694915771484
dog 0.26432857 117.92301940917969 187.0072479248047 152.9436798095703 221.9747772216797
automobile 0.2539065 205.03701782226562 38.10041046142578 224.06387329101562 56.993446350097656
cat 0.25387913 184.11062622070312 137.9778289794922 219.01608276367188 172.87266540527344
deer 0.211425 140.05813598632812 3.982090950012207 161.99822998046875 26.04688262939453
cat 0.20104149 36.04439163208008 175.22642517089844 57.9256706237793 197.04200744628906
deer 0.20016256 110.1167984008789 111.45489501953125 126.00768280029297 127.00213623046875
