airplane 0.99847424 59.20063781738281 134.17640686035156 88.14567565917969 163.03245544433594
bird 0.9973569 93.93142700195312 141.126953125 129.12413024902344 175.879638671875
truck 0.9907403 183.995849609375 114.00386810302734 215.8587646484375 145.90081787109375
ship 0.9860951 214.0220489501953 74.08059692382812 248.86607360839844 109.06076049804688
bird 0.98459744 45.09637451171875 203.16470336914062 80.04383087158203 238.05294799804688
ship 0.98388594 34.055908203125 89.00468444824219 62.994422912597656 118.09217834472656
deer 0.9829106 139.96527099609375 115.96412658691406 166.04901123046875 142.12705993652344
frog 0.9755746 128.11468505859375 3.2387161254882812 165.9620361328125 40.929603576660156
cat 0.9668024 49.96188735961914 173.96539306640625 65.90032196044922 190.0433349609375
truck 0.96099794 181.2189178466797 183.10215759277344 209.9464874267578 211.9635772705078
airplane 0.9602647 134.13426208496094 214.0383758544922 171.99940490722656 252.2175750732422
frog 0.91631985 166.13082885742188 82.99844360351562 188.18301391601562 105.12300109863281
truck 0.87671006 20.875797271728516 153.0028533935547 39.951908111572266 171.8005828857422
automobile 0.87159395 213.01828002929688 181.0568389892578 238.97079467773438 207.2453155517578
truck 0.8186509 133.20257568359375 165.14170837402344 170.89413452148438 203.1795196533203
deer 0.8022239 50.908363342285156 0.5664844512939453 86.18547821044922 36.162635803222656
airplane 0.6828556 213.25296020507812 181.03353881835938 239.0101318359375 207.2257080078125
cat 0.6188233 133.20257568359375 165.14170837402344 170.89413452148438 203.1795196533203
cat 0.55123484 166.04525756835938 83.04228973388672 188.15023803710938 105.13336944580078
deer 0.5465492 113.0196762084961 103.12060546875 128.98910522460938 118.98326110839844
airplane 0.49215037 20.871906280517578 152.98513793945312 39.9506721496582 171.92221069335938
dog 0.4498769 50.03014373779297 173.94583129882812 65.90202331542969 190.09579467773438
cat 0.44127855 70.02725219726562 50.10990905761719 88.83358764648438 68.87310791015625
airplane 0.38991377 181.2189178466797 183.10215759277344 209.9464874267578 211.9635772705078
ship 0.36477214 50.03014373779297 173.94583129882812 65.90202331542969 190.09579467773438
bird 0.36469448 49.9656867980957 173.90640258789062 65.91796112060547 190.08380126953125
automobile 0.3619134 51.05450439453125 0.27215003967285156 85.97804260253906 36.23297119140625
deer 0.30959815 49.9656867980957 173.90640258789062 65.91796112060547 190.08380126953125
frog 0.27305892 50.908363342285156 0.5664844512939453 86.18547821044922 36.162635803222656
truck 0.2536773 70.02725219726562 50.10990905761719 88.83358764648438 68.87310791015625
bird 0.23811242 134.0180206298828 214.085693359375 171.96934509277344 251.9852294921875
truck 0.21032551 34.055908203125 89.00468444824219 62.994422912597656 118.09217834472656
deer 0.20128706 128.07754516601562 3.1477127075195312 166.14352416992188 40.924232482910156
