automobile 0.9981692 25.167774200439453 43.06963348388672 53.760921478271484 71.89993286132812
truck 0.9980712 70.18268585205078 24.11845588684082 98.98419952392578 53.020545959472656
airplane 0.99748003 202.04261779785156 3.796269416809082 228.12950134277344 29.915409088134766
dog 0.99722195 210.3779754638672 135.62379455566406 239.5667266845703 164.03477478027344
truck 0.9972062 179.03126525878906 33.987205505371094 217.0514678955078 72.05223846435547
ship 0.99715406 191.97848510742188 91.11870574951172 226.99200439453125 126.07389068603516
deer 0.9970255 46.14335632324219 163.0832061767578 75.14862823486328 192.0043182373047
truck 0.9937177 101.14002990722656 152.02186584472656 127.01081848144531 178.1767120361328
deer 0.99016345 152.2180938720703 89.19194030761719 190.12989807128906 127.2103271484375
ship 0.9725756 135.99896240234375 48.151126861572266 164.89376831054688 76.83207702636719
truck 0.7880818 155.3096466064453 172.4837646484375 177.86866760253906 195.01345825195312
truck 0.7317402 76.18333435058594 130.00213623046875 97.89085388183594 151.92990112304688
deer 0.6683214 121.1226806640625 128.0513916015625 137.01910400390625 143.97561645507812
bird 0.6664601 180.25567626953125 148.1672821044922 202.03485107421875 170.00013732910156
deer 0.62982786 131.99403381347656 28.96410369873047 148.03736877441406 44.91719055175781
dog 0.59062785 76.09580993652344 130.06381225585938 98.03523254394531 152.07440185546875
cat 0.5522031 180.24285888671875 148.21884155273438 201.9720458984375 170.01492309570312
cat 0.54077643 121.08538055419922 128.11904907226562 136.88262939453125 143.97235107421875
dog 0.540708 180.07070922851562 148.0646209716797 202.064453125 170.04725646972656
dog 0.47036904 131.99403381347656 28.96410369873047 148.03736877441406 44.91719055175781
deer 0.38055784 155.3006591796875 172.51412963867188 177.7767333984375 195.11328125
cat 0.33183965 155.3006591796875 172.51412963867188 177.7767333984375 195.11328125
airplane 0.28514916 75.14273071289062 62.08464050292969 112.97628784179688 99.91171264648438
automobile 0.2663648 76.18333435058594 130.00213623046875 97.89085388183594 151.92990112304688
frog 0.24611682 155.3006591796875 172.51412963867188 177.7767333984375 195.11328125
dog 0.24075139 121.1226806640625 128.0513916015625 137.01910400390625 143.97561645507812
automobile 0.20622417 180.07070922851562 148.0646209716797 202.064453125 170.04725646972656
