bird 0.9990087 136.15980529785156 146.05380249023438 164.73756408691406 175.3980712890625
automobile 0.998467 1.9481496810913086 131.0094451904297 28.323516845703125 156.97056579589844
bird 0.9972191 0.12306022644042969 170.08505249023438 32.123443603515625 202.01406860351562
truck 0.99610126 75.99517059326172 13.90224838256836 107.93909454345703 45.96950912475586
ship 0.99283135 137.9844970703125 178.02597045898438 163.79098510742188 203.66302490234375
airplane 0.9921259 204.88839721679688 195.02560424804688 243.147216796875 232.9263916015625
frog 0.9900398 172.3048858642578 152.1327362060547 203.9637908935547 183.84739685058594
automobile 0.98890936 79.06117248535156 69.11756134033203 101.08024597167969 91.08174896240234
dog 0.9779012 184.03204345703125 11.077475547790527 213.021484375 40.025577545166016
dog 0.9562789 183.9880828857422 105.97564697265625 222.0175018310547 143.87896728515625
frog 0.95214474 98.95832824707031 167.18077087402344 118.15086364746094 186.0597686767578
automobile 0.94957054 31.905302047729492 125.94994354248047 51.03334045410156 145.0713348388672
ship 0.94127434 49.08197784423828 41.1162109375 70.9867172241211 63.080665588378906
frog 0.8949195 17.041051864624023 77.01068878173828 39.04632568359375 99.09024810791016
frog 0.855778 143.9853973388672 42.070152282714844 172.96595764160156 71.08373260498047
truck 0.8405157 14.980412483215332 48.33527374267578 36.87528991699219 70.0096435546875
cat 0.6961403 15.038381576538086 48.20899963378906 37.00316619873047 69.94883728027344
automobile 0.6277537 76.13978576660156 191.162353515625 101.9517822265625 216.93661499023438
frog 0.58063 31.925445556640625 126.01454162597656 51.00859832763672 145.0981903076172
truck 0.39166996 76.13978576660156 191.162353515625 101.9517822265625 216.93661499023438
bird 0.35592562 17.030685424804688 76.80926513671875 39.002418518066406 99.11927795410156
deer 0.33064908 155.15274047851562 205.04026794433594 189.72036743164062 239.9668426513672
bird 0.25376368 49.20644760131836 41.06521224975586 70.88948059082031 62.73484420776367
dog 0.23985404 76.253173828125 191.01406860351562 101.82353210449219 217.02059936523438
cat 0.22987565 17.041051864624023 77.01068878173828 39.04632568359375 99.09024810791016
ship 0.22382128 76.253173828125 191.01406860351562 101.82353210449219 217.02059936523438
airplane 0.20736712 49.20644760131836 41.06521224975586 70.88948059082031 62.73484420776367
