airplane 0.998374 137.17567443847656 161.1710968017578 169.18333435058594 192.94471740722656
frog 0.9957318 29.050846099853516 89.12174987792969 64.11691284179688 123.94657897949219
truck 0.99488914 20.011165618896484 53.86480712890625 39.12055969238281 73.05488586425781
truck 0.9925045 96.15359497070312 179.30343627929688 128.0174560546875 210.90536499023438
airplane 0.98922026 74.92562866210938 3.0710372924804688 104.14222717285156 31.97734832763672
truck 0.9821539 87.01118469238281 78.20344543457031 109.03436279296875 100.09230041503906
cat 0.9690943 15.107806205749512 172.03762817382812 37.05283737182617 194.18441772460938
truck 0.96600753 177.04539489746094 69.97723388671875 193.0163116455078 86.08204650878906
cat 0.95553905 187.9298858642578 175.9499969482422 207.09495544433594 194.9402618408203
frog 0.95403355 126.96745300292969 121.96125030517578 143.1013641357422 138.07058715820312
airplane 0.9202249 160.11062622070312 13.124485969543457 181.8472900390625 35.05709457397461
cat 0.85286474 187.11964416503906 202.00778198242188 218.4862518310547 233.70999145507812
bird 0.79667336 116.07884216308594 29.144920349121094 142.22178649902344 54.94859313964844
truck 0.76462793 190.04737854003906 31.045589447021484 206.0688934326172 46.8868293762207
frog 0.7476766 186.95159912109375 88.15097045898438 213.0037841796875 113.9044189453125
frog 0.7457841 187.11456298828125 202.1676025390625 218.42666625976562 233.87857055664062
airplane 0.7420786 190.0572509765625 31.071622848510742 206.01602172851562 46.88245391845703
dog 0.70371777 30.065006256103516 20.047332763671875 61.98940658569336 51.79454040527344
automobile 0.57573956 190.04737854003906 31.045589447021484 206.0688934326172 46.8868293762207
dog 0.5218555 29.09779167175293 131.0305938720703 51.059608459472656 153.1175079345703
frog 0.5180122 29.063364028930664 130.9830780029297 51.053321838378906 153.13328552246094
ship 0.47580382 190.04737854003906 31.045589447021484 206.0688934326172 46.8868293762207
deer 0.46939212 29.13092041015625 130.81765747070312 51.15007781982422 153.14065551757812
bird 0.4076622 75.05424499511719 3.0355939865112305 104.04527282714844 31.964012145996094
bird 0.38016462 186.95159912109375 88.15097045898438 213.0037841796875 113.9044189453125
automobile 0.35843873 87.09429168701172 78.23135375976562 108.94632720947266 100.09388732910156
dog 0.35115477 186.95159912109375 88.15097045898438 213.0037841796875 113.9044189453125
ship 0.34484458 176.96180725097656 69.99909210205078 192.97837829589844 86.04830169677734
cat 0.31074858 116.07884216308594 29.144920349121094 142.22178649902344 54.94859313964844
bird 0.2626351 29.063364028930664 130.9830780029297 51.053321838378906 153.13328552246094
automobile 0.2431171 186.95159912109375 88.15097045898438 213.0037841796875 113.9044189453125
cat 0.23827595 126.95591735839844 121.92083740234375 143.0491485595703 138.12796020507812
automobile 0.23185438 126.95591735839844 121.92083740234375 143.0491485595703 138.12796020507812
deer 0.227647 190.04737854003906 31.045589447021484 206.0688934326172 46.8868293762207
automobile 0.22172719 160.1511993408203 13.056802749633789 181.9518280029297 35.022308349609375
deer 0.21999872 177.02545166015625 69.93282318115234 192.96734619140625 86.08943939208984
cat 0.2170251 29.09779167175293 131.0305938720703 51.059608459472656 153.1175079345703
cat 0.2100941 190.04737854003906 31.045589447021484 206.0688934326172 46.8868293762207
cat 0.20435613 30.065006256103516 20.047332763671875 61.98940658569336 51.79454040527344
truck 0.20096302 15.137734413146973 172.0248260498047 36.94609451293945 194.1186981201172
