ship 0.9993214 37.13618850708008 10.191802978515625 59.0452766418457 31.996673583984375
truck 0.998299 5.129184722900391 163.9685516357422 40.07002258300781 198.9331817626953
truck 0.99736357 24.03312110900879 45.18402862548828 56.1207275390625 77.20379638671875
deer 0.9968202 146.07815551757812 105.06209564208984 168.07638549804688 126.92867279052734
truck 0.9961998 118.02354431152344 112.85617065429688 144.1621551513672 138.89743041992188
bird 0.9955173 142.02517700195312 190.1016845703125 177.17886352539062 225.02685546875
frog 0.99462366 194.12576293945312 123.13306427001953 229.02001953125 158.21742248535156
frog 0.9946197 94.05442810058594 55.05320739746094 116.00872802734375 76.99940490722656
airplane 0.99295896 79.91763305664062 197.67080688476562 115.22419738769531 233.08740234375
airplane 0.99232244 126.19277954101562 7.9670257568359375 161.02279663085938 42.80021667480469
truck 0.9903711 14.039738655090332 124.10752868652344 35.946502685546875 145.9927520751953
cat 0.9852358 192.08106994628906 24.055089950561523 211.0700225830078 43.0989990234375
bird 0.98484147 184.08749389648438 50.078582763671875 216.04214477539062 82.01737976074219
automobile 0.9838667 46.38187789916992 90.60883331298828 77.94071197509766 116.12572479248047
dog 0.9828938 210.9976043701172 162.94664001464844 248.9222869873047 200.92738342285156
deer 0.9786468 75.59548950195312 170.26148986816406 107.77362060546875 194.8284149169922
bird 0.967719 125.94357299804688 46.35395050048828 158.10964965820312 79.07648468017578
frog 0.93312234 15.1162691116333 83.02862548828125 33.91726303100586 101.99343872070312
frog 0.9118753 84.00430297851562 23.32852554321289 113.03660583496094 52.11357498168945
bird 0.59436584 84.00430297851562 23.32852554321289 113.03660583496094 52.11357498168945
bird 0.40118194 211.0707550048828 162.96131896972656 248.9305877685547 200.80674743652344
deer 0.25998944 126.15386199951172 46.16290283203125 157.9807891845703 78.98139953613281
deer 0.23668441 74.18763732910156 157.69459533691406 107.90476989746094 191.8081817626953
cat 0.20018095 15.131590843200684 82.98056030273438 33.88627624511719 102.07545471191406
