automobile 0.9974495 152.02798461914062 211.98406982421875 183.97348022460938 243.791259765625
automobile 0.9969239 142.13702392578125 75.07969665527344 176.97976684570312 110.0953369140625
cat 0.99481946 34.04790115356445 23.021217346191406 71.95021057128906 60.98242950439453
bird 0.9944203 86.20008087158203 190.96803283691406 120.97809600830078 225.91770935058594
frog 0.98988795 214.052734375 167.1590576171875 235.96478271484375 189.01974487304688
deer 0.98879707 152.8756866455078 127.02622985839844 190.98143005371094 165.1880340576172
truck 0.9810989 197.0550537109375 193.10595703125 234.95343017578125 231.08441162109375
frog 0.9765564 51.90525817871094 140.96205139160156 77.97055053710938 166.96678161621094
dog 0.9711026 90.09600830078125 108.01287078857422 119.16311645507812 136.81117248535156
deer 0.95711726 179.106689453125 25.94625473022461 211.21148681640625 57.99164962768555
ship 0.95038486 13.106988906860352 101.03402709960938 42.19676971435547 129.7606201171875
dog 0.9283722 123.08871459960938 207.21978759765625 145.03903198242188 229.13250732421875
ship 0.91433334 6.98890495300293 8.000762939453125 26.112512588500977 27.20013427734375
frog 0.8616133 186.95794677734375 92.04804229736328 203.0576171875 107.95056915283203
truck 0.85824263 186.95794677734375 92.04804229736328 203.0576171875 107.95056915283203
frog 0.84560573 171.85162353515625 166.07980346679688 190.9952392578125 184.9234619140625
ship 0.8202654 51.06800842285156 64.7644271850586 66.9150161743164 81.03583526611328
ship 0.7942244 126.17839813232422 168.05838012695312 157.95985412597656 200.17691040039062
automobile 0.6268208 39.00310516357422 201.10159301757812 65.12793731689453 226.9720458984375
airplane 0.59731615 126.17839813232422 168.05838012695312 157.95985412597656 200.17691040039062
cat 0.56845874 122.9674301147461 207.19952392578125 145.29849243164062 229.04269409179688
airplane 0.51154923 39.00310516357422 201.10159301757812 65.12793731689453 226.9720458984375
truck 0.5078518 51.05377960205078 64.79949188232422 66.97703552246094 81.04303741455078
cat 0.4457059 126.27024841308594 168.06040954589844 158.06175231933594 200.14598083496094
cat 0.4425371 50.93996047973633 64.73143005371094 66.96684265136719 81.01332092285156
automobile 0.39351797 51.05377960205078 64.79949188232422 66.97703552246094 81.04303741455078
bird 0.38517094 6.98890495300293 8.000762939453125 26.112512588500977 27.20013427734375
dog 0.30848283 186.95794677734375 92.04804229736328 203.0576171875 107.95056915283203
airplane 0.2892879 13.193178176879883 101.09927368164062 42.12504577636719 129.72601318359375
cat 0.2770397 186.95794677734375 92.04804229736328 203.0576171875 107.95056915283203
truck 0.2653095 171.9420166015625 165.96258544921875 191.02239990234375 184.9212646484375
deer 0.23522156 186.95794677734375 92.04804229736328 203.0576171875 107.95056915283203
airplane 0.22610724 6.98890495300293 8.000762939453125 26.112512588500977 27.20013427734375
airplane 0.20358568 171.9420166015625 165.96258544921875 191.02239990234375 184.9212646484375
