bird 0.9990798 2.9865245819091797 48.02994918823242 32.051910400390625 76.96443939208984
automobile 0.9990574 71.01600646972656 5.04841423034668 100.05519104003906 33.99308776855469
automobile 0.99821925 187.0118865966797 3.0591917037963867 209.09571838378906 25.054977416992188
airplane 0.99778897 208.0635528564453 27.924274444580078 239.9138641357422 59.7896842956543
ship 0.9966721 166.02554321289062 207.9646759033203 192.04476928710938 233.8072052001953
automobile 0.99648285 129.10079956054688 112.00528717041016 147.96514892578125 131.15097045898438
ship 0.994388 46.039024353027344 60.97746276855469 71.95016479492188 87.0455322265625
ship 0.9942952 207.03665161132812 124.17794036865234 233.0318603515625 149.72927856445312
cat 0.992942 95.22022247314453 75.33016967773438 121.1745376586914 101.12806701660156
deer 0.9925263 31.128684997558594 97.0968017578125 57.00470733642578 123.22528076171875
airplane 0.99130553 207.11415100097656 183.94723510742188 241.9940948486328 219.02383422851562
dog 0.9809642 114.08897399902344 204.178955078125 148.86256408691406 239.007080078125
truck 0.97998965 92.0342025756836 36.02610778808594 110.92720794677734 55.14166259765625
frog 0.9776622 76.03469848632812 121.02869415283203 111.06353759765625 155.9632110595703
frog 0.9540819 16.833681106567383 131.9392852783203 39.07720184326172 154.3106231689453
bird 0.89048344 70.10165405273438 210.01930236816406 107.91020202636719 247.98609924316406
deer 0.7847817 148.9842071533203 130.06640625 174.94606018066406 155.9541015625
cat 0.7388773 173.40853881835938 56.2041130065918 204.86898803710938 87.87699890136719
cat 0.5735183 70.06559753417969 210.03916931152344 107.87655639648438 247.8837432861328
dog 0.5406571 173.24014282226562 56.215248107910156 205.09796142578125 88.06761932373047
dog 0.3289459 70.6793212890625 209.6470489501953 108.31153869628906 247.98829650878906
cat 0.26286253 114.00785064697266 204.07772827148438 148.90675354003906 239.0081787109375
ship 0.25623018 92.01910400390625 36.05482864379883 110.98411560058594 55.115047454833984
bird 0.21868637 16.773502349853516 131.9724884033203 39.12016677856445 155.23301696777344
