ship 0.99877083 88.9312515258789 149.07359313964844 107.94226837158203 168.0044403076172
airplane 0.9983093 152.08062744140625 186.1260528564453 183.94253540039062 217.9793243408203
ship 0.9980656 141.11068725585938 91.21475982666016 166.832275390625 117.07019805908203
truck 0.9978658 178.05422973632812 159.99696350097656 200.04183959960938 182.13124084472656
dog 0.9978498 197.16986083984375 195.97265625 216.00827026367188 214.970947265625
automobile 0.99773645 49.02659606933594 11.01449966430664 83.84976196289062 46.06555938720703
automobile 0.9975989 7.009026527404785 10.1222562789917 35.97528839111328 39.0789909362793
airplane 0.9967288 18.936458587646484 113.2136459350586 53.94388198852539 148.10507202148438
automobile 0.9965843 71.00245666503906 54.05632781982422 103.07354736328125 86.01419830322266
automobile 0.99618804 25.906084060668945 73.08545684814453 60.99150085449219 107.99793243408203
automobile 0.9958808 9.982906341552734 184.08981323242188 45.01060485839844 219.11480712890625
automobile 0.9941808 8.138094902038574 151.07008361816406 27.001190185546875 169.60731506347656
airplane 0.9936529 190.14779663085938 34.085609436035156 225.105712890625 68.89693450927734
ship 0.9925368 148.10292053222656 34.122283935546875 167.04713439941406 53.01600646972656
cat 0.9342412 98.06101989746094 9.16727066040039 130.0322265625 41.07146453857422
frog 0.85496986 95.21600341796875 107.1351318359375 113.81378173828125 126.06021118164062
airplane 0.8237766 53.949317932128906 180.03799438476562 76.06331634521484 202.06231689453125
frog 0.7877574 55.6019287109375 133.791748046875 87.16639709472656 161.11444091796875
ship 0.75001895 199.24539184570312 91.16497039794922 234.00518798828125 125.97440338134766
ship 0.625383 54.09446334838867 180.1460418701172 76.01878356933594 201.9834747314453
ship 0.59873086 122.0266342163086 128.03195190429688 160.009033203125 166.00918579101562
bird 0.3730687 122.10970306396484 128.05198669433594 160.03256225585938 165.9816436767578
dog 0.36202013 199.21713256835938 91.15312194824219 233.98513793945312 125.96408081054688
bird 0.3579622 199.19723510742188 91.06442260742188 233.9620361328125 125.95710754394531
cat 0.3246637 199.19723510742188 91.06442260742188 233.9620361328125 125.95710754394531
dog 0.30909967 95.21600341796875 107.1351318359375 113.81378173828125 126.06021118164062
cat 0.28028628 55.652076721191406 133.85939025878906 87.1635971069336 161.0640106201172
cat 0.20136678 95.21600341796875 107.1351318359375 113.81378173828125 126.06021118164062
