dog 0.9983336 42.013309478759766 41.92089080810547 71.03231811523438 71.12862396240234
automobile 0.99661773 120.97146606445312 29.071861267089844 155.8780517578125 64.1285629272461
truck 0.9944458 60.957733154296875 148.9921112060547 99.12127685546875 186.94288635253906
airplane 0.99307 153.03871154785156 204.1611328125 179.02647399902344 230.22000122070312
bird 0.99276626 137.91940307617188 130.9518585205078 166.99090576171875 159.94728088378906
deer 0.9926646 94.95028686523438 81.13523864746094 124.01504516601562 109.88093566894531
deer 0.9917082 25.113601684570312 156.1261444091797 51.05845642089844 181.84019470214844
truck 0.99026144 54.953338623046875 188.27259826660156 81.07838439941406 214.14756774902344
airplane 0.98741615 114.08231353759766 160.95913696289062 148.8875732421875 195.85833740234375
bird 0.98292935 183.112548828125 40.18415069580078 221.0023193359375 78.05619049072266
airplane 0.96848166 7.048303604125977 158.0746612548828 22.979713439941406 173.9614715576172
airplane 0.9669275 168.0712890625 145.05291748046875 200.15902709960938 176.96438598632812
airplane 0.8652885 205.05487060546875 201.03355407714844 227.03485107421875 223.0874481201172
cat 0.8095566 82.9977035522461 3.8396987915039062 111.75226593017578 33.09595489501953
deer 0.787289 59.08345031738281 9.05770492553711 80.73771667480469 31.140487670898438
bird 0.68610656 12.130512237548828 66.1526870727539 30.92160415649414 84.9512710571289
cat 0.6091784 12.079855918884277 66.14164733886719 30.992694854736328 84.9510498046875
ship 0.562392 205.16896057128906 201.08001708984375 227.0983428955078 223.15283203125
frog 0.5199047 82.9977035522461 3.8396987915039062 111.75226593017578 33.09595489501953
frog 0.5153337 99.1458740234375 55.154056549072266 115.12678527832031 70.9832534790039
ship 0.50428116 168.0498046875 145.0169677734375 200.18405151367188 176.91470336914062
ship 0.47997022 7.048303604125977 158.0746612548828 22.979713439941406 173.9614715576172
truck 0.40784773 205.16896057128906 201.08001708984375 227.0983428955078 223.15283203125
bird 0.3265516 99.1458740234375 55.154056549072266 115.12678527832031 70.9832534790039
frog 0.2840095 0.6418418884277344 98.02391052246094 30.095474243164062 126.94502258300781
deer 0.26303744 82.9977035522461 3.8396987915039062 111.75226593017578 33.09595489501953
deer 0.25986457 183.07833862304688 40.260215759277344 220.99847412109375 77.970703125
deer 0.2590657 99.17149353027344 55.043601989746094 115.17840576171875 70.99827575683594
automobile 0.23301914 205.16896057128906 201.08001708984375 227.0983428955078 223.15283203125
cat 0.22305557 0.6971540451049805 98.15857696533203 30.083179473876953 126.9247055053711
automobile 0.21490401 54.953338623046875 188.27259826660156 81.07838439941406 214.14756774902344
