dog 0.9987048 14.000765800476074 143.03433227539062 45.984195709228516 174.99957275390625
airplane 0.998047 143.18292236328125 167.02809143066406 175.08364868164062 198.8820343017578
bird 0.99794376 76.09349060058594 22.04814910888672 108.03378295898438 54.102333068847656
truck 0.9974059 92.94446563720703 105.94816589355469 128.10333251953125 141.12213134765625
airplane 0.99697846 184.04141235351562 30.006248474121094 210.01129150390625 55.896095275878906
ship 0.995397 18.076656341552734 52.92393493652344 50.40444564819336 85.14067077636719
deer 0.9947789 213.11158752441406 128.9500274658203 251.1640167236328 166.87452697753906
deer 0.9937621 18.186717987060547 86.37504577636719 53.05833053588867 120.9842529296875
deer 0.9915688 92.98031616210938 207.89752197265625 124.95669555664062 239.93719482421875
dog 0.98888946 95.11067199707031 65.1809310913086 132.91885375976562 103.1252212524414
truck 0.9876641 160.89450073242188 212.1409454345703 187.35629272460938 238.1133575439453
airplane 0.9811916 173.95811462402344 102.06519317626953 193.1078643798828 121.05960845947266
automobile 0.9787073 130.9161834716797 27.03546714782715 147.33518981933594 42.842506408691406
airplane 0.9506698 189.03518676757812 191.0174102783203 226.87185668945312 228.97828674316406
ship 0.93259287 197.01158142089844 67.25318908691406 213.96730041503906 81.92304992675781
frog 0.8696437 112.19251251220703 154.10240173339844 133.9394073486328 175.79542541503906
airplane 0.6848444 197.00042724609375 67.15940856933594 213.74014282226562 82.05805969238281
airplane 0.54923666 164.90159606933594 66.98779296875 191.05845642089844 93.25508117675781
airplane 0.53284144 157.0927734375 25.090076446533203 173.0843505859375 40.98373794555664
frog 0.4286234 157.0927734375 25.090076446533203 173.0843505859375 40.98373794555664
frog 0.38952875 164.90159606933594 66.98779296875 191.05845642089844 93.25508117675781
bird 0.3517908 112.0291519165039 153.95376586914062 133.8802490234375 175.787109375
deer 0.29814368 157.0927734375 25.090076446533203 173.0843505859375 40.98373794555664
cat 0.27797765 157.08653259277344 25.13304901123047 172.97462463378906 40.991050720214844
truck 0.24602449 157.08653259277344 25.13304901123047 172.97462463378906 40.991050720214844
truck 0.23662728 197.01158142089844 67.25318908691406 213.96730041503906 81.92304992675781
ship 0.216371 173.95811462402344 102.06519317626953 193.1078643798828 121.05960845947266
