airplane 0.99887955 47.91731262207031 6.186138153076172 77.09664154052734 35.0608024597168
airplane 0.99881774 93.03050231933594 215.07955932617188 124.88035583496094 246.94424438476562
truck 0.9980882 18.18996810913086 215.8433074951172 47.08881759643555 244.9550018310547
automobile 0.99589354 202.17828369140625 24.072872161865234 223.94927978515625 46.16202163696289
bird 0.9956837 62.12114715576172 131.0179901123047 99.8596420288086 168.67723083496094
airplane 0.99527264 47.01749801635742 89.0724868774414 82.04672241210938 124.0394515991211
dog 0.99459493 119.03311157226562 68.08903503417969 157.10073852539062 105.91046142578125
truck 0.99432194 39.93156433105469 38.934112548828125 71.97608184814453 71.0345687866211
truck 0.993474 205.21141052246094 51.12046813964844 227.0553741455078 72.90279388427734
frog 0.99239445 11.299811363220215 32.18521499633789 37.178436279296875 58.2344856262207
frog 0.99163234 162.0023956298828 102.0425033569336 181.00950622558594 121.06407928466797
airplane 0.9887841 211.14266967773438 160.23233032226562 243.09954833984375 191.964111328125
bird 0.98188394 165.98106384277344 69.98259735107422 192.0511016845703 96.02945709228516
bird 0.9776772 112.04112243652344 130.9856719970703 140.96083068847656 160.0922088623047
bird 0.9628811 126.10882568359375 190.1303253173828 161.0418701171875 225.0179901123047
airplane 0.95823574 191.08067321777344 205.20404052734375 217.0409698486328 230.96298217773438
airplane 0.9545435 91.15402221679688 31.263065338134766 117.03485107421875 56.924800872802734
bird 0.91550255 23.101682662963867 151.04473876953125 49.10432434082031 177.04617309570312
automobile 0.86304617 127.0700912475586 10.060251235961914 162.0101318359375 44.987945556640625
airplane 0.29396087 127.05098724365234 9.998620986938477 162.05369567871094 44.923004150390625
