airplane 0.99921083 202.0808563232422 195.00723266601562 233.99159240722656 227.19442749023438
ship 0.99911714 28.104639053344727 70.08126068115234 50.080772399902344 92.10698699951172
ship 0.99758035 64.04103088378906 115.15119171142578 101.90489196777344 153.1311492919922
truck 0.9964936 166.0870819091797 175.1253204345703 191.7399444580078 200.92384338378906
automobile 0.99638593 122.95874786376953 64.0369644165039 148.87503051757812 89.79402923583984
truck 0.99593496 15.25754165649414 100.0497055053711 47.005950927734375 132.13961791992188
deer 0.99521726 152.920654296875 58.11627960205078 185.2066650390625 89.9845199584961
deer 0.9941777 0.9016323089599609 137.9224090576172 30.013586044311523 166.96620178222656
dog 0.9925251 205.84280395507812 68.97932434082031 234.99066162109375 97.99984741210938
bird 0.9888638 138.04098510742188 131.04354858398438 173.0634765625 165.90460205078125
truck 0.9739834 91.08409118652344 15.069071769714355 116.9876708984375 41.14518356323242
dog 0.9657098 55.110599517822266 164.95225524902344 70.99981689453125 180.91954040527344
ship 0.9627565 158.12216186523438 213.15835571289062 187.1114501953125 241.90960693359375
bird 0.94295156 19.049049377441406 192.92434692382812 37.97728729248047 211.911376953125
airplane 0.82787085 102.2269058227539 165.20021057128906 123.94017791748047 187.0044403076172
automobile 0.8064066 210.1066436767578 3.1234683990478516 245.0725555419922 38.080413818359375
bird 0.5827415 158.15139770507812 213.15127563476562 187.05191040039062 241.88748168945312
bird 0.488821 115.90167236328125 99.20458221435547 144.95709228515625 128.0171661376953
dog 0.4699627 115.91014862060547 99.19210052490234 144.92507934570312 127.99939727783203
airplane 0.40305817 91.0374755859375 15.159872055053711 116.98240661621094 41.197593688964844
cat 0.33328348 193.7527618408203 127.86116027832031 232.37428283691406 166.0500946044922
airplane 0.31403297 194.04396057128906 128.1165008544922 232.1331024169922 165.9792938232422
truck 0.28707656 210.10916137695312 3.0914688110351562 245.04464721679688 38.0525016784668
ship 0.2580881 210.3472900390625 3.1676864624023438 245.08102416992188 38.294952392578125
cat 0.25372106 115.90167236328125 99.20458221435547 144.95709228515625 128.0171661376953
airplane 0.24902242 210.3472900390625 3.1676864624023438 245.08102416992188 38.294952392578125
cat 0.24756768 102.16266632080078 165.17437744140625 123.9094467163086 187.07342529296875
deer 0.22468618 19.069894790649414 193.0408172607422 38.011085510253906 212.0388946533203
