automobile 0.9984764 164.09722900390625 3.8202571868896484 195.9501953125 36.04827117919922
ship 0.99817866 15.058578491210938 132.1524658203125 37.07717514038086 154.02862548828125
ship 0.9977394 0.06637763977050781 49.09367370605469 32.070777893066406 80.83456420898438
automobile 0.9971136 187.11654663085938 40.059181213378906 215.84591674804688 68.93421173095703
airplane 0.9944575 117.08528137207031 134.993408203125 155.0677032470703 173.02774047851562
frog 0.99383473 65.96479034423828 184.02450561523438 104.08365631103516 222.06402587890625
automobile 0.9937787 108.99114990234375 23.21474266052246 141.07516479492188 54.833168029785156
bird 0.9930767 31.916337966918945 15.122711181640625 57.90624237060547 40.97071075439453
bird 0.98525935 163.20135498046875 143.1566619873047 188.6968994140625 169.1239471435547
airplane 0.9831008 87.99767303466797 84.14978790283203 114.16144561767578 110.11566925048828
airplane 0.97667193 166.99594116210938 51.858436584472656 183.19119262695312 68.00308227539062
automobile 0.97363627 15.071846961975098 103.12635803222656 37.10694122314453 125.01385498046875
deer 0.96393204 62.09966278076172 34.05158615112305 93.95024871826172 66.06449890136719
automobile 0.94751334 99.97087097167969 140.8948211669922 115.94044494628906 157.0495147705078
automobile 0.90824014 170.06736755371094 190.0628662109375 191.9528350830078 212.171630859375
deer 0.79192877 201.32794189453125 9.637516021728516 227.2978515625 36.16844177246094
automobile 0.6909018 189.0972900390625 102.01041412353516 208.0364990234375 121.0412826538086
cat 0.42206317 201.26107788085938 9.9279203414917 227.32754516601562 36.11762237548828
frog 0.35613924 201.32794189453125 9.637516021728516 227.2978515625 36.16844177246094
truck 0.3084814 189.1195068359375 101.96525573730469 208.050537109375 121.04928588867188
truck 0.2870797 46.25603103637695 169.08184814453125 64.93026733398438 187.969970703125
cat 0.28328738 62.13722610473633 34.07066345214844 93.93746948242188 66.16287994384766
ship 0.268699 166.9409942626953 51.8524284362793 183.12696838378906 68.05950927734375
truck 0.22786647 99.92481994628906 140.8982696533203 115.9481201171875 157.05531311035156
airplane 0.22570285 99.92481994628906 140.8982696533203 115.9481201171875 157.05531311035156
truck 0.21787617 170.04730224609375 189.951416015625 192.151611328125 212.04092407226562
deer 0.21503243 15.020853996276855 103.30398559570312 36.83148956298828 125.06959533691406
bird 0.20322016 170.04730224609375 189.951416015625 192.151611328125 212.04092407226562
