frog 0.99899054 167.9984893798828 54.29343795776367 200.0121612548828 85.87262725830078
ship 0.9981466 164.0353546142578 13.008400917053223 183.0443572998047 31.959362030029297
airplane 0.99801195 203.05657958984375 22.105802536010742 232.0516357421875 50.9334716796875
dog 0.9969145 23.0303955078125 87.89645385742188 51.949798583984375 116.91629028320312
ship 0.9960071 31.260709762573242 29.93451690673828 59.99103546142578 59.044471740722656
deer 0.99575853 210.12611389160156 151.98373413085938 242.23826599121094 183.87252807617188
airplane 0.99555564 154.07456970214844 121.94427490234375 176.33042907714844 144.1121826171875
truck 0.9951973 90.01036071777344 87.9372329711914 128.00054931640625 125.99925994873047
truck 0.99447525 53.95329284667969 213.02249145507812 88.89846801757812 248.00448608398438
deer 0.9910072 98.06596374511719 211.00674438476562 130.1602783203125 242.99630737304688
deer 0.9856045 37.09632110595703 6.981449127197266 53.03063201904297 23.11224365234375
deer 0.975014 190.06492614746094 122.21988677978516 218.89463806152344 150.86695861816406
ship 0.9749674 135.10342407226562 44.004051208496094 161.11224365234375 70.1110610961914
dog 0.9676621 7.060335159301758 12.176982879638672 28.911344528198242 34.03684616088867
automobile 0.95416737 80.03614807128906 174.0032958984375 115.04544067382812 208.87677001953125
deer 0.9453622 168.97857666015625 194.07899475097656 207.0513916015625 231.9717559814453
truck 0.8620579 27.027379989624023 120.9229507446289 45.85894012451172 140.12649536132812
dog 0.8001178 51.981597900390625 133.03311157226562 90.02676391601562 171.17535400390625
frog 0.65063536 51.92625427246094 133.0424041748047 90.11772155761719 171.2107696533203
truck 0.6110663 83.1095962524414 24.922016143798828 102.0074234008789 44.09148025512695
automobile 0.5472727 27.11768341064453 121.00630950927734 45.81005096435547 140.10092163085938
cat 0.50202274 83.07073974609375 24.938034057617188 102.02516174316406 44.09257507324219
frog 0.4065655 37.05966567993164 6.947243690490723 52.98676681518555 23.19122314453125
ship 0.32284343 37.05966567993164 6.947243690490723 52.98676681518555 23.19122314453125
airplane 0.26757386 27.11768341064453 121.00630950927734 45.81005096435547 140.10092163085938
airplane 0.21818346 169.01272583007812 194.1624755859375 207.01666259765625 232.02117919921875
cat 0.21666914 169.01272583007812 194.1624755859375 207.01666259765625 232.02117919921875
cat 0.21507922 37.05966567993164 6.947243690490723 52.98676681518555 23.19122314453125
bird 0.20617053 52.02103042602539 132.90052795410156 90.1077880859375 171.1066436767578
cat 0.20571724 7.063570022583008 12.046286582946777 28.995397567749023 33.97667694091797
