dog 0.9975871 138.06988525390625 10.049079895019531 170.01644897460938 42.113494873046875
ship 0.9962935 153.98629760742188 94.98070526123047 170.01123046875 110.97020721435547
airplane 0.9959246 15.08680248260498 188.17185974121094 40.787689208984375 214.02015686035156
ship 0.994792 187.13729858398438 154.990966796875 203.19195556640625 171.02066040039062
airplane 0.9931861 4.10867977142334 155.3609161376953 33.093746185302734 183.52586364746094
airplane 0.99267554 45.928016662597656 127.0732421875 80.9825668334961 162.12509155273438
airplane 0.9921669 45.93663787841797 35.11864471435547 84.14896392822266 73.00125885009766
automobile 0.9915477 37.064125061035156 3.156397819519043 58.95283508300781 25.13631820678711
truck 0.9895559 198.12957763671875 91.08114624023438 230.06439208984375 123.06745910644531
cat 0.9871002 211.22598266601562 194.24501037597656 236.94183349609375 220.0819549560547
ship 0.98690945 170.00621032714844 73.15300750732422 189.1570587158203 91.25885772705078
truck 0.97059804 11.119221687316895 52.092376708984375 37.04441452026367 77.93043518066406
truck 0.9474099 67.07330322265625 78.8521957397461 96.01405334472656 107.90009307861328
cat 0.87145585 92.14468383789062 31.088237762451172 110.98503112792969 49.96267318725586
frog 0.6615834 92.03157806396484 31.104476928710938 111.02877044677734 50.02722930908203
bird 0.6215254 209.11087036132812 47.98269271850586 227.91754150390625 66.95584106445312
cat 0.46896127 209.06930541992188 47.98430633544922 227.95632934570312 67.01127624511719
cat 0.4626646 156.5958709716797 121.05635070800781 182.1662139892578 147.23609924316406
automobile 0.3652317 187.0763702392578 154.99974060058594 203.2167205810547 171.0196075439453
dog 0.30454898 209.10955810546875 48.06474685668945 227.914794921875 67.07771301269531
airplane 0.2652684 209.11087036132812 47.98269271850586 227.91754150390625 66.95584106445312
cat 0.22820872 67.23721313476562 78.89581298828125 96.00375366210938 107.86509704589844
ship 0.20068213 37.10478591918945 3.2039241790771484 58.9948616027832 25.083696365356445
