airplane 0.99747586 5.979969024658203 168.00523376464844 27.96845245361328 190.0131072998047
ship 0.99679387 91.065185546875 150.07833862304688 113.01388549804688 172.02395629882812
truck 0.9944012 205.25279235839844 121.06220245361328 231.0996551513672 146.99822998046875
bird 0.9937643 6.9943695068359375 83.04755401611328 42.05988693237305 118.06450653076172
ship 0.99179983 47.25675582885742 178.10418701171875 81.98793029785156 213.02175903320312
truck 0.9796441 63.12171173095703 51.0972785949707 85.1181411743164 73.0849380493164
dog 0.9770212 90.2581787109375 32.919410705566406 111.8583984375 55.0679931640625
dog 0.9722049 19.065711975097656 38.14515686035156 40.890594482421875 60.04487609863281
bird 0.91959167 148.21353149414062 85.17974853515625 185.92422485351562 122.8768310546875
deer 0.8981957 92.17985534667969 198.0613555908203 126.91343688964844 232.81019592285156
automobile 0.8672273 37.1326904296875 19.94265365600586 53.03752136230469 36.186885833740234
frog 0.86111355 4.960903167724609 7.935049057006836 21.824321746826172 25.076879501342773
truck 0.85420066 37.1326904296875 19.94265365600586 53.03752136230469 36.186885833740234
bird 0.7872649 140.11721801757812 189.17556762695312 165.7747802734375 214.9036865234375
deer 0.7551409 143.92713928222656 25.961957931518555 170.03858947753906 52.07086181640625
bird 0.72054005 199.02252197265625 36.108123779296875 234.08419799804688 71.02228546142578
airplane 0.7123075 123.01036071777344 159.09207153320312 139.08473205566406 175.07052612304688
cat 0.69148546 37.93671798706055 138.05426025390625 57.01236343383789 157.12310791015625
deer 0.6833085 199.06459045410156 36.09363555908203 234.20790100097656 71.06560516357422
dog 0.49888432 45.189292907714844 87.121826171875 71.06918334960938 113.0908203125
deer 0.4313236 140.11721801757812 189.17556762695312 165.7747802734375 214.9036865234375
deer 0.32550836 121.05401611328125 114.07901763916016 146.82888793945312 140.1306915283203
frog 0.31856352 148.34718322753906 85.1708755493164 185.8994598388672 122.97237396240234
cat 0.31337196 45.189292907714844 87.121826171875 71.06918334960938 113.0908203125
frog 0.28941727 90.09766387939453 33.07041931152344 111.9154281616211 55.08007049560547
cat 0.28834024 148.34718322753906 85.1708755493164 185.8994598388672 122.97237396240234
dog 0.28775898 92.17985534667969 198.0613555908203 126.91343688964844 232.81019592285156
frog 0.25952655 122.98281860351562 159.0173797607422 139.07339477539062 175.01161193847656
dog 0.2496197 123.01830291748047 159.11322021484375 139.05738830566406 175.03005981445312
cat 0.2341648 63.12171173095703 51.0972785949707 85.1181411743164 73.0849380493164
