ship 0.99890107 183.11436462402344 62.17033767700195 214.91285705566406 94.15501403808594
dog 0.997627 25.2984619140625 155.4247589111328 54.00904083251953 183.90309143066406
cat 0.99718565 139.175537109375 109.1111068725586 176.90841674804688 147.1443634033203
automobile 0.99708456 3.128591537475586 203.96484375 29.12127113342285 230.24203491210938
deer 0.99499846 75.97613525390625 155.0727996826172 104.99311828613281 183.92369079589844
airplane 0.989048 44.051963806152344 196.9205780029297 79.05836486816406 231.95326232910156
cat 0.9750483 36.78558349609375 40.88121032714844 55.879150390625 60.00624084472656
airplane 0.9721862 138.08480834960938 44.0664176940918 157.10879516601562 63.02467727661133
automobile 0.9712372 208.030517578125 108.06234741210938 227.02655029296875 127.12063598632812
dog 0.9664042 16.02143096923828 100.05046844482422 50.911521911621094 134.81292724609375
airplane 0.9282899 98.10797882080078 68.2823486328125 136.08279418945312 106.0699462890625
airplane 0.9188521 207.136474609375 159.19158935546875 226.024658203125 178.02084350585938
frog 0.900527 108.08074951171875 42.06542205810547 130.04623413085938 64.00493621826172
deer 0.8630296 70.08039093017578 30.090518951416016 86.02619171142578 46.08749771118164
deer 0.7292025 135.82321166992188 166.96629333496094 152.01416015625 183.0118865966797
bird 0.7182965 65.0391616821289 59.01249313354492 83.8746109008789 78.05636596679688
deer 0.6313224 112.1210708618164 175.06886291503906 131.01966857910156 194.03453063964844
ship 0.61482453 207.06405639648438 159.1990966796875 226.08831787109375 178.06085205078125
dog 0.6129852 135.82321166992188 166.96629333496094 152.01416015625 183.0118865966797
dog 0.5051593 34.05574035644531 12.13723087310791 56.05329895019531 33.956878662109375
dog 0.4847364 64.98524475097656 59.007789611816406 83.92799377441406 78.0141830444336
ship 0.48187813 98.09190368652344 68.24919891357422 135.8251953125 106.08939361572266
dog 0.44011182 112.12246704101562 175.0964813232422 131.0233612060547 194.00267028808594
cat 0.39580268 135.82321166992188 166.96629333496094 152.01416015625 183.0118865966797
ship 0.361228 135.82321166992188 166.96629333496094 152.01416015625 183.0118865966797
deer 0.33675173 108.16289520263672 41.964664459228516 129.9991455078125 63.96266555786133
truck 0.27299345 16.085433959960938 100.14665222167969 50.95825958251953 134.88841247558594
bird 0.22986877 137.9912872314453 44.10575866699219 157.1762237548828 63.03124237060547
truck 0.22283527 135.80023193359375 166.95156860351562 152.04440307617188 183.01828002929688
frog 0.22191325 112.04623413085938 175.1052703857422 130.7399444580078 194.1767120361328
