automobile 0.9979819 30.14024543762207 161.2139892578125 59.126182556152344 190.10665893554688
frog 0.9976473 65.06537628173828 76.119140625 87.00873565673828 98.04325866699219
automobile 0.99713004 36.981204986572266 26.032634735107422 69.06643676757812 57.79530715942383
airplane 0.996884 89.90994262695312 11.079718589782715 122.13670349121094 42.97126770019531
dog 0.99646705 10.152138710021973 65.9505615234375 42.01588439941406 98.16812133789062
airplane 0.99445677 184.8203125 53.89921951293945 219.91656494140625 88.98782348632812
cat 0.9934689 194.11801147460938 8.155378341674805 232.05645751953125 46.02429962158203
ship 0.99289864 100.97372436523438 115.7752914428711 139.11427307128906 154.04348754882812
dog 0.98857427 164.1560516357422 120.94561004638672 202.2661590576172 158.98129272460938
deer 0.98578566 128.00650024414062 199.88516235351562 162.93490600585938 234.98538208007812
deer 0.98062176 167.00094604492188 171.9893035888672 202.07614135742188 206.96986389160156
dog 0.9752261 75.23162841796875 204.94085693359375 110.10218811035156 240.00662231445312
frog 0.96285737 41.94599151611328 213.5789794921875 68.28443908691406 244.07229614257812
cat 0.96235067 50.17051315307617 100.8956298828125 75.96749877929688 126.77487182617188
bird 0.95006466 101.07646179199219 57.96528625488281 127.04995727539062 84.09269714355469
bird 0.92678034 76.08692169189453 168.13223266601562 110.85301971435547 203.009765625
airplane 0.9084667 136.0141143798828 167.00314331054688 151.91871643066406 183.02523803710938
frog 0.890316 175.0361328125 210.95269775390625 213.083984375 249.01052856445312
automobile 0.8444777 136.0141143798828 167.00314331054688 151.91871643066406 183.02523803710938
cat 0.7956859 153.98651123046875 1.0462961196899414 183.12890625 30.01250457763672
cat 0.6807155 50.02656555175781 131.32318115234375 76.17707061767578 156.12478637695312
bird 0.666765 175.0361328125 210.95269775390625 213.083984375 249.01052856445312
frog 0.6117782 50.12841033935547 131.051513671875 76.2121810913086 156.10272216796875
deer 0.37317812 153.98651123046875 1.0462961196899414 183.12890625 30.01250457763672
frog 0.37299955 153.98651123046875 1.0462961196899414 183.12890625 30.01250457763672
frog 0.25044048 75.98617553710938 168.11444091796875 110.8447265625 202.90960693359375
airplane 0.23687825 154.01974487304688 0.9623451232910156 183.18310546875 30.02678108215332
cat 0.20395449 101.12102508544922 57.865135192871094 127.07971954345703 84.08699798583984
