cat 0.999012 100.09858703613281 74.19293975830078 131.95314025878906 105.95520782470703
frog 0.9984714 32.916221618652344 73.10779571533203 65.08425903320312 104.8795394897461
cat 0.9940763 143.92953491210938 73.99403381347656 181.94058227539062 111.94929504394531
airplane 0.9929694 34.99445343017578 214.89886474609375 70.12125396728516 250.19610595703125
bird 0.99236333 60.06328582763672 8.033058166503906 79.06182098388672 27.118492126464844
frog 0.99192303 174.9811553955078 182.2338409423828 209.97740173339844 216.83168029785156
airplane 0.9917417 122.97481536865234 144.12997436523438 158.00559997558594 178.95010375976562
automobile 0.9905759 214.09341430664062 138.0975341796875 248.92556762695312 173.05526733398438
dog 0.99045575 80.92583465576172 36.97672653198242 109.89916229248047 65.98060607910156
cat 0.98425084 178.01510620117188 51.8786735534668 193.99923706054688 68.11122131347656
airplane 0.9743683 171.99810791015625 115.94822692871094 210.12350463867188 154.07530212402344
automobile 0.9599347 210.06478881835938 92.09410095214844 226.02926635742188 108.04359436035156
bird 0.95547676 19.16473388671875 122.0412826538086 40.98906326293945 143.99781799316406
dog 0.9384748 173.9480438232422 13.205411911010742 209.09632873535156 47.981117248535156
ship 0.77326596 208.13143920898438 69.08204650878906 223.95437622070312 85.09072875976562
deer 0.7610314 148.1063232421875 4.045337677001953 167.0301513671875 22.997398376464844
bird 0.7391883 78.07571411132812 134.08639526367188 100.08332824707031 155.98257446289062
frog 0.6260938 10.969188690185547 153.02195739746094 48.917022705078125 190.95729064941406
deer 0.5992379 10.991939544677734 152.97157287597656 49.057064056396484 191.0135955810547
ship 0.59444046 210.049560546875 92.07648468017578 226.06765747070312 107.97420501708984
bird 0.5096053 10.95686149597168 153.06053161621094 48.92353057861328 190.98667907714844
ship 0.5044807 178.06460571289062 51.90623092651367 193.95620727539062 68.1090087890625
cat 0.47605476 79.04914093017578 158.42730712890625 100.79131317138672 179.80197143554688
bird 0.37298286 208.13143920898438 69.08204650878906 223.95437622070312 85.09072875976562
truck 0.36168277 210.049560546875 92.07648468017578 226.06765747070312 107.97420501708984
frog 0.34256923 148.0814208984375 4.044347763061523 167.06692504882812 22.99390411376953
bird 0.3082325 148.0814208984375 4.044347763061523 167.06692504882812 22.99390411376953
bird 0.30341285 79.04914093017578 158.42730712890625 100.79131317138672 179.80197143554688
dog 0.29257476 79.04914093017578 158.42730712890625 100.79131317138672 179.80197143554688
cat 0.26869017 148.12435913085938 3.947998046875 167.06521606445312 23.098726272583008
airplane 0.24081233 148.0814208984375 4.044347763061523 167.06692504882812 22.99390411376953
deer 0.22663471 208.13143920898438 69.08204650878906 223.95437622070312 85.09072875976562
airplane 0.21406421 208.13143920898438 69.08204650878906 223.95437622070312 85.09072875976562
