dog 0.99794376 177.0458984375 197.15467834472656 208.89633178710938 228.99525451660156
automobile 0.99780107 168.10589599609375 157.27552795410156 197.04010009765625 185.9210662841797
automobile 0.997524 123.17989349365234 107.85804748535156 149.2193603515625 134.304443359375
automobile 0.9974425 15.12889289855957 44.78655242919922 47.02330017089844 75.20036315917969
ship 0.99659073 82.06533813476562 57.17376708984375 108.00218200683594 82.99018859863281
ship 0.9956002 80.1522445678711 142.277099609375 117.98760223388672 180.15362548828125
bird 0.9940129 81.1991195678711 182.98043823242188 115.97290802001953 217.92144775390625
airplane 0.9898344 118.96321105957031 157.04574584960938 157.0418243408203 195.0162353515625
automobile 0.98674417 6.0877180099487305 13.112548828125 35.02438735961914 41.98090744018555
cat 0.98393714 91.06194305419922 30.018089294433594 113.02184295654297 52.13501739501953
dog 0.95521 109.00982666015625 5.938775062561035 131.08872985839844 28.00509262084961
airplane 0.94635093 88.9066162109375 118.09065246582031 110.99801635742188 140.3919219970703
dog 0.9434297 41.03034973144531 108.10943603515625 59.95426940917969 127.03140258789062
bird 0.9384494 19.131805419921875 176.15640258789062 41.2142448425293 198.07217407226562
dog 0.89522827 147.16371154785156 24.038896560668945 165.9427032470703 42.955604553222656
dog 0.878577 208.08200073242188 83.86489868164062 234.05923461914062 109.98110961914062
truck 0.8765539 191.01077270507812 48.12682342529297 213.00137329101562 69.99127197265625
dog 0.8636359 36.11725616455078 213.12640380859375 55.007179260253906 232.0721435546875
automobile 0.85522294 155.1423797607422 114.09414672851562 177.0050811767578 136.09115600585938
deer 0.6563264 25.061004638671875 137.15301513671875 47.03282165527344 158.9365234375
frog 0.4841637 19.07135009765625 176.14553833007812 41.282379150390625 197.98757934570312
frog 0.4282013 155.16221618652344 114.07990264892578 176.9595489501953 136.1254119873047
ship 0.37515092 6.0877180099487305 13.112548828125 35.02438735961914 41.98090744018555
cat 0.33812612 147.0934600830078 24.0999755859375 165.9125213623047 42.957489013671875
cat 0.28671983 190.9711456298828 48.032997131347656 213.01084899902344 69.8655776977539
ship 0.24829191 88.88077545166016 117.99730682373047 110.98932647705078 139.84619140625
bird 0.22607318 147.0934600830078 24.0999755859375 165.9125213623047 42.957489013671875
