frog 0.99928486 143.11517333984375 13.04848575592041 172.19534301757812 42.04670715332031
dog 0.9982393 35.14180374145508 191.9556884765625 64.04895782470703 220.97488403320312
automobile 0.99657226 98.0536117553711 174.23858642578125 129.98680114746094 205.927490234375
ship 0.99627686 212.08676147460938 91.99712371826172 250.06265258789062 128.5845947265625
deer 0.99518436 145.97409057617188 136.93722534179688 175.04782104492188 166.134033203125
truck 0.99468756 36.893795013427734 83.17537689208984 69.00801086425781 115.16858673095703
frog 0.9943147 14.905704498291016 39.8604621887207 41.00616455078125 66.02536010742188
frog 0.9927927 50.78798294067383 131.99151611328125 89.02584838867188 169.8753662109375
deer 0.99070215 83.00692749023438 34.06800079345703 115.18011474609375 65.90504455566406
frog 0.9860424 24.042898178100586 8.197364807128906 53.033607482910156 37.07720184326172
bird 0.9832988 193.05015563964844 11.952590942382812 225.1343231201172 44.008182525634766
deer 0.98217857 179.00840759277344 115.08658599853516 197.89466857910156 133.95362854003906
dog 0.9816464 28.069278717041016 136.116455078125 46.95882034301758 155.0455322265625
dog 0.98130095 155.0750732421875 60.096397399902344 192.95428466796875 98.0552749633789
frog 0.9693546 188.18614196777344 140.34890747070312 220.91822814941406 173.41098022460938
bird 0.78635955 140.04991149902344 112.15608215332031 159.04002380371094 131.05661010742188
ship 0.7744149 103.01266479492188 134.9581756591797 132.1216278076172 163.91749572753906
frog 0.75716746 140.0986785888672 112.01736450195312 158.9545135498047 131.03468322753906
cat 0.755437 185.0220947265625 197.0961456298828 206.94680786132812 219.0275115966797
airplane 0.72812074 103.0296630859375 134.94166564941406 132.13015747070312 164.02784729003906
deer 0.3896139 184.97842407226562 197.10128784179688 207.21636962890625 219.09347534179688
frog 0.28148705 184.97842407226562 197.10128784179688 207.21636962890625 219.09347534179688
dog 0.2214871 184.97842407226562 197.10128784179688 207.21636962890625 219.09347534179688
