ship 0.9992789 85.9412841796875 79.05140686035156 111.98939514160156 104.88832092285156
frog 0.9986547 9.092793464660645 196.0561981201172 40.9386100769043 228.0130157470703
ship 0.9984106 134.0646209716797 63.928993225097656 169.03114318847656 98.84537506103516
deer 0.9960684 194.98983764648438 216.06118774414062 223.99191284179688 245.09542846679688
bird 0.995867 102.02995300292969 151.0419464111328 137.12310791015625 185.9813995361328
cat 0.99327946 18.993459701538086 128.09437561035156 51.01915740966797 160.04640197753906
ship 0.9927442 39.9433479309082 44.07530975341797 74.97178649902344 79.05157470703125
truck 0.9838188 210.93438720703125 39.06617736816406 237.019287109375 64.99027252197266
bird 0.9774014 178.94195556640625 44.10679626464844 198.05392456054688 63.113975524902344
frog 0.97549427 182.1193084716797 185.06288146972656 204.05567932128906 207.07444763183594
frog 0.959983 73.21322631835938 125.08654022216797 94.97576904296875 146.95230102539062
frog 0.9510977 215.0592041015625 165.02920532226562 236.97781372070312 187.05715942382812
bird 0.90108955 188.0098876953125 99.1113052368164 210.0517578125 121.01644134521484
truck 0.8908906 78.90655517578125 42.042720794677734 98.01678466796875 60.98538589477539
automobile 0.81713754 167.07501220703125 211.01901245117188 186.0980224609375 229.855712890625
ship 0.8106129 21.940689086914062 8.057600021362305 44.176963806152344 30.089265823364258
cat 0.674456 81.08711242675781 215.0853271484375 118.97789001464844 253.05856323242188
airplane 0.6086094 78.92784881591797 41.993263244628906 97.97370147705078 61.023521423339844
cat 0.5967471 211.32089233398438 112.07025909423828 232.91262817382812 134.06961059570312
bird 0.5952204 211.20651245117188 112.09773254394531 232.95071411132812 134.1083526611328
airplane 0.5761278 187.9875946044922 99.22188568115234 210.0151824951172 120.78343963623047
truck 0.5567607 167.09912109375 211.07875061035156 186.16082763671875 229.9868621826172
truck 0.5567304 21.940689086914062 8.057600021362305 44.176963806152344 30.089265823364258
ship 0.5052088 115.05913543701172 107.91870880126953 136.86692810058594 130.25918579101562
bird 0.4802748 80.91010284423828 215.10577392578125 118.78485870361328 253.48336791992188
dog 0.41250566 188.0098876953125 99.1113052368164 210.0517578125 121.01644134521484
automobile 0.4117597 115.04801940917969 108.04917907714844 136.97230529785156 129.98452758789062
airplane 0.3932254 81.1561508178711 214.88088989257812 118.82906341552734 253.22662353515625
truck 0.35324353 115.10892486572266 108.08124542236328 136.9958953857422 130.017333984375
airplane 0.34831905 115.00899505615234 107.99777221679688 137.01922607421875 130.07281494140625
deer 0.3316318 115.04801940917969 108.04917907714844 136.97230529785156 129.98452758789062
cat 0.30814224 78.92784881591797 41.993263244628906 97.97370147705078 61.023521423339844
airplane 0.30736595 21.976118087768555 8.094918251037598 44.100616455078125 30.00836944580078
airplane 0.27200213 167.07501220703125 211.01901245117188 186.0980224609375 229.855712890625
deer 0.24798328 211.132080078125 112.299560546875 232.71957397460938 133.98419189453125
ship 0.22286248 78.92784881591797 41.993263244628906 97.97370147705078 61.023521423339844
dog 0.20359448 73.21322631835938 125.08654022216797 94.97576904296875 146.95230102539062
