ship 0.99927425 59.02616500854492 115.09346771240234 81.04576110839844 137.015625
automobile 0.9983966 120.96997833251953 206.9791717529297 149.8567352294922 235.96946716308594
frog 0.99819887 153.8764190673828 163.05784606933594 183.00001525878906 192.2075653076172
bird 0.99761164 152.09371948242188 16.091629028320312 189.88116455078125 53.917327880859375
automobile 0.9975105 213.97506713867188 3.984912872314453 252.00717163085938 41.981658935546875
frog 0.99726474 10.956077575683594 141.1717071533203 33.14155578613281 163.0437774658203
frog 0.99713343 140.0860595703125 74.1823501586914 172.01657104492188 106.09783172607422
automobile 0.9957088 198.95797729492188 172.0014190673828 231.00460815429688 204.12718200683594
ship 0.99548185 104.03853607177734 108.99685668945312 126.10651397705078 130.972412109375
airplane 0.9952962 72.06256866455078 41.29710006713867 110.07451629638672 79.20021057128906
deer 0.9950849 109.95648193359375 12.99803638458252 126.11744689941406 28.994735717773438
frog 0.9950001 71.10000610351562 159.1274871826172 97.019775390625 185.2241973876953
ship 0.9914321 9.078548431396484 67.22721862792969 44.06705093383789 102.09617614746094
airplane 0.97901404 107.05848693847656 165.1160125732422 123.00602722167969 179.96376037597656
automobile 0.97571075 183.04600524902344 83.95858764648438 217.76966857910156 119.76631164550781
truck 0.9241513 19.248254776000977 175.0425567626953 47.91779327392578 203.8617401123047
frog 0.88920677 131.00047302246094 109.89649963378906 160.0641632080078 139.0911407470703
deer 0.7453524 38.09849166870117 41.036075592041016 56.99113082885742 59.9620475769043
airplane 0.6696036 81.09905242919922 209.89089965820312 112.86199188232422 241.98373413085938
deer 0.35742748 131.1815185546875 109.88713836669922 160.06979370117188 139.0352020263672
bird 0.35599977 38.05317687988281 41.02135467529297 56.908363342285156 60.06687927246094
deer 0.24583614 107.05848693847656 165.1160125732422 123.00602722167969 179.96376037597656
