truck 0.99872637 34.92218780517578 91.95751190185547 72.93783569335938 129.93592834472656
airplane 0.9976287 58.143287658691406 20.997404098510742 90.12592315673828 52.947967529296875
bird 0.99675953 71.95445251464844 166.04937744140625 94.03395080566406 188.09774780273438
ship 0.9956815 119.06857299804688 193.04444885253906 154.14971923828125 227.8809356689453
automobile 0.99563503 196.0953826904297 10.993769645690918 215.02549743652344 30.0718994140625
automobile 0.99534357 83.91313171386719 59.97297668457031 118.78950500488281 94.77790832519531
airplane 0.9949688 19.013111114501953 35.00728988647461 47.89934158325195 63.94289779663086
truck 0.9944384 82.86880493164062 200.0173797607422 105.01889038085938 222.2223358154297
ship 0.9932759 165.18670654296875 95.0379638671875 191.16497802734375 121.15733337402344
cat 0.99244595 5.342319488525391 201.34014892578125 42.97768783569336 238.88516235351562
bird 0.982676 182.92010498046875 47.907047271728516 220.99435424804688 85.81730651855469
frog 0.9803325 5.116391181945801 164.03659057617188 23.967639923095703 183.0423583984375
cat 0.9482924 128.02294921875 107.03736114501953 154.058349609375 132.9734344482422
deer 0.9212024 27.136077880859375 172.06344604492188 53.167877197265625 198.02789306640625
truck 0.8994895 6.09780216217041 110.06632995605469 27.934478759765625 131.87013244628906
automobile 0.6845093 6.047856330871582 110.02177429199219 27.919734954833984 131.93678283691406
bird 0.6486671 196.9395751953125 164.0416259765625 234.90048217773438 201.91851806640625
cat 0.5232011 90.04390716552734 129.0828857421875 116.02928924560547 155.08978271484375
cat 0.24271804 197.13235473632812 164.11892700195312 235.0377197265625 201.96847534179688
bird 0.23635098 27.236244201660156 171.9745330810547 53.147491455078125 198.0254669189453
bird 0.23532364 5.116391181945801 164.03659057617188 23.967639923095703 183.0423583984375
