automobile 0.99908257 177.95057678222656 73.2343521118164 207.0067596435547 101.8472671508789
automobile 0.99899733 56.05818176269531 211.0810089111328 84.95394897460938 239.9259796142578
automobile 0.9974232 185.07164001464844 34.10401153564453 203.96678161621094 52.90789031982422
frog 0.9964504 46.226890563964844 47.029518127441406 72.0579833984375 73.04179382324219
airplane 0.9960226 63.25603485107422 6.101879119873047 97.88542938232422 40.953758239746094
airplane 0.9951217 97.01113891601562 112.12632751464844 119.07722473144531 134.03648376464844
bird 0.99496865 9.127845764160156 47.977561950683594 40.89208221435547 80.1041030883789
airplane 0.99420875 19.969581604003906 127.04444122314453 54.929283142089844 162.12838745117188
frog 0.9924294 186.10401916503906 124.97055053710938 205.03932189941406 144.00155639648438
cat 0.98535293 210.1287078857422 117.98760223388672 228.9877166748047 136.85110473632812
automobile 0.98377323 74.04147338867188 119.1067886352539 94.82884216308594 140.91090393066406
deer 0.97624075 188.2332763671875 185.0757598876953 226.12933349609375 223.0200958251953
ship 0.96098167 131.0293731689453 130.10269165039062 149.9132537841797 148.963134765625
dog 0.9321586 208.2507781982422 62.07073974609375 245.9739532470703 100.06402587890625
frog 0.8256267 46.18915939331055 92.10392761230469 68.09687042236328 113.95149230957031
bird 0.82453996 158.06642150878906 13.128046989440918 177.01905822753906 31.952777862548828
frog 0.75691986 6.025827407836914 175.94021606445312 44.096038818359375 213.96578979492188
ship 0.69372445 130.0153350830078 1.9313068389892578 149.01307678222656 20.986539840698242
automobile 0.62590516 46.19725036621094 92.06674194335938 68.1199722290039 113.70823669433594
deer 0.56353134 8.97949504852295 47.94430160522461 40.92784881591797 80.18882751464844
cat 0.5372871 130.02667236328125 1.9539194107055664 148.89590454101562 20.970611572265625
bird 0.53533673 46.169097900390625 91.96023559570312 68.1475830078125 113.76380920410156
deer 0.5155686 158.06642150878906 13.128046989440918 177.01905822753906 31.952777862548828
bird 0.50040364 128.29623413085938 92.9884033203125 149.93832397460938 115.19570922851562
bird 0.4551241 208.14451599121094 61.990726470947266 245.99366760253906 99.89498901367188
automobile 0.4100747 131.01979064941406 130.08998107910156 150.0435028076172 148.9919891357422
deer 0.38867977 128.29623413085938 92.9884033203125 149.93832397460938 115.19570922851562
airplane 0.3259114 158.06642150878906 13.128046989440918 177.01905822753906 31.952777862548828
dog 0.29145184 6.130435943603516 175.9197540283203 43.95874786376953 213.9257049560547
truck 0.26716292 73.83171844482422 119.45061492919922 94.88915252685547 140.73387145996094
bird 0.25021583 6.130435943603516 175.9197540283203 43.95874786376953 213.9257049560547
ship 0.22924379 188.08001708984375 184.92039489746094 225.92025756835938 222.8537139892578
automobile 0.22252002 128.29623413085938 92.9884033203125 149.93832397460938 115.19570922851562
truck 0.20523018 188.08001708984375 184.92039489746094 225.92025756835938 222.8537139892578
