automobile 0.9984396 190.96051025390625 138.0290069580078 223.1407470703125 170.1327362060547
bird 0.99805313 208.03793334960938 189.9622039794922 236.905517578125 219.0607452392578
truck 0.9978856 39.115230560302734 110.01578521728516 70.90979766845703 142.08740234375
ship 0.9971004 155.9561004638672 182.962158203125 187.99989318847656 215.00006103515625
automobile 0.9970062 63.76396179199219 15.88401985168457 101.9920654296875 54.05970001220703
ship 0.9961827 157.1822052001953 140.91006469726562 188.78770446777344 173.08474731445312
ship 0.9961547 5.036283493041992 63.11993408203125 43.07597351074219 100.97314453125
truck 0.99549127 87.05026245117188 55.11551284790039 116.02468872070312 83.98164367675781
cat 0.9931814 167.0992889404297 47.115169525146484 203.55494689941406 84.99398803710938
bird 0.99282664 29.017112731933594 18.94780731201172 47.91279602050781 38.0809440612793
ship 0.989153 128.03976440429688 29.06435775756836 163.11117553710938 64.06535339355469
ship 0.9888678 0.049591064453125 5.997485160827637 22.043115615844727 28.070598602294922
bird 0.98861146 27.090938568115234 190.12716674804688 58.9504508972168 222.05776977539062
automobile 0.98715043 60.79391860961914 191.12747192382812 79.86561584472656 210.00015258789062
airplane 0.943544 214.71832275390625 75.9272689819336 246.91961669921875 108.14087677001953
bird 0.94077873 89.01201629638672 95.11964416503906 110.97925567626953 117.02847290039062
bird 0.92831534 100.02993774414062 187.1276092529297 132.1037139892578 218.9677276611328
cat 0.90138793 125.0970230102539 138.08526611328125 146.94454956054688 159.99517822265625
airplane 0.8716409 100.14443969726562 187.0239715576172 132.09579467773438 218.9352264404297
bird 0.53513956 214.82379150390625 75.83336639404297 246.8092041015625 108.13871002197266
cat 0.44287333 205.44564819335938 17.095579147338867 231.02655029296875 43.06376647949219
deer 0.2780605 89.01201629638672 95.11964416503906 110.97925567626953 117.02847290039062
ship 0.21587026 214.71832275390625 75.9272689819336 246.91961669921875 108.14087677001953
