automobile 0.99864113 107.07617950439453 171.9861297607422 135.95526123046875 201.03892517089844
ship 0.99763024 184.12879943847656 69.11734771728516 212.9766082763672 97.8820571899414
frog 0.9975332 122.97622680664062 120.03414916992188 144.9993896484375 142.15374755859375
ship 0.99709916 182.0439910888672 129.99444580078125 201.00111389160156 149.03128051757812
automobile 0.9962317 0.10951614379882812 2.12795352935791 32.01950454711914 34.0327033996582
airplane 0.9924952 3.056576728820801 150.13916015625 28.933406829833984 175.89999389648438
dog 0.9919301 84.00887298583984 84.063232421875 102.83795928955078 103.00091552734375
automobile 0.9917283 0.8022012710571289 190.03636169433594 20.058998107910156 208.9179229736328
airplane 0.99065125 205.010986328125 26.13843536376953 224.00289916992188 45.04150390625
bird 0.98510504 107.06165313720703 33.13703155517578 145.062744140625 71.04411315917969
deer 0.9801984 215.01153564453125 100.98451232910156 240.99871826171875 127.127197265625
cat 0.9021725 186.18209838867188 171.90365600585938 223.80172729492188 210.0906982421875
dog 0.90058124 44.994667053222656 134.00921630859375 83.02973175048828 172.0316162109375
airplane 0.8737116 55.01641082763672 202.16162109375 93.02782440185547 240.01162719726562
airplane 0.8147082 7.132955551147461 61.99013900756836 25.962709426879883 80.94771575927734
airplane 0.6727123 144.97833251953125 212.05532836914062 171.01470947265625 238.08731079101562
cat 0.6477637 31.968692779541016 98.90411376953125 54.10361862182617 120.91937255859375
ship 0.60801506 186.02732849121094 171.8167724609375 223.9295196533203 209.8082275390625
ship 0.54313415 144.97833251953125 212.05532836914062 171.01470947265625 238.08731079101562
frog 0.5419845 32.08350372314453 98.98410034179688 53.98725128173828 120.98902893066406
ship 0.5185034 7.132955551147461 61.99013900756836 25.962709426879883 80.94771575927734
ship 0.42279506 55.02507019042969 202.02398681640625 93.08767700195312 240.08700561523438
ship 0.39139107 45.20876693725586 133.55941772460938 83.00323486328125 172.16949462890625
automobile 0.36125714 7.129722595214844 62.05495071411133 25.997344970703125 80.90906524658203
dog 0.34002244 126.96752166748047 78.10973358154297 161.988525390625 113.06786346435547
truck 0.30024302 144.9281463623047 212.0908966064453 170.98887634277344 238.0852813720703
dog 0.29162776 171.9928741455078 27.961097717285156 197.98875427246094 54.141807556152344
cat 0.2708341 45.20876693725586 133.55941772460938 83.00323486328125 172.16949462890625
truck 0.23195869 186.02732849121094 171.8167724609375 223.9295196533203 209.8082275390625
dog 0.23028922 31.968692779541016 98.90411376953125 54.10361862182617 120.91937255859375
dog 0.20494798 186.02732849121094 171.8167724609375 223.9295196533203 209.8082275390625
