ship 0.9987688 159.87840270996094 23.0476131439209 195.12376403808594 57.993797302246094
ship 0.997447 35.22090148925781 199.96957397460938 63.84978485107422 228.95590209960938
automobile 0.9961165 155.07040405273438 177.8232421875 187.22705078125 209.89312744140625
cat 0.9961103 203.09292602539062 69.06385803222656 237.95416259765625 103.99592590332031
bird 0.996009 61.094146728515625 88.20611572265625 83.01200866699219 110.008544921875
ship 0.99552613 194.9959716796875 0.9297008514404297 214.06918334960938 19.97072410583496
frog 0.99367046 39.05541229248047 17.906906127929688 58.07902526855469 37.11908721923828
dog 0.9936336 115.79319763183594 12.992454528808594 151.16600036621094 48.05894088745117
ship 0.9926882 70.13316345214844 194.123779296875 89.01872253417969 213.07962036132812
automobile 0.99045444 95.04208374023438 68.91084289550781 133.04684448242188 106.99513244628906
frog 0.98877525 60.96489715576172 53.12068557739258 83.06957244873047 75.14729309082031
ship 0.9782449 85.90275573730469 30.05577850341797 112.10691833496094 56.14849090576172
dog 0.9541707 145.99549865722656 66.11650848388672 178.0033416748047 98.00830841064453
ship 0.948274 12.051836967468262 111.06857299804688 41.06446838378906 140.15325927734375
cat 0.8768954 31.084026336669922 65.26466369628906 59.67592239379883 94.18746948242188
airplane 0.80334985 17.123783111572266 208.14712524414062 33.04877853393555 223.92568969726562
truck 0.70977986 84.96376037597656 150.0677947998047 120.02059936523438 184.85337829589844
airplane 0.63021183 167.04588317871094 113.07261657714844 185.9087371826172 132.03720092773438
dog 0.62948793 31.084026336669922 65.26466369628906 59.67592239379883 94.18746948242188
automobile 0.6076534 85.16172790527344 150.0432891845703 119.98985290527344 184.9451446533203
ship 0.5894617 167.04588317871094 113.07261657714844 185.9087371826172 132.03720092773438
airplane 0.5529452 12.051836967468262 111.06857299804688 41.06446838378906 140.15325927734375
automobile 0.51820415 167.04588317871094 113.07261657714844 185.9087371826172 132.03720092773438
truck 0.34412378 17.091489791870117 208.1046905517578 32.983463287353516 224.00282287597656
truck 0.34147298 85.90275573730469 30.05577850341797 112.10691833496094 56.14849090576172
