ship 0.9985456 125.01278686523438 60.888450622558594 157.06671142578125 92.98082733154297
truck 0.99661005 177.0113525390625 97.14936828613281 212.07598876953125 132.1761016845703
automobile 0.9963834 158.06158447265625 188.14102172851562 192.97280883789062 223.18167114257812
truck 0.99627995 123.94075012207031 214.0206298828125 149.95997619628906 240.068359375
frog 0.9962423 4.046952247619629 96.21027374267578 33.05619430541992 124.9659194946289
airplane 0.99579704 37.0184440612793 113.98478698730469 59.0503044128418 135.55972290039062
truck 0.99547637 105.06013488769531 148.05995178222656 140.0504913330078 183.01597595214844
ship 0.9951571 61.078372955322266 19.133777618408203 89.92534637451172 48.10244369506836
truck 0.9934701 47.239356994628906 160.00926208496094 65.75860595703125 179.16859436035156
dog 0.9912944 184.87750244140625 45.215370178222656 217.03387451171875 77.05512237548828
airplane 0.97950244 142.044677734375 14.007888793945312 180.02951049804688 51.97984313964844
automobile 0.95449287 62.05788803100586 128.0515899658203 87.84872436523438 154.0088348388672
ship 0.94772196 47.835601806640625 52.035255432128906 73.98172760009766 78.01465606689453
deer 0.9328657 90.99292755126953 203.9530029296875 107.0293197631836 220.01214599609375
cat 0.9166858 181.95985412597656 133.25721740722656 204.0083770751953 155.01856994628906
cat 0.9048117 43.05717468261719 136.86962890625 58.95216369628906 153.2322998046875
deer 0.6403656 215.01766967773438 1.2437171936035156 252.99917602539062 39.147377014160156
truck 0.6039601 90.99292755126953 203.9530029296875 107.0293197631836 220.01214599609375
bird 0.52986056 47.835601806640625 52.035255432128906 73.98172760009766 78.01465606689453
frog 0.4824876 215.01766967773438 1.2437171936035156 252.99917602539062 39.147377014160156
truck 0.39122412 120.04673767089844 94.86515045166016 149.07640075683594 123.89017486572266
dog 0.3769735 143.21385192871094 161.03445434570312 162.06849670410156 180.04507446289062
airplane 0.31312126 90.99292755126953 203.9530029296875 107.0293197631836 220.01214599609375
ship 0.27524894 43.05717468261719 136.86962890625 58.95216369628906 153.2322998046875
cat 0.23372689 214.97703552246094 1.2592887878417969 253.1861114501953 39.001956939697266
dog 0.22475901 181.71847534179688 133.32289123535156 203.982421875 154.8706512451172
ship 0.21142885 62.1514778137207 128.02903747558594 87.96041107177734 154.0276641845703
bird 0.20179644 143.21385192871094 161.03445434570312 162.06849670410156 180.04507446289062
