truck 0.9993242 16.06930923461914 26.039321899414062 44.989288330078125 54.63410186767578
truck 0.9990361 9.035051345825195 138.05587768554688 47.05719757080078 175.84780883789062
automobile 0.9989799 51.005943298339844 127.08113098144531 72.9097671508789 148.9776153564453
frog 0.99826896 126.93832397460938 4.145886421203613 153.1138916015625 30.149005889892578
airplane 0.99813914 153.02230834960938 192.90863037109375 182.06710815429688 222.07061767578125
deer 0.99807686 192.33816528320312 175.9791259765625 217.94732666015625 201.89581298828125
ship 0.99789333 45.79816818237305 75.0281982421875 80.79190063476562 110.23825073242188
truck 0.99774444 60.03120422363281 12.012213706970215 79.08320617675781 31.01506805419922
automobile 0.99754834 74.0552749633789 154.10250854492188 95.95886993408203 176.01422119140625
dog 0.9965899 109.98406982421875 186.00784301757812 128.980224609375 205.03073120117188
dog 0.992949 207.07066345214844 213.0523681640625 245.0382537841797 251.05911254882812
ship 0.9907216 161.88853454589844 5.8659210205078125 200.06349182128906 43.99253463745117
airplane 0.98923266 150.0906219482422 166.01644897460938 169.0902557373047 185.06033325195312
frog 0.9868357 155.01527404785156 105.07806396484375 174.0464324951172 124.00469970703125
deer 0.985194 90.00731658935547 35.0703125 122.20418548583984 66.9046630859375
deer 0.9732956 7.037137985229492 55.53520584106445 44.584320068359375 94.0531005859375
airplane 0.9731251 169.97801208496094 59.9511833190918 207.9875030517578 98.14834594726562
automobile 0.77994657 66.93142700195312 193.17938232421875 105.13108825683594 230.95169067382812
cat 0.6710801 90.08650207519531 93.98681640625 116.10067749023438 120.1595458984375
frog 0.5329788 90.04827880859375 94.00154876708984 116.17599487304688 120.1253433227539
deer 0.37598333 102.06238555908203 145.12997436523438 120.92391204833984 163.98117065429688
truck 0.3673811 66.93142700195312 193.17938232421875 105.13108825683594 230.95169067382812
bird 0.28196898 169.93592834472656 59.71223449707031 207.55796813964844 97.8983154296875
ship 0.2753058 66.93142700195312 193.17938232421875 105.13108825683594 230.95169067382812
deer 0.2049956 66.96835327148438 192.86500549316406 104.98849487304688 231.02793884277344
