automobile 0.99695235 14.079085350036621 102.08670806884766 36.031490325927734 123.93785858154297
frog 0.9964068 111.11872863769531 25.936599731445312 133.01296997070312 47.853546142578125
deer 0.99587595 131.05987548828125 205.0683135986328 162.917236328125 236.9911346435547
dog 0.99473447 151.0830841064453 82.01358032226562 189.09471130371094 120.06285095214844
deer 0.99360913 213.9647979736328 142.05776977539062 249.09010314941406 177.10357666015625
cat 0.9928708 206.035888671875 188.9556121826172 234.98171997070312 218.01332092285156
frog 0.991011 93.35143280029297 66.1577377319336 114.82555389404297 86.91658782958984
dog 0.987523 211.14735412597656 9.040306091308594 245.9205780029297 43.92251968383789
truck 0.9753609 0.10081005096435547 73.0273666381836 19.05789566040039 92.07013702392578
dog 0.96031284 75.01277160644531 117.107421875 97.11421203613281 139.02005004882812
truck 0.9525465 179.98587036132812 47.953758239746094 206.0848388671875 73.7186279296875
deer 0.9108528 60.01799392700195 41.242027282714844 91.98875427246094 73.1187515258789
ship 0.8699738 32.94289016723633 8.059791564941406 54.966854095458984 30.273216247558594
frog 0.84527373 60.087791442871094 41.29553985595703 92.02031707763672 73.11349487304688
dog 0.79518926 168.97512817382812 202.05026245117188 188.0291748046875 221.0357666015625
airplane 0.75808734 71.93795013427734 3.2228097915649414 91.02840423583984 21.981887817382812
bird 0.70347315 168.95941162109375 202.2115478515625 188.02874755859375 221.03732299804688
dog 0.62064654 165.80067443847656 158.09718322753906 203.96315002441406 196.6200408935547
airplane 0.6063811 84.8561782836914 149.93817138671875 101.15447235107422 166.06924438476562
ship 0.6033944 53.95802307128906 214.0641632080078 82.98152160644531 242.8866729736328
bird 0.5725049 14.998845100402832 129.9243927001953 37.010982513427734 151.80589294433594
ship 0.42365736 84.8561782836914 149.93817138671875 101.15447235107422 166.06924438476562
dog 0.4157806 84.8561782836914 149.93817138671875 101.15447235107422 166.06924438476562
airplane 0.4117426 32.75922393798828 8.135462760925293 55.10169219970703 30.05807113647461
automobile 0.40181813 72.02527618408203 3.2835750579833984 90.9866714477539 22.083223342895508
airplane 0.39662492 53.95802307128906 214.0641632080078 82.98152160644531 242.8866729736328
truck 0.38041556 53.95802307128906 214.0641632080078 82.98152160644531 242.8866729736328
cat 0.34222597 168.91912841796875 202.08030700683594 187.9869384765625 220.97288513183594
bird 0.3173972 54.02075958251953 214.0103759765625 83.02527618408203 242.97579956054688
frog 0.28176013 14.998845100402832 129.9243927001953 37.010982513427734 151.80589294433594
cat 0.26709706 59.887115478515625 41.3344612121582 92.00070190429688 73.11449432373047
deer 0.2554312 72.02527618408203 3.2835750579833984 90.9866714477539 22.083223342895508
ship 0.2483986 71.93795013427734 3.2228097915649414 91.02840423583984 21.981887817382812
airplane 0.23365462 15.019291877746582 129.8233184814453 37.09305191040039 151.83018493652344
truck 0.21294704 60.087791442871094 41.29553985595703 92.02031707763672 73.11349487304688
truck 0.20968148 32.75922393798828 8.135462760925293 55.10169219970703 30.05807113647461
deer 0.20829633 15.168513298034668 129.95684814453125 37.00088119506836 152.05508422851562
bird 0.20755309 84.8546142578125 150.04464721679688 101.07833862304688 166.03564453125
cat 0.2063643 84.8561782836914 149.93817138671875 101.15447235107422 166.06924438476562
ship 0.20316362 168.91912841796875 202.08030700683594 187.9869384765625 220.97288513183594
