ship 0.9988197 190.0633544921875 133.0588836669922 211.98904418945312 154.9657440185547
truck 0.99846643 204.06973266601562 99.15058898925781 236.1201171875 130.73849487304688
bird 0.9973706 65.98375701904297 85.85551452636719 94.86824798583984 114.9002685546875
deer 0.9966717 150.1605682373047 29.99837875366211 185.0117645263672 65.01144409179688
automobile 0.9962461 16.01259994506836 182.12881469726562 53.987247467041016 219.8995361328125
deer 0.99622416 70.04959869384766 19.164588928222656 105.0379867553711 53.93353271484375
bird 0.9961333 142.14471435546875 183.261474609375 174.19378662109375 214.88143920898438
airplane 0.9944265 118.15766906738281 69.06267547607422 153.00462341308594 103.94303131103516
automobile 0.99236774 0.9301137924194336 1.0147895812988281 19.970748901367188 20.04263687133789
truck 0.9776577 100.23278045654297 162.2090301513672 134.71859741210938 196.9332733154297
ship 0.92932665 22.046138763427734 129.12057495117188 41.041744232177734 148.00531005859375
cat 0.8955698 109.94578552246094 105.8414077758789 126.11770629882812 122.0554428100586
automobile 0.8792356 20.040485382080078 24.02532196044922 38.93735885620117 43.04449462890625
cat 0.8381349 159.0692596435547 121.95474243164062 174.97117614746094 137.99142456054688
ship 0.79813045 127.13272094726562 139.06370544433594 145.89871215820312 157.9540557861328
ship 0.7818973 111.95874786376953 28.07096290588379 127.88057708740234 43.94031524658203
airplane 0.68448734 111.97039031982422 28.03824806213379 127.8924331665039 44.040061950683594
truck 0.6645439 20.040485382080078 24.02532196044922 38.93735885620117 43.04449462890625
dog 0.5965462 132.08609008789062 216.1111602783203 160.8992919921875 245.0852508544922
truck 0.54004395 22.140966415405273 129.07440185546875 41.00536346435547 148.01373291015625
deer 0.51882344 127.07730102539062 139.0777130126953 145.89495849609375 157.84117126464844
bird 0.33506325 132.08609008789062 216.1111602783203 160.8992919921875 245.0852508544922
deer 0.31895217 109.93696594238281 106.08418273925781 126.04759216308594 121.90866088867188
frog 0.3149302 131.9647979736328 216.07015991210938 160.8129119873047 245.13302612304688
deer 0.280093 100.34857940673828 161.94839477539062 134.70164489746094 197.09783935546875
deer 0.2726409 132.08609008789062 216.1111602783203 160.8992919921875 245.0852508544922
dog 0.2697909 196.44232177734375 188.3058319091797 234.40167236328125 225.6757049560547
cat 0.23664749 127.07730102539062 139.0777130126953 145.89495849609375 157.84117126464844
bird 0.20193529 109.93696594238281 106.08418273925781 126.04759216308594 121.90866088867188
