frog 0.99917257 92.08985137939453 134.210693359375 120.95978546142578 162.99697875976562
airplane 0.9986905 87.07347869873047 3.844179153442383 118.92276763916016 36.09980773925781
frog 0.9985074 151.00784301757812 97.27421569824219 182.99700927734375 128.55946350097656
automobile 0.9982229 160.9796142578125 39.09465789794922 183.0369873046875 60.95597839355469
ship 0.9981791 74.9718017578125 49.976287841796875 107.0216064453125 82.09710693359375
truck 0.9981718 189.88763427734375 175.1442108154297 218.7071533203125 204.4249725341797
cat 0.9972081 192.07814025878906 131.1444091796875 223.7489471435547 163.11672973632812
airplane 0.9956417 179.0482940673828 211.17105102539062 211.1061553955078 243.04623413085938
bird 0.99518406 116.07075500488281 84.0298080444336 148.2842559814453 115.9965591430664
cat 0.9604045 127.0738754272461 37.04118347167969 143.22970581054688 53.1920166015625
frog 0.95460844 11.309794425964355 159.08917236328125 39.83284378051758 187.9593505859375
dog 0.94568086 11.100730895996094 51.1197509765625 48.782989501953125 88.99131774902344
airplane 0.8761704 68.00794982910156 207.00759887695312 84.0474853515625 223.102783203125
ship 0.83716077 152.10797119140625 166.01405334472656 184.2818603515625 197.97019958496094
bird 0.8293406 98.0339584350586 97.96698760986328 113.9922866821289 114.2744369506836
deer 0.8181681 27.93578338623047 196.0240936279297 49.909461975097656 218.0265655517578
airplane 0.7287364 102.94306945800781 198.9698486328125 122.13685607910156 218.02886962890625
airplane 0.7078995 98.07086944580078 98.02096557617188 114.04378509521484 114.17726135253906
truck 0.5941023 149.411865234375 67.24407958984375 178.17153930664062 95.65670776367188
frog 0.46785432 149.411865234375 67.24407958984375 178.17153930664062 95.65670776367188
ship 0.4587227 68.0326919555664 207.04705810546875 83.9929428100586 222.98284912109375
truck 0.44463766 68.0326919555664 207.04705810546875 83.9929428100586 222.98284912109375
airplane 0.41051176 152.01962280273438 166.115478515625 184.21847534179688 197.96109008789062
dog 0.3989492 32.32049560546875 11.946797370910645 54.10761260986328 34.115657806396484
dog 0.33000582 98.0339584350586 97.96698760986328 113.9922866821289 114.2744369506836
airplane 0.32944483 141.0595245361328 130.15478515625 167.02830505371094 156.11465454101562
cat 0.32471555 32.32049560546875 11.946797370910645 54.10761260986328 34.115657806396484
deer 0.32202655 149.411865234375 67.24407958984375 178.17153930664062 95.65670776367188
dog 0.31937802 127.0738754272461 37.04118347167969 143.22970581054688 53.1920166015625
dog 0.2993975 11.305100440979004 158.92059326171875 39.82414245605469 187.90762329101562
airplane 0.2777082 149.411865234375 67.24407958984375 178.17153930664062 95.65670776367188
cat 0.27355528 98.0339584350586 97.96698760986328 113.9922866821289 114.2744369506836
truck 0.2556787 32.32049560546875 11.946797370910645 54.10761260986328 34.115657806396484
bird 0.23673883 102.97178649902344 199.13558959960938 122.10154724121094 218.0316162109375
deer 0.22271809 152.10797119140625 166.01405334472656 184.2818603515625 197.97019958496094
truck 0.21267068 11.237471580505371 159.00765991210938 39.88961410522461 187.94174194335938
dog 0.21065223 102.94306945800781 198.9698486328125 122.13685607910156 218.02886962890625
deer 0.2051593 11.056543350219727 51.114967346191406 48.76869201660156 88.88092803955078
