truck 0.9984113 118.10594177246094 206.05999755859375 150.0731658935547 238.01522827148438
dog 0.99726284 112.03101348876953 60.86274719238281 138.04188537597656 87.17658996582031
ship 0.9970883 151.2080078125 91.22691345214844 188.99777221679688 129.0970916748047
truck 0.9969368 191.18142700195312 185.14939880371094 219.86129760742188 213.91575622558594
frog 0.99652326 177.09197998046875 1.9712848663330078 214.97335815429688 40.12950134277344
deer 0.9964465 101.08582305908203 104.06328582763672 127.18634796142578 130.0930938720703
ship 0.99603105 28.025178909301758 62.228126525878906 66.14295959472656 100.13748931884766
dog 0.9953728 48.17718505859375 13.011966705322266 77.0344009399414 42.0082893371582
bird 0.99106514 215.03822326660156 77.08639526367188 253.05531311035156 115.08937072753906
frog 0.98863983 122.06171417236328 132.99232482910156 143.75668334960938 155.11863708496094
airplane 0.9881731 1.8029556274414062 178.0532989501953 40.05896759033203 215.90916442871094
dog 0.9719373 11.243036270141602 21.220073699951172 40.00652313232422 49.764774322509766
frog 0.96483004 14.081733703613281 133.75282287597656 40.11966323852539 160.07310485839844
frog 0.95891666 68.9476318359375 169.18157958984375 100.99400329589844 201.18057250976562
cat 0.93715966 179.1239471435547 161.92840576171875 200.97999572753906 183.7813720703125
cat 0.8919183 160.90428161621094 64.25625610351562 187.1728057861328 90.06327819824219
deer 0.86195433 125.01458740234375 30.029525756835938 143.93850708007812 48.991600036621094
bird 0.79479456 78.53963470458984 204.9320831298828 105.2802505493164 230.9645233154297
cat 0.43112373 68.98605346679688 169.20135498046875 101.00807189941406 201.2200927734375
cat 0.42355198 49.475006103515625 115.4168701171875 87.20452880859375 153.40780639648438
airplane 0.30931678 124.99563598632812 29.98355484008789 143.95651245117188 48.96989059448242
dog 0.29252958 78.53963470458984 204.9320831298828 105.2802505493164 230.9645233154297
truck 0.2809193 124.96517181396484 30.029462814331055 143.96670532226562 49.01844024658203
cat 0.23284629 78.53963470458984 204.9320831298828 105.2802505493164 230.9645233154297
dog 0.2042771 68.98605346679688 169.20135498046875 101.00807189941406 201.2200927734375
