automobile 0.99883705 149.14085388183594 138.03811645507812 180.9149932861328 169.932373046875
frog 0.99821657 41.0915641784668 54.86750030517578 73.02694702148438 87.14122772216797
truck 0.9982109 210.13507080078125 4.790582656860352 239.02340698242188 33.96533966064453
ship 0.9977625 80.97357177734375 99.19338989257812 103.04023742675781 120.93849182128906
automobile 0.9976393 160.10279846191406 72.99862670898438 189.01991271972656 101.99996948242188
ship 0.9971684 31.06265640258789 172.02011108398438 63.02163314819336 203.98202514648438
automobile 0.9971148 113.94315338134766 23.05950164794922 151.8689727783203 60.91893768310547
automobile 0.99550444 107.94557189941406 70.86509704589844 139.99591064453125 103.02537536621094
airplane 0.99532795 215.12205505371094 201.0771484375 253.1420135498047 239.0826416015625
automobile 0.9920582 194.9931182861328 88.15554809570312 211.08876037597656 103.88829040527344
frog 0.9696697 192.02468872070312 159.94842529296875 218.0245361328125 185.77633666992188
deer 0.9619136 70.95799255371094 124.83860778808594 108.89981079101562 162.8740997314453
cat 0.946267 111.13961791992188 172.1373748779297 133.13792419433594 193.9580841064453
truck 0.9194194 166.9580078125 193.04605102539062 189.01864624023438 215.08053588867188
bird 0.89989257 147.09268188476562 107.07923126220703 162.982666015625 123.09212493896484
automobile 0.89041305 6.140739917755127 170.715087890625 22.028614044189453 186.08859252929688
automobile 0.869344 185.93014526367188 130.48085021972656 212.01409912109375 156.33140563964844
cat 0.7039692 147.09268188476562 107.07923126220703 162.982666015625 123.09212493896484
truck 0.702707 69.18807220458984 34.124488830566406 88.13350677490234 53.03974914550781
deer 0.48393863 31.130868911743164 27.02462387084961 49.96344757080078 45.87407302856445
ship 0.37270796 6.172022819519043 170.60128784179688 21.980873107910156 185.96145629882812
cat 0.33561647 166.9990997314453 192.98780822753906 188.9285125732422 215.0366668701172
truck 0.3038507 6.139948844909668 170.65655517578125 22.124469757080078 186.08956909179688
dog 0.27361095 147.09268188476562 107.07923126220703 162.982666015625 123.09212493896484
frog 0.2612244 70.9132080078125 124.93850708007812 108.3629150390625 162.91903686523438
ship 0.2247614 69.09058380126953 34.02986526489258 88.0758285522461 52.99775314331055
bird 0.21893853 71.26406860351562 125.17182922363281 108.38603210449219 162.9338836669922
deer 0.20808595 166.9990997314453 192.98780822753906 188.9285125732422 215.0366668701172
deer 0.20254537 69.05378723144531 34.0615119934082 88.05586242675781 53.03304672241211
