truck 0.9988142 137.0263214111328 107.127197265625 175.0612030029297 145.01600646972656
airplane 0.9986655 91.07839965820312 157.90615844726562 123.02731323242188 190.09841918945312
frog 0.9981812 132.09324645996094 178.0667266845703 167.1208953857422 213.05320739746094
automobile 0.9974588 31.122554779052734 208.1757049560547 53.00258255004883 229.9616241455078
automobile 0.9968586 200.01724243164062 84.95344543457031 238.070068359375 122.94515991210938
truck 0.99477696 133.20755004882812 64.1281967163086 165.08663940429688 96.06563568115234
deer 0.99164647 143.86326599121094 29.90166473388672 172.93971252441406 59.073265075683594
dog 0.99011576 176.2008056640625 3.2471580505371094 214.06036376953125 41.01158905029297
ship 0.9881059 48.95801544189453 91.88566589355469 84.09204864501953 126.89027404785156
deer 0.9797142 188.84347534179688 176.05364990234375 215.02630615234375 202.2310791015625
airplane 0.9746729 32.96979522705078 184.97280883789062 52.13525390625 204.1053466796875
ship 0.9661032 28.032005310058594 57.0150260925293 50.00181579589844 78.9091567993164
deer 0.9540645 86.99324798583984 120.13948059082031 106.04227447509766 138.94557189941406
automobile 0.92624915 44.04937744140625 8.895526885986328 79.12844848632812 43.89952087402344
frog 0.9177768 52.06328201293945 63.07420349121094 71.0765380859375 81.91659545898438
dog 0.65538156 86.99324798583984 120.13948059082031 106.04227447509766 138.94557189941406
ship 0.46644208 36.07477569580078 136.00010681152344 73.90967559814453 174.0945281982422
ship 0.44089836 44.05835723876953 8.92167854309082 79.05001068115234 43.78046417236328
frog 0.36469406 36.28166961669922 136.04074096679688 73.9808120727539 174.08636474609375
automobile 0.28250408 32.96979522705078 184.97280883789062 52.13525390625 204.1053466796875
cat 0.26572824 36.28166961669922 136.04074096679688 73.9808120727539 174.08636474609375
deer 0.23789397 36.07477569580078 136.00010681152344 73.90967559814453 174.0945281982422
bird 0.23054099 36.28166961669922 136.04074096679688 73.9808120727539 174.08636474609375
