automobile 0.99797183 39.15191650390625 149.07473754882812 61.004783630371094 171.13204956054688
ship 0.9962844 157.9501190185547 87.03018951416016 174.0448455810547 103.06099700927734
automobile 0.9962256 52.049530029296875 186.05075073242188 89.96311950683594 224.17831420898438
frog 0.9952821 164.1250457763672 141.0135498046875 199.04588317871094 176.09481811523438
truck 0.99475265 49.17853546142578 105.98088073730469 84.1679916381836 141.02590942382812
ship 0.99466294 43.071372985839844 65.1056137084961 78.13423156738281 99.71793365478516
truck 0.99418116 211.10902404785156 213.03330993652344 233.0807342529297 235.0400848388672
truck 0.9935602 87.0076904296875 115.96595001220703 103.1202392578125 132.04449462890625
airplane 0.97845924 128.9412078857422 173.065673828125 148.03236389160156 191.87844848632812
deer 0.9355439 191.19871520996094 53.08787536621094 226.01744079589844 88.27519226074219
dog 0.9347489 168.97775268554688 22.105260848999023 195.17913818359375 47.98358154296875
cat 0.71348274 168.97775268554688 22.105260848999023 195.17913818359375 47.98358154296875
deer 0.40501904 117.17274475097656 36.15570831298828 151.88365173339844 70.95297241210938
dog 0.28241715 118.01937103271484 107.09786224365234 136.98268127441406 125.8983383178711
airplane 0.2517926 135.16998291015625 129.127685546875 161.30654907226562 155.03341674804688
