ship 0.9985363 36.039093017578125 71.9780502319336 52.064048767089844 87.97124481201172
automobile 0.99792624 79.18817901611328 69.10183715820312 107.99752044677734 98.083984375
ship 0.9978554 0.8005867004394531 9.283699035644531 39.061729431152344 46.937644958496094
bird 0.99704474 130.968017578125 21.984098434448242 169.08413696289062 59.99159240722656
bird 0.99515164 61.184539794921875 126.10320281982422 83.00794982910156 148.02389526367188
ship 0.9944899 121.73753356933594 159.13320922851562 151.14405822753906 187.93527221679688
automobile 0.99369746 90.05574035644531 136.0601806640625 111.99922180175781 158.25906372070312
frog 0.9818404 38.20493698120117 215.98947143554688 75.96737670898438 254.00979614257812
dog 0.9807683 46.04060745239258 24.03023910522461 83.79916381835938 62.14456558227539
frog 0.9802304 185.05921936035156 107.04930877685547 220.13075256347656 142.20318603515625
automobile 0.980136 152.28323364257812 76.11631774902344 177.88986206054688 102.0283203125
airplane 0.98004735 103.12543487548828 31.124534606933594 122.08580780029297 50.00415802001953
ship 0.96314067 144.02020263671875 197.92201232910156 160.034912109375 214.0988311767578
frog 0.9208801 39.998313903808594 195.09860229492188 56.03398895263672 211.03704833984375
ship 0.89680445 191.00845336914062 154.05128479003906 225.95977783203125 188.9550323486328
airplane 0.8897327 9.056538581848145 116.05134582519531 37.98249816894531 144.9936981201172
deer 0.76555383 167.12574768066406 211.31573486328125 192.99977111816406 236.95175170898438
deer 0.73308074 209.94122314453125 65.1153564453125 247.8873291015625 102.87905883789062
dog 0.57881755 200.86338806152344 45.90485763549805 217.89808654785156 62.0905876159668
airplane 0.41806766 144.0354766845703 197.92298889160156 159.91673278808594 214.09202575683594
truck 0.41030914 191.00845336914062 154.05128479003906 225.95977783203125 188.9550323486328
bird 0.397564 167.0645294189453 211.29940795898438 192.99281311035156 237.1107177734375
truck 0.3849536 9.080869674682617 116.06395721435547 37.94037628173828 145.0128173828125
automobile 0.36027968 39.998313903808594 195.09860229492188 56.03398895263672 211.03704833984375
cat 0.35660356 200.96755981445312 45.82649230957031 218.00924682617188 62.08527374267578
ship 0.34985995 40.02295684814453 195.08914184570312 56.07698059082031 211.0333251953125
bird 0.32103902 210.12237548828125 65.20556640625 248.05111694335938 103.07075500488281
ship 0.29878277 209.86500549316406 65.01282501220703 248.7512969970703 103.36180877685547
cat 0.23881957 46.19696807861328 24.02450180053711 83.73394012451172 62.0052604675293
automobile 0.23367426 191.00845336914062 154.05128479003906 225.95977783203125 188.9550323486328
deer 0.23041385 185.0578155517578 107.13096618652344 220.08177185058594 142.19815063476562
ship 0.21229705 9.056538581848145 116.05134582519531 37.98249816894531 144.9936981201172
