bird 0.99905825 79.02963256835938 8.093426704406738 107.94064331054688 37.13985061645508
automobile 0.9978584 208.99856567382812 67.07901000976562 231.03121948242188 89.16377258300781
ship 0.9976815 170.0146942138672 183.94215393066406 188.99684143066406 203.0725555419922
automobile 0.9965255 16.121992111206055 110.0761489868164 44.95416259765625 138.9464874267578
frog 0.9964403 178.08233642578125 7.006167411804199 206.93460083007812 36.10988998413086
ship 0.99585414 62.26226043701172 58.78242492675781 93.87532806396484 90.89033508300781
deer 0.9947181 213.84707641601562 207.20480346679688 243.14645385742188 235.97344970703125
automobile 0.99378 135.01333618164062 212.11363220214844 170.01495361328125 247.0522918701172
truck 0.9934499 165.0867462158203 51.016693115234375 186.9551239013672 73.00507354736328
cat 0.9865222 0.0 10.06260871887207 28.803707122802734 39.18524932861328
airplane 0.98197746 46.07240676879883 183.14830017089844 72.10415649414062 208.83592224121094
deer 0.9813311 124.98577880859375 177.9540252685547 154.09762573242188 207.03504943847656
automobile 0.9582349 103.107666015625 127.36719512939453 121.96327209472656 146.02932739257812
bird 0.9328277 97.92225646972656 77.03236389160156 124.06211853027344 103.06584167480469
truck 0.9179237 195.0065460205078 109.22169494628906 232.93626403808594 146.97535705566406
cat 0.8655448 160.1934356689453 139.2866973876953 189.08555603027344 167.9679718017578
cat 0.81255555 11.084062576293945 202.14242553710938 30.009340286254883 220.99215698242188
deer 0.7758153 133.99928283691406 120.02728271484375 155.97203063964844 142.02316284179688
ship 0.71706414 133.98590087890625 120.07136535644531 155.96160888671875 141.94493103027344
frog 0.5018908 11.084062576293945 202.14242553710938 30.009340286254883 220.99215698242188
bird 0.48607078 31.097049713134766 41.99525451660156 47.05984115600586 58.032371520996094
deer 0.46697068 160.1934356689453 139.2866973876953 189.08555603027344 167.9679718017578
cat 0.2644402 31.09543228149414 41.96083450317383 47.03689956665039 58.035335540771484
truck 0.2488533 103.08064270019531 127.60176849365234 122.05184936523438 146.1012725830078
deer 0.22436807 11.084062576293945 202.14242553710938 30.009340286254883 220.99215698242188
airplane 0.21491385 195.06507873535156 109.28443145751953 233.17100524902344 147.04025268554688
deer 0.2142865 31.085124969482422 41.996673583984375 47.11606216430664 58.01210021972656
deer 0.20958969 195.06507873535156 109.28443145751953 233.17100524902344 147.04025268554688
