bird 0.9976544 136.0900115966797 177.890625 162.18370056152344 204.33981323242188
deer 0.996408 184.18846130371094 5.022627830505371 215.98231506347656 36.991966247558594
deer 0.99614686 70.00177764892578 16.104372024536133 105.03665924072266 51.14768981933594
ship 0.9949293 33.02727127075195 195.96376037597656 71.03216552734375 233.92982482910156
bird 0.99389505 153.88833618164062 60.93445587158203 189.09518432617188 96.05985260009766
cat 0.96374726 97.11680603027344 56.030860900878906 129.17068481445312 88.07860565185547
bird 0.9621172 68.99785614013672 55.08303451538086 88.02283477783203 73.98109436035156
deer 0.9615834 75.00395202636719 121.03618621826172 106.97325134277344 153.1093292236328
truck 0.94503105 213.8350372314453 154.17665100097656 245.9348602294922 186.2816619873047
frog 0.93310785 207.96707153320312 131.1734161376953 229.99468994140625 152.76390075683594
truck 0.92332137 45.99498748779297 84.10638427734375 65.05778503417969 102.9984130859375
ship 0.7810544 39.998626708984375 163.0335693359375 59.0072021484375 181.99581909179688
cat 0.77362806 98.94880676269531 177.07455444335938 134.0535125732422 211.924560546875
truck 0.7125332 178.99118041992188 146.9832305908203 198.02902221679688 165.93968200683594
deer 0.6786083 24.947559356689453 97.0066146850586 41.04898452758789 113.06035614013672
ship 0.53222996 45.95075988769531 84.08821105957031 65.0361328125 102.81297302246094
truck 0.49344304 24.947559356689453 97.0066146850586 41.04898452758789 113.06035614013672
cat 0.47604346 213.8350372314453 154.17665100097656 245.9348602294922 186.2816619873047
cat 0.46354362 40.073333740234375 163.0946502685547 59.045494079589844 182.0081024169922
dog 0.3669603 40.04815673828125 163.1251678466797 59.04747772216797 181.96363830566406
airplane 0.3510102 98.94880676269531 177.07455444335938 134.0535125732422 211.924560546875
bird 0.34489352 98.94880676269531 177.07455444335938 134.0535125732422 211.924560546875
cat 0.33784115 45.99498748779297 84.10638427734375 65.05778503417969 102.9984130859375
ship 0.29699305 99.01465606689453 177.16647338867188 134.17520141601562 211.91830444335938
airplane 0.2604458 24.947559356689453 97.0066146850586 41.04898452758789 113.06035614013672
truck 0.2604 40.073333740234375 163.0946502685547 59.045494079589844 182.0081024169922
airplane 0.2571723 45.99498748779297 84.10638427734375 65.05778503417969 102.9984130859375
frog 0.24720916 213.8350372314453 154.17665100097656 245.9348602294922 186.2816619873047
airplane 0.21755233 40.073333740234375 163.0946502685547 59.045494079589844 182.0081024169922
dog 0.21203318 98.94880676269531 177.07455444335938 134.0535125732422 211.924560546875
dog 0.20376319 68.94971466064453 55.043113708496094 87.87604522705078 74.0958023071289
cat 0.20292827 165.94729614257812 168.9479217529297 191.9814453125 194.91688537597656
