truck 0.9983404 199.1079559326172 51.12279510498047 228.01622009277344 80.07012176513672
truck 0.9972789 189.9305877685547 191.05198669433594 209.03004455566406 209.98365783691406
frog 0.99716324 201.89967346191406 121.1324234008789 230.98399353027344 149.97601318359375
bird 0.99710786 5.027382850646973 147.11788940429688 33.860260009765625 176.03500366210938
frog 0.9966464 162.05252075195312 208.0946502685547 183.98281860351562 230.03623962402344
frog 0.9951668 1.1632099151611328 92.14997863769531 38.99897766113281 130.00079345703125
automobile 0.99354565 18.065021514892578 178.97515869140625 43.945438385009766 204.97384643554688
airplane 0.9909602 133.8856201171875 137.09474182128906 165.93304443359375 168.9920196533203
automobile 0.9898393 215.11753845214844 100.1733169555664 231.1573028564453 116.10184478759766
truck 0.9786339 141.1333465576172 177.9481964111328 167.0451202392578 203.8971710205078
airplane 0.9768541 181.95901489257812 11.00471305847168 208.00057983398438 37.189537048339844
cat 0.96742636 93.06529998779297 111.04186248779297 122.01030731201172 139.9474639892578
airplane 0.94901633 82.08352661132812 182.0649871826172 104.080078125 203.9563446044922
cat 0.9334136 143.95791625976562 104.62236785888672 170.04656982421875 129.82373046875
bird 0.8508282 21.87619400024414 214.71624755859375 48.02217483520508 241.09381103515625
ship 0.8507812 88.12297058105469 10.998592376708984 125.85905456542969 48.948848724365234
cat 0.8431612 55.38526916503906 89.89990997314453 70.80609893798828 105.88578033447266
dog 0.79264665 21.87619400024414 214.71624755859375 48.02217483520508 241.09381103515625
deer 0.7221162 41.05185317993164 16.123157501220703 76.17408752441406 50.92623519897461
cat 0.60098207 88.02552795410156 11.03377914428711 125.90493774414062 48.89828872680664
truck 0.4747049 82.2411880493164 181.97357177734375 104.06578826904297 203.80438232421875
airplane 0.36932087 55.19550704956055 89.82110595703125 70.86154174804688 105.88536071777344
truck 0.31688914 181.95901489257812 11.00471305847168 208.00057983398438 37.189537048339844
dog 0.2978875 88.07684326171875 11.026605606079102 125.88067626953125 48.926902770996094
cat 0.26021025 21.87619400024414 214.71624755859375 48.02217483520508 241.09381103515625
cat 0.2281285 40.941890716552734 16.15630531311035 76.09597778320312 51.037872314453125
deer 0.22663653 21.87619400024414 214.71624755859375 48.02217483520508 241.09381103515625
