truck 0.99865794 128.9622802734375 91.20611572265625 157.82916259765625 119.92236328125
frog 0.99835163 178.1502227783203 185.13751220703125 206.8805389404297 214.14886474609375
dog 0.9971077 208.98583984375 3.0616683959960938 241.15768432617188 35.114418029785156
airplane 0.9967284 127.14561462402344 170.1621551513672 153.1506805419922 195.8384552001953
cat 0.99528575 125.98363494873047 211.12936401367188 161.14723205566406 246.08712768554688
automobile 0.9943485 96.03126525878906 210.9870147705078 118.03466796875 233.00279235839844
dog 0.99345577 48.026405334472656 16.059398651123047 76.87946319580078 45.12659454345703
deer 0.9928743 16.102127075195312 211.9644317626953 53.938499450683594 249.94090270996094
truck 0.9905601 106.05125427246094 70.05874633789062 128.0299835205078 91.98202514648438
bird 0.99007404 28.960216522216797 65.02473449707031 57.977046966552734 93.88572692871094
dog 0.9875593 206.97146606445312 133.3278350830078 242.017822265625 167.9713897705078
cat 0.9858807 149.97914123535156 50.23345947265625 165.8909149169922 66.13289642333984
cat 0.9647391 167.0571746826172 41.0179557800293 183.04673767089844 56.96382522583008
automobile 0.9459994 213.95448303222656 193.93014526367188 245.9035186767578 225.94073486328125
dog 0.9039538 3.9916820526123047 163.07276916503906 36.00055694580078 195.2750701904297
dog 0.8831594 187.99658203125 66.0326156616211 223.22726440429688 101.04547882080078
deer 0.8219873 133.05918884277344 23.100631713867188 159.04200744628906 48.83009338378906
automobile 0.75335884 49.292057037353516 143.94821166992188 87.033935546875 181.82009887695312
dog 0.6943023 213.95448303222656 193.93014526367188 245.9035186767578 225.94073486328125
airplane 0.5277649 132.8642120361328 23.031408309936523 159.03346252441406 48.82939910888672
cat 0.46236387 3.9916820526123047 163.07276916503906 36.00055694580078 195.2750701904297
truck 0.3287266 167.0257568359375 40.94975280761719 183.07156372070312 56.952232360839844
ship 0.25343412 49.292057037353516 143.94821166992188 87.033935546875 181.82009887695312
dog 0.25194156 49.13502883911133 143.92457580566406 87.05009460449219 181.89772033691406
deer 0.23635477 188.1975860595703 66.05345153808594 223.1000213623047 101.0330810546875
deer 0.23368269 3.9916820526123047 163.07276916503906 36.00055694580078 195.2750701904297
frog 0.21043739 3.9916820526123047 163.07276916503906 36.00055694580078 195.2750701904297
frog 0.20237815 213.95448303222656 193.93014526367188 245.9035186767578 225.94073486328125
