ship 0.99882746 120.98436737060547 6.042690277099609 150.03892517089844 35.031612396240234
ship 0.99862367 158.0133056640625 51.03221893310547 177.00845336914062 69.99040985107422
airplane 0.998345 206.10935974121094 127.09586334228516 238.06068420410156 159.01463317871094
frog 0.99824107 69.27407836914062 56.21067810058594 97.85354614257812 84.85829162597656
truck 0.9967893 39.074337005615234 211.99658203125 61.03817367553711 233.96917724609375
truck 0.9967077 27.07859992980957 188.9683074951172 49.03504943847656 211.0004119873047
truck 0.99442387 3.969654083251953 130.03256225585938 33.18519973754883 159.06561279296875
truck 0.99209887 17.054401397705078 3.1476497650146484 52.10287094116211 38.036651611328125
automobile 0.99075556 0.9134111404418945 91.94612121582031 20.16992950439453 111.02928161621094
airplane 0.97859466 184.8898468017578 62.0026741027832 201.00999450683594 78.11882019042969
airplane 0.9678885 99.07183837890625 64.85804748535156 127.92341613769531 93.94667053222656
bird 0.95476824 78.04360961914062 189.16783142089844 104.04205322265625 215.0948028564453
truck 0.94470555 184.0630645751953 210.0805206298828 216.11460876464844 241.94886779785156
cat 0.91896504 90.21070861816406 117.13316345214844 125.01358032226562 151.9071807861328
frog 0.88510865 161.24588012695312 172.14019775390625 193.03073120117188 203.034423828125
deer 0.87288404 69.19369506835938 89.10808563232422 90.97395324707031 110.93868255615234
frog 0.8364508 138.0481719970703 103.12760925292969 156.9655303955078 122.09695434570312
frog 0.7584069 136.98463439941406 204.98411560058594 175.03370666503906 243.1665802001953
dog 0.7570126 161.245361328125 172.13853454589844 193.08926391601562 203.2209930419922
cat 0.71172297 28.158632278442383 57.01567459106445 65.99320220947266 94.9710693359375
dog 0.48630664 28.276235580444336 57.05714416503906 66.03895568847656 94.82583618164062
deer 0.40579203 28.276235580444336 57.05714416503906 66.03895568847656 94.82583618164062
deer 0.3786156 138.0784454345703 103.16122436523438 156.9868621826172 122.10659790039062
airplane 0.37483016 78.04360961914062 189.16783142089844 104.04205322265625 215.0948028564453
airplane 0.3681563 136.97926330566406 205.1433563232422 175.1352996826172 243.2032928466797
dog 0.36243212 183.86212158203125 209.9730224609375 216.18508911132812 241.97811889648438
cat 0.3526494 137.0474395751953 204.9583740234375 175.02708435058594 243.3006591796875
truck 0.35255277 136.83441162109375 205.2322998046875 175.30047607421875 243.30239868164062
ship 0.3097031 184.8804473876953 62.021766662597656 200.9922637939453 78.1169204711914
bird 0.27928346 138.0481719970703 103.12760925292969 156.9655303955078 122.09695434570312
