truck 0.99881184 162.0570526123047 201.07493591308594 194.10191345214844 232.80433654785156
cat 0.99829775 119.00852966308594 169.01931762695312 151.2570037841797 200.95877075195312
automobile 0.9981009 164.08424377441406 56.079463958740234 195.9495391845703 87.8535385131836
deer 0.99773085 204.20333862304688 26.040082931518555 239.00985717773438 61.013694763183594
automobile 0.9976471 128.99594116210938 82.00039672851562 161.19467163085938 113.79536437988281
airplane 0.9974592 209.24024963378906 172.0929412841797 244.0261688232422 206.91831970214844
ship 0.9972472 59.18273162841797 128.95187377929688 88.05889129638672 157.781494140625
deer 0.9925895 82.03941345214844 8.110089302062988 100.99830627441406 27.015148162841797
ship 0.99139774 200.1271209716797 68.21466827392578 215.84556579589844 83.89095306396484
frog 0.98904127 93.16050720214844 187.10035705566406 111.98324584960938 206.02622985839844
airplane 0.93779755 203.0795135498047 98.0071029663086 222.00572204589844 116.9000473022461
deer 0.9261772 0.028974533081054688 73.03998565673828 21.909225463867188 95.0407485961914
frog 0.8756187 8.139784812927246 38.00967025756836 37.025794982910156 67.1076889038086
dog 0.72386765 84.01565551757812 64.14613342285156 99.99427795410156 80.02961730957031
cat 0.6672945 29.11588478088379 200.05706787109375 51.030181884765625 222.09756469726562
automobile 0.49543905 200.1271209716797 68.21466827392578 215.84556579589844 83.89095306396484
deer 0.3044154 200.1271209716797 68.21466827392578 215.84556579589844 83.89095306396484
dog 0.29802054 200.1271209716797 68.21466827392578 215.84556579589844 83.89095306396484
automobile 0.29209805 93.16050720214844 187.10035705566406 111.98324584960938 206.02622985839844
airplane 0.28183532 200.1271209716797 68.21466827392578 215.84556579589844 83.89095306396484
dog 0.27897894 8.139784812927246 38.00967025756836 37.025794982910156 67.1076889038086
dog 0.22660181 29.224178314208984 200.0973358154297 50.911739349365234 222.1878204345703
