automobile 0.99800706 1.9578323364257812 74.11847686767578 40.07682800292969 111.84622955322266
truck 0.9977026 151.92083740234375 165.05267333984375 171.0400390625 183.99636840820312
truck 0.9972429 141.0242462158203 39.13533020019531 176.09950256347656 73.86207580566406
truck 0.99662274 104.03950500488281 145.1056365966797 138.6284637451172 179.89418029785156
automobile 0.9955386 69.89177703857422 76.00318908691406 89.0008316040039 95.12149047851562
frog 0.9951951 52.084556579589844 44.08336639404297 74.04046630859375 66.073974609375
automobile 0.9941617 121.96940612792969 84.01788330078125 143.9940948486328 106.06329345703125
airplane 0.9929437 213.96292114257812 75.21270751953125 243.12594604492188 103.98786926269531
frog 0.9888723 189.1186065673828 91.11543273925781 207.9055938720703 110.05184936523438
dog 0.97931445 186.2137908935547 1.631795883178711 221.02806091308594 37.166778564453125
bird 0.97868323 72.96542358398438 175.26486206054688 99.00314331054688 200.93206787109375
deer 0.94779813 47.101348876953125 2.0270004272460938 65.91658020019531 21.124574661254883
airplane 0.8665801 155.99337768554688 83.07254028320312 178.14767456054688 104.91767883300781
airplane 0.8158686 76.15579223632812 105.21305847167969 108.12582397460938 137.08970642089844
truck 0.563398 156.0711212158203 82.9901351928711 178.24855041503906 104.75334930419922
deer 0.53549236 52.13011932373047 207.06637573242188 77.9688491821289 233.12820434570312
ship 0.528221 76.0351791381836 105.04132080078125 108.16368865966797 137.1752166748047
bird 0.47330418 193.95059204101562 155.12408447265625 212.91238403320312 174.07086181640625
bird 0.46882993 52.13011932373047 207.06637573242188 77.9688491821289 233.12820434570312
bird 0.45955762 40.207191467285156 115.18456268310547 71.81401824951172 147.08572387695312
airplane 0.44698524 110.07669067382812 40.04454803466797 128.92431640625 58.978172302246094
deer 0.40499514 40.10173797607422 115.1736068725586 71.90577697753906 147.05752563476562
automobile 0.37665102 110.01441192626953 39.9818115234375 128.85789489746094 59.01268768310547
ship 0.33387136 109.958251953125 39.98161697387695 128.93850708007812 58.994686126708984
bird 0.28932184 46.912506103515625 2.161961555480957 65.89702606201172 21.222965240478516
airplane 0.28809568 40.10173797607422 115.1736068725586 71.90577697753906 147.05752563476562
truck 0.2720074 109.958251953125 39.98161697387695 128.93850708007812 58.994686126708984
airplane 0.2274901 52.031341552734375 207.19033813476562 77.931884765625 232.99429321289062
