truck 0.9993189 178.04917907714844 179.10975646972656 199.80397033691406 201.0602569580078
ship 0.9979974 36.33112335205078 127.05036926269531 70.93522644042969 162.0150604248047
ship 0.99795574 145.9293975830078 202.04403686523438 165.03651428222656 220.97348022460938
deer 0.9977603 188.17417907714844 86.23746490478516 225.97157287597656 123.96404266357422
dog 0.9977509 209.0607147216797 26.98761558532715 238.0200958251953 55.941795349121094
airplane 0.9971943 92.14216613769531 62.075828552246094 130.1269989013672 100.0793228149414
airplane 0.99677193 60.209190368652344 17.36911964416504 98.0191879272461 55.18977355957031
dog 0.9955086 202.8479766845703 189.1617889404297 231.96946716308594 217.88917541503906
bird 0.99184465 16.922096252441406 22.056961059570312 43.00328063964844 47.92231750488281
deer 0.9910736 91.99861145019531 207.1168670654297 120.98373413085938 236.0049591064453
frog 0.9892388 56.88538360595703 163.9461212158203 95.04630279541016 202.03782653808594
truck 0.98913866 2.9738855361938477 119.04572296142578 29.161075592041016 145.01449584960938
frog 0.9845767 82.08320617675781 110.88939666748047 116.99452209472656 146.0220184326172
frog 0.9491621 13.092545509338379 175.14630126953125 42.171321868896484 203.84579467773438
dog 0.9272294 141.14715576171875 94.09844207763672 172.99783325195312 126.11186981201172
truck 0.8722395 151.08587646484375 7.979722023010254 166.99822998046875 24.20496368408203
ship 0.8456985 205.0790252685547 129.02786254882812 221.1629180908203 145.05160522460938
deer 0.8236271 151.09597778320312 8.000543594360352 167.0172119140625 24.161237716674805
truck 0.7284946 205.0546875 128.9442138671875 221.13775634765625 144.99285888671875
deer 0.7127085 133.0082244873047 165.02430725097656 165.1133270263672 197.09776306152344
bird 0.6710998 133.0769805908203 165.1031494140625 165.02427673339844 197.13009643554688
airplane 0.3929741 151.08587646484375 7.979722023010254 166.99822998046875 24.20496368408203
deer 0.295691 13.125533103942871 175.18301391601562 42.12385940551758 203.95947265625
bird 0.2616666 141.13487243652344 94.06468963623047 172.9868927001953 126.28508758544922
automobile 0.20919907 205.0546875 128.9442138671875 221.13775634765625 144.99285888671875
