frog 0.99808115 112.99929809570312 175.0882568359375 150.9654541015625 213.15887451171875
airplane 0.9979286 120.07368469238281 102.07209777832031 151.9488067626953 134.21524047851562
ship 0.9978788 66.72142028808594 74.99727630615234 92.10763549804688 100.92365264892578
truck 0.99765027 167.00491333007812 189.91273498535156 201.81466674804688 225.0061798095703
cat 0.9971244 20.239030838012695 20.103649139404297 46.30840301513672 46.318599700927734
frog 0.9963043 192.0738067626953 21.17470932006836 224.0401153564453 52.98830032348633
bird 0.9961028 163.08006286621094 147.15908813476562 189.1363983154297 173.00161743164062
frog 0.99544215 205.86959838867188 180.0364990234375 225.19271850585938 199.060791015625
automobile 0.99511397 214.00259399414062 83.8248291015625 245.69134521484375 116.10926818847656
frog 0.99443233 24.137287139892578 118.93279266357422 43.02738571166992 138.0181427001953
frog 0.9931781 25.00739860534668 89.85791015625 51.00691223144531 116.10565185546875
frog 0.9867368 66.87779998779297 29.166015625 96.02562713623047 58.03936004638672
ship 0.9801676 27.113842010498047 57.05341339111328 52.991024017333984 83.2196273803711
frog 0.9658787 33.09330749511719 160.17083740234375 68.05552673339844 195.09799194335938
truck 0.9561469 1.9113283157348633 61.95261764526367 23.707260131835938 83.99099731445312
frog 0.93124235 100.87921142578125 26.04907989501953 132.95361328125 57.89386749267578
bird 0.91161096 144.09579467773438 1.992222785949707 166.14450073242188 24.147464752197266
frog 0.88065505 208.11900329589844 117.68626403808594 233.80894470214844 143.05711364746094
bird 0.78794825 208.11900329589844 117.68626403808594 233.80894470214844 143.05711364746094
airplane 0.45613673 100.99806213378906 25.894824981689453 133.1725616455078 57.88846969604492
deer 0.40199304 208.11900329589844 117.68626403808594 233.80894470214844 143.05711364746094
bird 0.26726472 33.02825164794922 160.28448486328125 67.94049835205078 195.095947265625
airplane 0.23591071 208.11900329589844 117.68626403808594 233.80894470214844 143.05711364746094
automobile 0.23070246 207.78524780273438 117.36048889160156 233.94210815429688 143.00782775878906
deer 0.20355147 24.137287139892578 118.93279266357422 43.02738571166992 138.0181427001953
