ship 0.99829954 140.07083129882812 52.99419403076172 156.0006103515625 69.22212219238281
frog 0.99813014 87.05899810791016 30.89649200439453 112.9648666381836 57.13585662841797
automobile 0.99465805 195.20367431640625 196.14804077148438 217.12506103515625 218.09927368164062
airplane 0.9941292 40.03513717651367 98.12025451660156 74.99690246582031 133.096923828125
truck 0.9941143 213.140625 30.007061004638672 248.02328491210938 65.53776550292969
truck 0.99036324 121.0341796875 75.12612915039062 139.9398193359375 93.81378173828125
airplane 0.9878 178.1349334716797 78.84857940673828 207.0728302001953 108.27690887451172
ship 0.98770493 169.05740356445312 147.83328247070312 198.04873657226562 176.87515258789062
truck 0.9799862 16.032014846801758 175.06333923339844 38.03125762939453 197.00498962402344
airplane 0.9681812 5.068816184997559 209.02272033691406 23.940879821777344 228.02186584472656
dog 0.96742034 211.06796264648438 69.26250457763672 239.99795532226562 97.89887237548828
frog 0.9317564 156.302978515625 189.12562561035156 193.4169921875 226.84947204589844
truck 0.92363966 12.065589904785156 71.03770446777344 28.001514434814453 87.05532836914062
truck 0.9092016 68.0120849609375 142.11196899414062 86.98110961914062 160.67800903320312
airplane 0.8452902 140.06590270996094 16.078388214111328 162.0168914794922 38.17192077636719
cat 0.81549764 163.9733123779297 111.02265930175781 196.0782928466797 143.1310272216797
bird 0.7607919 163.94874572753906 111.22930908203125 196.1425018310547 143.28382873535156
truck 0.5526604 139.99378967285156 16.025070190429688 161.86085510253906 38.27515411376953
automobile 0.48137477 12.012958526611328 70.91950225830078 28.00833511352539 87.10713958740234
cat 0.4103629 156.19949340820312 189.06387329101562 193.43472290039062 227.04153442382812
deer 0.34992602 67.98660278320312 141.98257446289062 86.95158386230469 160.64312744140625
airplane 0.29225403 12.012958526611328 70.91950225830078 28.00833511352539 87.10713958740234
frog 0.25828528 100.05595397949219 73.98808288574219 119.4110107421875 92.84977722167969
automobile 0.2544106 16.105388641357422 175.0509490966797 38.051422119140625 197.0924835205078
automobile 0.25125253 139.99378967285156 16.025070190429688 161.86085510253906 38.27515411376953
ship 0.2493039 5.075141906738281 208.99293518066406 24.024879455566406 227.98924255371094
cat 0.23483887 139.99378967285156 16.025070190429688 161.86085510253906 38.27515411376953
airplane 0.22228223 67.98660278320312 141.98257446289062 86.95158386230469 160.64312744140625
deer 0.2205835 163.94874572753906 111.22930908203125 196.1425018310547 143.28382873535156
