automobile 0.99889207 43.0155029296875 88.10164642333984 65.1151123046875 110.08573150634766
frog 0.9979799 8.150056838989258 189.95315551757812 39.959228515625 221.98208618164062
automobile 0.9975153 208.01138305664062 60.192501068115234 246.03228759765625 98.16140747070312
automobile 0.99701405 9.269546508789062 40.120384216308594 46.95016860961914 77.99866485595703
airplane 0.9967979 141.0958709716797 146.06686401367188 173.0635528564453 177.9727783203125
bird 0.99538404 70.93226623535156 79.08472442626953 108.96438598632812 116.98737335205078
airplane 0.9909529 123.13188171386719 38.948394775390625 158.03578186035156 74.10624694824219
airplane 0.9888853 29.08300018310547 120.94612884521484 47.916290283203125 140.02635192871094
dog 0.9831996 182.9840850830078 157.88876342773438 211.98509216308594 187.01290893554688
dog 0.91976494 182.9217987060547 214.13523864746094 202.04164123535156 233.05747985839844
truck 0.8651521 32.13959503173828 146.86697387695312 67.07115936279297 182.20538330078125
automobile 0.76597464 111.09385681152344 200.10003662109375 132.92898559570312 221.84945678710938
airplane 0.72762835 109.99465942382812 139.0726318359375 131.94261169433594 161.07540893554688
bird 0.67192227 177.18661499023438 101.38406372070312 206.04598999023438 129.98423767089844
deer 0.6699028 135.02825927734375 96.02349853515625 169.9832763671875 131.25009155273438
truck 0.6612958 41.096622467041016 210.07965087890625 78.91596984863281 248.02032470703125
truck 0.66004485 111.08909606933594 199.95143127441406 132.9840087890625 222.0376434326172
dog 0.6404134 77.26335906982422 145.06741333007812 95.9170150756836 163.92828369140625
airplane 0.6074368 215.160400390625 109.923828125 252.78955078125 148.12344360351562
deer 0.54880434 188.1207275390625 14.968750953674316 209.928466796875 37.02997589111328
cat 0.53576714 135.10633850097656 95.98566436767578 170.02699279785156 131.1681671142578
bird 0.52731174 214.97007751464844 110.03473663330078 252.9463653564453 147.94927978515625
ship 0.5230285 215.160400390625 109.923828125 252.78955078125 148.12344360351562
truck 0.44973978 188.1207275390625 14.968750953674316 209.928466796875 37.02997589111328
cat 0.42141172 188.1445770263672 15.021312713623047 210.03456115722656 37.06101989746094
airplane 0.4091151 188.1445770263672 15.021312713623047 210.03456115722656 37.06101989746094
frog 0.39126012 177.1892547607422 101.23306274414062 206.0322723388672 129.8843231201172
automobile 0.3384728 41.441123962402344 211.0119171142578 79.1224594116211 247.3083953857422
automobile 0.3350599 32.090675354003906 146.97215270996094 67.19963073730469 182.2072296142578
cat 0.24527535 182.96275329589844 214.1428985595703 202.0873260498047 233.02415466308594
cat 0.23613647 77.26335906982422 145.06741333007812 95.9170150756836 163.92828369140625
dog 0.22943181 177.26126098632812 101.16655731201172 205.95529174804688 129.85299682617188
airplane 0.21622464 32.04328155517578 146.99819946289062 66.9637680053711 182.02865600585938
ship 0.2085605 188.1207275390625 14.968750953674316 209.928466796875 37.02997589111328
