airplane 0.9991039 141.1251678466797 139.95321655273438 170.08705139160156 169.2021484375
ship 0.9977323 27.05636978149414 23.193449020385742 46.16923904418945 41.91803741455078
frog 0.99769247 133.251708984375 27.171958923339844 162.08306884765625 55.95091247558594
automobile 0.9962203 48.15428924560547 161.0724334716797 67.05767822265625 179.83897399902344
airplane 0.9952682 215.10464477539062 106.10466003417969 253.19808959960938 144.00779724121094
airplane 0.9942512 189.05152893066406 201.94888305664062 223.99195861816406 236.89434814453125
frog 0.9893712 150.07318115234375 207.87054443359375 175.28955078125 234.14044189453125
automobile 0.9888748 77.02830505371094 133.11582946777344 93.05355834960938 149.0199737548828
automobile 0.9857727 14.07815170288086 131.13465881347656 33.11500549316406 149.98228454589844
truck 0.98216033 105.58216857910156 16.84880828857422 124.48526000976562 36.04513931274414
cat 0.97484833 35.98951721191406 117.11343383789062 62.01043701171875 143.0955810546875
cat 0.97397804 103.06912231445312 144.0745849609375 122.09295654296875 163.11398315429688
ship 0.973475 93.07571411132812 193.06063842773438 125.03857421875 224.95156860351562
bird 0.9667972 175.91693115234375 120.03591918945312 197.93927001953125 142.0357666015625
deer 0.9486649 190.95802307128906 11.98090934753418 225.9679718017578 46.991607666015625
deer 0.9083213 198.04910278320312 64.9254150390625 217.11514282226562 83.00054931640625
airplane 0.86840105 15.032575607299805 78.08686065673828 47.15789031982422 110.03597259521484
cat 0.66823745 49.10834884643555 57.16593933105469 74.94255828857422 83.01496887207031
bird 0.6251689 15.032575607299805 78.08686065673828 47.15789031982422 110.03597259521484
airplane 0.6014807 143.17657470703125 75.1441650390625 162.02325439453125 93.871826171875
deer 0.5846166 148.96664428710938 178.2632598876953 170.98739624023438 200.0697784423828
dog 0.39878535 49.15419387817383 57.121646881103516 75.05509948730469 83.03924560546875
deer 0.38285875 143.17657470703125 75.1441650390625 162.02325439453125 93.871826171875
bird 0.28965956 149.1088104248047 178.14151000976562 171.06044006347656 200.00286865234375
ship 0.2859378 77.05795288085938 133.10870361328125 93.00408935546875 148.90072631835938
ship 0.246955 175.94656372070312 120.06910705566406 198.17556762695312 141.9080047607422
frog 0.22384736 14.057328224182129 131.2119903564453 33.16900634765625 150.0349578857422
cat 0.2135076 190.95802307128906 11.98090934753418 225.9679718017578 46.991607666015625
deer 0.20731941 77.05795288085938 133.10870361328125 93.00408935546875 148.90072631835938
bird 0.20152321 150.09201049804688 207.8302764892578 175.29019165039062 234.14247131347656
