bird 0.998665 203.8721923828125 27.039981842041016 226.02444458007812 48.99685287475586
ship 0.99849486 99.10326385498047 159.21665954589844 136.73855590820312 196.89451599121094
frog 0.9982109 148.14598083496094 40.103309631347656 177.1800079345703 68.96188354492188
automobile 0.99779963 23.18077850341797 72.1328125 42.340065002441406 91.0435791015625
dog 0.99556696 45.90496063232422 38.988075256347656 78.02906799316406 71.1216049194336
automobile 0.9947255 101.173828125 70.12004852294922 139.07774353027344 108.83838653564453
automobile 0.99349785 153.0592498779297 211.1204833984375 188.0548553466797 245.93841552734375
airplane 0.98980266 194.97698974609375 129.023681640625 214.09353637695312 147.92068481445312
frog 0.986135 10.078248977661133 149.1453399658203 47.99159240722656 187.3047637939453
airplane 0.9829123 148.2569580078125 82.07598114013672 180.06289672851562 114.09722137451172
ship 0.9788518 104.12934875488281 214.9605712890625 136.08807373046875 247.06625366210938
dog 0.9611699 47.16876220703125 74.62114715576172 65.99874114990234 93.99544525146484
bird 0.9573078 61.165321350097656 212.84210205078125 99.13895416259766 251.03970336914062
automobile 0.88499004 42.09009552001953 110.04527282714844 67.87543487548828 136.0460662841797
dog 0.8614557 213.11093139648438 153.94500732421875 247.93670654296875 189.02267456054688
cat 0.83761173 181.03945922851562 26.06430435180664 203.18206787109375 48.08707046508789
cat 0.620487 69.0488052368164 146.0932159423828 91.0757064819336 168.01292419433594
truck 0.5314201 42.09009552001953 110.04527282714844 67.87543487548828 136.0460662841797
airplane 0.44768524 121.99674224853516 131.00167846679688 144.06927490234375 152.98858642578125
airplane 0.38128942 104.212158203125 214.98876953125 136.07534790039062 247.14199829101562
dog 0.37339395 69.19271850585938 146.15036010742188 90.88117980957031 167.74429321289062
bird 0.3719679 122.06851196289062 130.9763641357422 144.12457275390625 153.06739807128906
cat 0.32308543 122.14018249511719 130.90826416015625 144.04676818847656 152.86624145507812
cat 0.26471156 213.1692352294922 153.95753479003906 247.99147033691406 189.19056701660156
dog 0.26354995 210.43301391601562 215.1522674560547 249.84817504882812 250.83140563964844
dog 0.22481608 180.8644256591797 26.010967254638672 203.18568420410156 48.0035514831543
cat 0.21028596 104.12934875488281 214.9605712890625 136.08807373046875 247.06625366210938
