automobile 0.9979088 45.160682678222656 189.18594360351562 71.1198501586914 215.16366577148438
frog 0.9969536 81.00279998779297 187.9513702392578 113.0931167602539 219.93772888183594
airplane 0.9966757 15.897042274475098 190.0681610107422 32.060333251953125 206.01527404785156
frog 0.9940175 164.10610961914062 5.930234909057617 190.05474853515625 31.959138870239258
airplane 0.99306595 48.041664123535156 151.95272827148438 69.9034652709961 173.99789428710938
dog 0.9925262 66.20170593261719 67.96640014648438 101.01431274414062 102.91893005371094
dog 0.99202394 24.99237823486328 91.93616485595703 54.14891052246094 121.10282135009766
ship 0.9881755 197.9189453125 201.05551147460938 217.03433227539062 220.00726318359375
dog 0.98361236 178.03948974609375 113.13074493408203 213.1856689453125 148.09664916992188
deer 0.96714413 109.13529968261719 29.101417541503906 128.0167999267578 47.90411376953125
deer 0.9669611 16.097736358642578 44.98853302001953 48.079471588134766 77.05701446533203
dog 0.9541038 206.9858856201172 164.8133544921875 232.8954315185547 191.069580078125
airplane 0.9441526 125.01519775390625 193.0644073486328 147.10134887695312 215.0517120361328
truck 0.929238 77.99339294433594 136.16265869140625 110.194091796875 168.04840087890625
ship 0.9239096 112.47610473632812 135.19908142089844 135.1069793701172 156.7715301513672
automobile 0.82650816 112.41181182861328 135.17796325683594 135.07449340820312 157.09715270996094
bird 0.7668612 17.016263961791992 133.97618103027344 38.91813659667969 155.97789001464844
cat 0.73517966 129.96072387695312 83.16755676269531 152.0155029296875 104.9866943359375
frog 0.6968918 166.09100341796875 161.00790405273438 185.1055908203125 180.040283203125
cat 0.65903515 165.9365234375 161.06964111328125 185.10009765625 180.07009887695312
bird 0.6063924 125.12393188476562 193.01602172851562 147.18136596679688 215.0380859375
frog 0.5097205 206.9858856201172 164.8133544921875 232.8954315185547 191.069580078125
truck 0.48032728 129.96182250976562 83.14582061767578 152.04898071289062 105.05870819091797
ship 0.43973526 129.96182250976562 83.14582061767578 152.04898071289062 105.05870819091797
airplane 0.39809027 77.97398376464844 136.13954162597656 110.17823791503906 168.0876007080078
airplane 0.31404805 17.12979507446289 133.98069763183594 38.93008804321289 155.9818878173828
automobile 0.31262425 17.056678771972656 134.00772094726562 38.87233352661133 155.92977905273438
bird 0.28759825 16.097736358642578 44.98853302001953 48.079471588134766 77.05701446533203
airplane 0.21536323 129.98468017578125 83.15678405761719 152.07522583007812 104.99417114257812
