truck 0.9976504 203.20565795898438 12.059236526489258 229.0235595703125 37.95808410644531
airplane 0.9971991 96.23094177246094 67.96121215820312 125.01382446289062 97.00517272949219
automobile 0.997185 83.93373107910156 34.198612213134766 115.99639892578125 66.23077392578125
ship 0.9955255 167.04652404785156 197.9070587158203 183.05186462402344 214.0948028564453
automobile 0.9932869 0.7859401702880859 121.06827545166016 35.922325134277344 155.8990020751953
automobile 0.9932552 97.93721008300781 121.10797119140625 114.04283142089844 137.00921630859375
dog 0.9863544 168.06373596191406 49.94069290161133 194.0255889892578 76.07288360595703
airplane 0.9863225 57.020015716552734 68.98170471191406 79.02748107910156 91.02450561523438
frog 0.98577535 150.211181640625 77.9458999633789 172.01400756835938 100.03987884521484
airplane 0.98073244 9.022954940795898 72.98538208007812 27.995206832885742 91.94015502929688
cat 0.9745299 62.02390670776367 115.17374420166016 80.93548583984375 133.95338439941406
deer 0.96506125 66.0145492553711 171.1572265625 95.05762481689453 200.16949462890625
frog 0.94836783 183.99468994140625 134.23898315429688 202.95654296875 152.83282470703125
dog 0.9294115 58.093162536621094 213.97544860839844 93.1108627319336 249.0012969970703
cat 0.8554349 104.99530029296875 183.1337432861328 134.10328674316406 212.08201599121094
dog 0.85088396 183.0642852783203 159.2315216064453 217.94578552246094 194.03794860839844
automobile 0.6560114 113.03213500976562 215.16949462890625 129.11801147460938 231.97177124023438
ship 0.6469582 112.99395751953125 215.13165283203125 129.1373748779297 231.99822998046875
airplane 0.60342664 140.98214721679688 129.05819702148438 163.06777954101562 151.06170654296875
deer 0.47453356 59.03064727783203 140.14552307128906 81.0284194946289 161.9707794189453
bird 0.45272258 59.13029098510742 140.26060485839844 80.82786560058594 161.9237823486328
frog 0.4318032 112.82345581054688 215.07440185546875 129.17483520507812 232.14303588867188
cat 0.42049548 183.0642852783203 159.2315216064453 217.94578552246094 194.03794860839844
truck 0.36886793 112.75122833251953 214.93466186523438 129.12391662597656 231.97372436523438
cat 0.32895875 140.9878387451172 128.96597290039062 162.94615173339844 151.11984252929688
deer 0.2825244 112.75122833251953 214.93466186523438 129.12391662597656 231.97372436523438
bird 0.26807138 112.99395751953125 215.13165283203125 129.1373748779297 231.99822998046875
frog 0.2353358 183.00360107421875 159.22434997558594 217.93588256835938 193.97145080566406
dog 0.23424834 112.75122833251953 214.93466186523438 129.12391662597656 231.97372436523438
bird 0.21542883 9.04276180267334 73.02872467041016 28.051898956298828 91.97611236572266
