ship 0.9987147 68.14149475097656 60.00151824951172 105.89958190917969 97.9006576538086
ship 0.9971899 185.03089904785156 16.976234436035156 207.07069396972656 38.95000457763672
bird 0.9970327 199.07472229003906 173.02301025390625 227.9209747314453 201.8060302734375
airplane 0.99657345 109.87124633789062 50.17548370361328 139.06642150878906 78.9310073852539
airplane 0.99644613 166.03895568847656 77.00151824951172 201.05958557128906 111.8589859008789
ship 0.9959151 158.11228942871094 166.05517578125 189.98411560058594 198.07904052734375
deer 0.98909044 114.03132629394531 162.13140869140625 143.1073760986328 191.11334228515625
cat 0.97635174 19.92763900756836 58.16180419921875 55.08609390258789 93.03570556640625
airplane 0.97629255 117.16118621826172 206.02633666992188 151.8411865234375 240.96517944335938
frog 0.9685456 64.22966003417969 17.025583267211914 95.95953369140625 48.90772247314453
truck 0.9682292 6.951808929443359 186.9983367919922 23.015296936035156 202.9996795654297
dog 0.9578217 65.97235107421875 132.79931640625 92.09547424316406 159.06228637695312
airplane 0.9112557 134.06494140625 83.05979919433594 152.949951171875 102.05607604980469
cat 0.86471635 10.993087768554688 12.890223503112793 26.914112091064453 28.935218811035156
cat 0.7874414 155.1416015625 1.861311912536621 177.030029296875 24.048725128173828
bird 0.74480367 82.02637481689453 173.08425903320312 100.92626190185547 191.90402221679688
dog 0.70987505 204.9803466796875 84.10338592529297 243.097900390625 122.09964752197266
cat 0.6789206 82.04594421386719 173.1159210205078 100.959716796875 192.02137756347656
cat 0.58464545 204.9620819091797 84.07916259765625 243.13575744628906 122.07145690917969
deer 0.5217573 155.1416015625 1.861311912536621 177.030029296875 24.048725128173828
airplane 0.5151365 10.993087768554688 12.890223503112793 26.914112091064453 28.935218811035156
cat 0.49195096 208.38836669921875 123.44575500488281 241.92886352539062 158.98106384277344
frog 0.47830087 29.115234375 9.031169891357422 47.922340393066406 27.915725708007812
automobile 0.44202274 6.951808929443359 186.9983367919922 23.015296936035156 202.9996795654297
automobile 0.33178198 29.01436996459961 9.097939491271973 47.85679244995117 27.92346954345703
deer 0.3066821 10.993087768554688 12.890223503112793 26.914112091064453 28.935218811035156
frog 0.25448352 65.97235107421875 132.79931640625 92.09547424316406 159.06228637695312
airplane 0.25154662 29.01436996459961 9.097939491271973 47.85679244995117 27.92346954345703
truck 0.2268433 29.066991806030273 9.089634895324707 47.887657165527344 27.97913360595703
ship 0.2259658 10.993087768554688 12.890223503112793 26.914112091064453 28.935218811035156
frog 0.21443546 82.02637481689453 173.08425903320312 100.92626190185547 191.90402221679688
