automobile 0.9981532 213.8739013671875 41.158363342285156 246.07476806640625 73.19428253173828
ship 0.9976783 29.115076065063477 54.09931182861328 64.08428192138672 88.99536895751953
automobile 0.9972111 124.08154296875 145.06689453125 156.03665161132812 176.79656982421875
deer 0.9963064 30.161100387573242 215.4222412109375 68.01273345947266 253.00582885742188
truck 0.9958714 71.08057403564453 138.22348022460938 109.07518768310547 175.98080444335938
bird 0.9953017 187.10812377929688 138.96722412109375 225.08248901367188 176.75115966796875
truck 0.9946617 183.1031036376953 86.95853424072266 205.00892639160156 109.0096206665039
ship 0.9942535 49.00501251220703 183.98106384277344 78.0351791381836 213.1280975341797
truck 0.9940462 132.048095703125 5.849279403686523 163.76547241210938 38.098167419433594
automobile 0.99365616 57.04205322265625 101.30099487304688 75.81150817871094 119.98992919921875
automobile 0.9932803 197.14013671875 20.058286666870117 216.03213500976562 39.00592803955078
airplane 0.9916433 66.79969787597656 15.109039306640625 101.97702026367188 50.140907287597656
dog 0.9895157 29.181438446044922 5.809160232543945 64.08259582519531 40.918975830078125
dog 0.9888518 124.0589370727539 58.052734375 158.9540252685547 92.93173217773438
dog 0.9817753 144.05026245117188 191.98257446289062 170.17111206054688 218.02359008789062
deer 0.97558177 91.06320190429688 89.22093200683594 120.03643798828125 118.01985168457031
cat 0.9702768 5.850847244262695 122.97035217285156 40.93848419189453 158.1082000732422
bird 0.93747056 193.89747619628906 212.0412139892578 229.0957489013672 246.8004608154297
frog 0.28503633 193.93104553222656 211.93402099609375 228.8616180419922 246.8885498046875
ship 0.22138241 197.14013671875 20.058286666870117 216.03213500976562 39.00592803955078
