ship 0.99888766 55.989036560058594 173.0793914794922 75.05428314208984 191.9730682373047
frog 0.99813044 213.99154663085938 8.945050239562988 240.08297729492188 35.05316925048828
ship 0.9970474 206.19805908203125 144.09255981445312 232.06588745117188 170.56735229492188
truck 0.9968922 11.059795379638672 58.145347595214844 43.03622055053711 89.86182403564453
bird 0.9965228 199.24716186523438 81.19409942626953 224.84976196289062 107.05005645751953
truck 0.9962294 56.976165771484375 207.1005859375 91.95860290527344 241.9029541015625
deer 0.9928881 119.9723892211914 97.13538360595703 155.03436279296875 132.01895141601562
automobile 0.9895549 134.05885314941406 186.8836212158203 150.04075622558594 203.00135803222656
deer 0.98830974 170.15652465820312 126.09123992919922 188.83303833007812 144.9326934814453
deer 0.9740695 112.025634765625 54.88786697387695 143.96389770507812 87.12535095214844
deer 0.97230226 196.09539794921875 40.92401885986328 231.09979248046875 75.99022674560547
automobile 0.9209889 114.10597229003906 26.053985595703125 132.9369659423828 45.00016784667969
frog 0.85725784 189.93849182128906 111.03076934814453 222.06361389160156 142.82078552246094
cat 0.8426504 192.100830078125 175.2450714111328 229.9974365234375 213.2090301513672
automobile 0.8333898 130.9811553955078 138.9983673095703 165.9899444580078 174.23411560058594
automobile 0.79698116 163.04351806640625 202.1060028076172 185.11727905273438 224.14784240722656
truck 0.7867774 163.01475524902344 202.20614624023438 185.0780792236328 224.06784057617188
airplane 0.4558649 189.98446655273438 111.0825424194336 222.02230834960938 143.19332885742188
truck 0.44898266 134.05885314941406 186.8836212158203 150.04075622558594 203.00135803222656
frog 0.42418334 114.10597229003906 26.053985595703125 132.9369659423828 45.00016784667969
dog 0.3956076 5.851467132568359 31.978715896606445 22.07684898376465 47.839271545410156
deer 0.37261212 5.709508895874023 32.03676986694336 22.170955657958984 47.85847091674805
truck 0.3268569 130.9811553955078 138.9983673095703 165.9899444580078 174.23411560058594
frog 0.32079276 191.77842712402344 175.04164123535156 230.13441467285156 213.59571838378906
ship 0.3194055 112.01753234863281 54.92744064331055 143.96243286132812 87.151123046875
airplane 0.30725795 112.01753234863281 54.92744064331055 143.96243286132812 87.151123046875
ship 0.2744041 130.9811553955078 138.9983673095703 165.9899444580078 174.23411560058594
truck 0.27220637 114.10597229003906 26.053985595703125 132.9369659423828 45.00016784667969
deer 0.25053808 189.98446655273438 111.0825424194336 222.02230834960938 143.19332885742188
truck 0.24881929 112.025634765625 54.88786697387695 143.96389770507812 87.12535095214844
truck 0.23022723 189.98446655273438 111.0825424194336 222.02230834960938 143.19332885742188
cat 0.21485397 111.87434387207031 54.87586212158203 143.9422607421875 87.09185028076172
