ship 0.9988456 37.05693817138672 93.9664535522461 72.0048599243164 128.9911651611328
truck 0.99878967 6.958176612854004 196.01416015625 28.970115661621094 218.0784912109375
ship 0.9982116 174.89151000976562 113.16468811035156 204.079833984375 142.0169219970703
dog 0.99809414 116.03984069824219 185.0133819580078 148.06178283691406 216.91444396972656
dog 0.9975251 205.94435119628906 15.250243186950684 238.11402893066406 46.8737678527832
truck 0.9975071 196.0986328125 199.16603088378906 231.087158203125 234.12974548339844
cat 0.99629796 169.02423095703125 72.02828979492188 207.1370849609375 110.10237121582031
airplane 0.99469185 29.14360809326172 1.1544113159179688 67.08574676513672 39.108612060546875
truck 0.99464583 144.94361877441406 27.983642578125 182.9950714111328 66.01974487304688
bird 0.9927871 104.01998901367188 32.12123107910156 141.81124877929688 70.0063705444336
dog 0.98251355 211.0586700439453 169.05369567871094 229.92063903808594 187.9008331298828
bird 0.93535495 67.09556579589844 189.02536010742188 86.04499816894531 207.91012573242188
ship 0.8784952 167.24046325683594 154.1043701171875 196.0770721435547 182.7928466796875
airplane 0.8302662 0.8487033843994141 135.7959747314453 22.926301956176758 156.9567413330078
automobile 0.7178796 54.12024688720703 214.01100158691406 76.10724639892578 236.1160125732422
dog 0.6762233 24.163103103637695 143.8899383544922 49.81629180908203 170.0064239501953
truck 0.6750357 0.9075107574462891 136.13475036621094 22.90873146057129 156.96754455566406
airplane 0.5985198 54.08119583129883 214.11114501953125 76.06354522705078 236.0091552734375
deer 0.578132 85.95358276367188 215.0201416015625 107.98043823242188 237.08270263671875
bird 0.53666735 86.13512420654297 214.9052734375 108.02716827392578 237.19155883789062
cat 0.43492344 24.163103103637695 143.8899383544922 49.81629180908203 170.0064239501953
bird 0.31605315 24.163103103637695 143.8899383544922 49.81629180908203 170.0064239501953
bird 0.28837696 109.14832305908203 145.37828063964844 130.98135375976562 167.06361389160156
truck 0.23933223 167.24046325683594 154.1043701171875 196.0770721435547 182.7928466796875
truck 0.2388292 53.991127014160156 214.04351806640625 76.2163314819336 235.98941040039062
cat 0.2004993 67.09690856933594 188.77523803710938 86.1527099609375 208.00888061523438
