ship 0.9994837 194.07835388183594 50.021907806396484 215.96754455566406 72.08624267578125
ship 0.99840474 16.04593849182129 175.99581909179688 38.0321044921875 198.07119750976562
dog 0.9966804 145.04522705078125 103.04481506347656 170.98580932617188 128.70523071289062
airplane 0.9958135 1.896514892578125 124.92799377441406 37.178855895996094 159.95127868652344
ship 0.995745 42.21500778198242 130.0440673828125 71.0374755859375 159.13827514648438
airplane 0.99564254 127.07719421386719 138.02638244628906 161.89768981933594 173.0926971435547
ship 0.9954439 19.88625717163086 75.93462371826172 49.047420501708984 104.96329498291016
frog 0.9846088 88.06657409667969 86.20700073242188 122.96011352539062 120.733642578125
bird 0.98310655 137.0384521484375 57.04969787597656 172.07424926757812 92.06724548339844
cat 0.9793397 62.29606628417969 32.91398239135742 97.02890014648438 67.97373962402344
deer 0.9346036 180.0736083984375 82.16767883300781 205.84524536132812 107.72247314453125
bird 0.9291227 137.94424438476562 188.20753479003906 169.84793090820312 219.93824768066406
frog 0.8957894 175.09498596191406 19.18368911743164 201.03746032714844 45.053035736083984
ship 0.8777131 101.15579986572266 211.11868286132812 133.13414001464844 243.0091552734375
cat 0.7993088 83.95459747314453 122.53961181640625 119.02991485595703 157.00021362304688
dog 0.7550359 137.89944458007812 188.1006622314453 169.89447021484375 219.91075134277344
frog 0.64305407 179.25173950195312 179.9657745361328 204.99429321289062 206.14903259277344
frog 0.31501025 17.06167221069336 4.012885093688965 46.0162467956543 33.24518585205078
truck 0.3039754 179.07839965820312 179.87060546875 204.999755859375 206.18292236328125
bird 0.2941134 17.06167221069336 4.012885093688965 46.0162467956543 33.24518585205078
truck 0.28715408 17.06167221069336 4.012885093688965 46.0162467956543 33.24518585205078
cat 0.24759036 175.09866333007812 19.104633331298828 200.97036743164062 45.04069137573242
cat 0.22545075 137.87612915039062 188.12364196777344 169.96221923828125 220.00621032714844
dog 0.20299587 83.93412780761719 122.43244934082031 119.05343627929688 157.02931213378906
dog 0.20122671 179.07839965820312 179.87060546875 204.999755859375 206.18292236328125
