automobile 0.99870855 108.81262969970703 56.82740020751953 136.8256072998047 86.04137420654297
ship 0.9982316 121.9576187133789 95.85997009277344 138.06649780273438 112.00363159179688
truck 0.99768794 80.93016052246094 187.08563232421875 106.97526550292969 212.8099365234375
truck 0.9974034 137.0281219482422 195.9332733154297 171.95982360839844 231.1189422607422
automobile 0.9970522 209.09967041015625 24.919618606567383 246.98101806640625 63.098175048828125
truck 0.99638 80.94064331054688 161.04640197753906 102.99501037597656 183.23085021972656
cat 0.99562025 187.07870483398438 130.70455932617188 213.18280029296875 157.0101318359375
frog 0.99406886 129.04022216796875 160.23439025878906 157.95571899414062 189.14796447753906
dog 0.9890326 22.20049476623535 165.1434326171875 59.81102752685547 203.03143310546875
truck 0.98209 117.02303314208984 15.108100891113281 148.9592742919922 46.99666976928711
deer 0.96520525 157.1575469970703 13.830801010131836 185.9934539794922 43.004112243652344
cat 0.96465194 167.8548583984375 159.25009155273438 203.1512451171875 194.06295776367188
ship 0.94080955 35.93364715576172 19.984106063842773 71.12124633789062 55.063560485839844
cat 0.8294054 190.06617736816406 9.049528121948242 205.95533752441406 24.95945930480957
bird 0.7483252 73.07816314697266 80.07979583740234 95.02642059326172 102.0345230102539
ship 0.71405977 23.972408294677734 92.95968627929688 39.97715377807617 109.12382507324219
ship 0.67122495 168.9502716064453 71.0746841430664 188.0841522216797 90.0253677368164
airplane 0.670249 23.972408294677734 92.95968627929688 39.97715377807617 109.12382507324219
frog 0.6255653 190.08413696289062 9.009764671325684 205.96505737304688 25.0289306640625
cat 0.6130307 73.07816314697266 80.07979583740234 95.02642059326172 102.0345230102539
airplane 0.60341126 168.9502716064453 71.0746841430664 188.0841522216797 90.0253677368164
cat 0.48122266 57.434574127197266 102.66690063476562 95.28506469726562 141.27296447753906
dog 0.47148144 57.07078170776367 103.33677673339844 95.03512573242188 140.9869384765625
bird 0.4298013 196.99302673339844 216.07540893554688 215.92503356933594 235.05706787109375
truck 0.41958758 168.9502716064453 71.0746841430664 188.0841522216797 90.0253677368164
deer 0.3879574 190.07452392578125 9.078514099121094 205.9215087890625 25.01324462890625
deer 0.36986947 196.99302673339844 216.07540893554688 215.92503356933594 235.05706787109375
automobile 0.36912897 197.01617431640625 216.12060546875 215.98800659179688 235.05816650390625
airplane 0.33772004 117.02303314208984 15.108100891113281 148.9592742919922 46.99666976928711
airplane 0.30147797 57.434574127197266 102.66690063476562 95.28506469726562 141.27296447753906
truck 0.2907529 23.972408294677734 92.95968627929688 39.97715377807617 109.12382507324219
bird 0.25446892 57.434574127197266 102.66690063476562 95.28506469726562 141.27296447753906
deer 0.24365574 57.18434143066406 103.27772521972656 95.09400939941406 141.0278778076172
ship 0.2398316 116.865478515625 14.984624862670898 148.999755859375 46.91303253173828
airplane 0.23421487 35.93364715576172 19.984106063842773 71.12124633789062 55.063560485839844
dog 0.20555767 190.06617736816406 9.049528121948242 205.95533752441406 24.95945930480957
