truck 0.9977301 83.12254333496094 59.27161407470703 108.9127197265625 85.20288848876953
automobile 0.9976058 152.93899536132812 59.06815719604492 172.04898071289062 77.91033935546875
ship 0.9970515 192.93309020996094 215.99273681640625 219.1350555419922 242.16964721679688
truck 0.99519646 55.148372650146484 212.04556274414062 89.89012145996094 246.786865234375
airplane 0.99306273 28.041404724121094 71.13815307617188 62.984535217285156 105.96751403808594
bird 0.9869814 205.96408081054688 176.31690979003906 241.155029296875 211.0912322998047
automobile 0.98311424 215.00999450683594 27.45651626586914 250.0138397216797 61.95810317993164
deer 0.98026025 37.993408203125 34.07213592529297 73.02236938476562 69.13417053222656
deer 0.97190666 214.0006866455078 144.0325469970703 236.0018768310547 165.9901885986328
dog 0.9699158 143.82276916503906 145.02304077148438 172.83811950683594 174.050537109375
cat 0.9538566 129.945556640625 95.14802551269531 146.0751953125 111.05668640136719
airplane 0.9445007 183.10748291015625 173.0455322265625 199.03909301757812 189.05447387695312
dog 0.9119055 72.96672058105469 100.99537658691406 107.90855407714844 136.11199951171875
dog 0.9096625 97.97994232177734 215.99847412109375 135.90151977539062 254.16842651367188
bird 0.8462122 173.9554443359375 122.01210021972656 196.03494262695312 143.9410858154297
ship 0.827855 121.00308990478516 175.87353515625 143.06370544433594 198.1396484375
airplane 0.77422214 169.06106567382812 93.8685302734375 185.08999633789062 109.9500732421875
airplane 0.7678795 152.1027069091797 215.03231811523438 171.01026916503906 234.049072265625
airplane 0.7647732 173.89480590820312 122.06886291503906 195.97235107421875 144.01246643066406
cat 0.7133014 109.01112365722656 142.41537475585938 141.23333740234375 174.30062866210938
bird 0.69799465 38.95933532714844 173.05992126464844 74.06233978271484 207.99842834472656
airplane 0.6092338 121.11727905273438 175.85633850097656 143.13531494140625 197.8585662841797
deer 0.55072606 108.95854187011719 141.95309448242188 141.24209594726562 174.21664428710938
deer 0.50688237 129.945556640625 95.14802551269531 146.0751953125 111.05668640136719
frog 0.39695805 98.07070922851562 215.94134521484375 136.03131103515625 254.254150390625
cat 0.38425082 143.82276916503906 145.02304077148438 172.83811950683594 174.050537109375
deer 0.3241023 39.020263671875 173.11720275878906 74.08368682861328 208.0113983154297
truck 0.29397887 121.11727905273438 175.85633850097656 143.13531494140625 197.8585662841797
automobile 0.29258916 169.06106567382812 93.8685302734375 185.08999633789062 109.9500732421875
dog 0.26933068 38.95933532714844 173.05992126464844 74.06233978271484 207.99842834472656
deer 0.25952724 169.06106567382812 93.8685302734375 185.08999633789062 109.9500732421875
cat 0.25538403 72.92854309082031 101.20547485351562 107.91065979003906 136.123046875
cat 0.2546738 98.07070922851562 215.94134521484375 136.03131103515625 254.254150390625
automobile 0.24978489 121.11727905273438 175.85633850097656 143.13531494140625 197.8585662841797
frog 0.24839458 109.01112365722656 142.41537475585938 141.23333740234375 174.30062866210938
truck 0.2409577 72.92488861083984 101.12126922607422 108.02306365966797 136.20387268066406
airplane 0.23728362 38.95933532714844 173.05992126464844 74.06233978271484 207.99842834472656
truck 0.23195902 169.06106567382812 93.8685302734375 185.08999633789062 109.9500732421875
bird 0.22562641 214.0372314453125 144.12144470214844 236.03341674804688 165.96961975097656
truck 0.21846756 182.99850463867188 172.9812774658203 198.98974609375 189.05918884277344
cat 0.2091375 169.03427124023438 93.73348999023438 185.02755737304688 109.99343872070312
