frog 0.9985501 119.18464660644531 123.27851104736328 150.9433135986328 155.0089111328125
automobile 0.99775225 43.897640228271484 23.177318572998047 65.9550552368164 44.97096633911133
ship 0.9974494 180.01084899902344 215.01663208007812 199.06651306152344 233.96408081054688
bird 0.99668145 51.006649017333984 68.11547088623047 73.00798034667969 89.92272186279297
automobile 0.99503744 116.24205017089844 45.03520965576172 142.10655212402344 71.35955810546875
bird 0.99457705 23.079875946044922 191.98968505859375 48.99685287475586 218.06637573242188
deer 0.993574 209.9884796142578 152.9968719482422 244.76316833496094 187.9795379638672
dog 0.9933425 8.998763084411621 66.19153594970703 34.97561264038086 91.99169158935547
cat 0.991685 16.999221801757812 38.08073425292969 42.87981033325195 64.03739166259766
airplane 0.9896852 123.06745910644531 166.05859375 155.10035705566406 198.18704223632812
airplane 0.98284435 53.84474182128906 162.91294860839844 83.05931091308594 192.1465301513672
cat 0.97897524 166.13107299804688 170.8569793701172 195.11053466796875 199.94639587402344
automobile 0.97573483 159.47512817382812 120.950439453125 180.5970458984375 141.3525390625
truck 0.96906924 76.99085998535156 36.20234298706055 114.70172119140625 73.99754333496094
dog 0.95381093 186.01458740234375 72.01490020751953 207.99240112304688 94.0263900756836
airplane 0.9202039 65.97901916503906 110.22427368164062 104.00001525878906 148.0606689453125
truck 0.8934028 7.032990455627441 111.00487518310547 35.80760955810547 140.0488739013672
bird 0.7108015 160.3894500732422 7.055950164794922 198.03639221191406 44.79719543457031
airplane 0.63271475 160.3422393798828 7.044137954711914 197.90586853027344 44.815155029296875
bird 0.5727585 79.14778137207031 201.05364990234375 98.05294799804688 219.99783325195312
automobile 0.5576412 7.112248420715332 111.16065979003906 35.84288024902344 139.95822143554688
dog 0.38573784 79.14778137207031 201.05364990234375 98.05294799804688 219.99783325195312
deer 0.34441268 79.16376495361328 201.3743896484375 98.00931549072266 220.0457763671875
deer 0.28947604 80.08296203613281 9.112630844116211 96.03193664550781 25.04707908630371
truck 0.24231732 159.64857482910156 120.79766845703125 180.8047637939453 141.75228881835938
automobile 0.22284248 186.23428344726562 71.9762191772461 207.93896484375 94.13306427001953
airplane 0.22091639 79.09335327148438 201.0599365234375 97.99644470214844 220.05059814453125
cat 0.21477583 79.14778137207031 201.05364990234375 98.05294799804688 219.99783325195312
ship 0.20574942 159.64857482910156 120.79766845703125 180.8047637939453 141.75228881835938
