ship 0.99918675 191.0416717529297 106.00372314453125 217.0478973388672 131.92076110839844
ship 0.9978645 85.95463562011719 194.00604248046875 123.8184814453125 232.06613159179688
dog 0.9973428 187.00830078125 200.1698760986328 219.03826904296875 231.8540802001953
deer 0.99708223 11.165355682373047 83.90602111816406 46.143550872802734 118.95440673828125
airplane 0.99424255 131.0996856689453 27.15975570678711 157.1102752685547 53.171207427978516
airplane 0.99397326 213.0430908203125 22.077972412109375 251.19363403320312 60.07941436767578
deer 0.992725 99.03671264648438 49.01204299926758 120.99765014648438 71.09469604492188
airplane 0.990896 163.02215576171875 147.07418823242188 201.04934692382812 185.0308837890625
deer 0.9883776 99.98762512207031 30.003704071044922 116.01853942871094 46.09218978881836
frog 0.97488856 48.83636474609375 57.03765869140625 81.01225280761719 88.99710083007812
bird 0.9597534 98.05862426757812 151.9881591796875 120.02780151367188 174.14691162109375
automobile 0.9452813 135.2490692138672 210.99356079101562 154.05690002441406 230.12200927734375
airplane 0.9238435 199.96762084960938 67.08390045166016 226.10394287109375 92.9111557006836
bird 0.89782834 12.03272819519043 142.175048828125 50.03419494628906 179.9136962890625
cat 0.8939779 64.90780639648438 128.06260681152344 96.98341369628906 160.05747985839844
cat 0.88296986 140.0601348876953 176.0801544189453 159.03001403808594 195.0071258544922
dog 0.723031 159.14962768554688 5.096249580383301 177.93356323242188 24.06167221069336
deer 0.67822975 199.96762084960938 67.08390045166016 226.10394287109375 92.9111557006836
dog 0.4861787 64.85009002685547 127.95294189453125 97.04802703857422 159.9854736328125
automobile 0.45002797 199.96762084960938 67.08390045166016 226.10394287109375 92.9111557006836
airplane 0.35005483 140.0601348876953 176.0801544189453 159.03001403808594 195.0071258544922
frog 0.32286233 135.12632751464844 211.02503967285156 154.15406799316406 229.9838104248047
deer 0.30861196 12.05491828918457 142.07467651367188 49.93085479736328 179.95782470703125
cat 0.30100608 48.83636474609375 57.03765869140625 81.01225280761719 88.99710083007812
cat 0.29707146 159.16482543945312 5.037188529968262 178.00201416015625 23.961658477783203
bird 0.26013285 199.96762084960938 67.08390045166016 226.10394287109375 92.9111557006836
deer 0.24800879 97.99807739257812 151.8934783935547 120.04998779296875 174.0577850341797
