frog 0.99796474 97.0597915649414 210.00311279296875 119.0656509399414 232.03216552734375
frog 0.9964211 129.0489501953125 109.07754516601562 161.06051635742188 141.0497283935547
airplane 0.9957619 70.14031219482422 161.16079711914062 102.02758026123047 193.1209716796875
ship 0.9944371 107.88057708740234 4.201238632202148 124.02526092529297 20.98134994506836
airplane 0.9932756 64.0596923828125 67.11196899414062 96.03001403808594 98.69850158691406
frog 0.9901619 213.0418701171875 64.82742309570312 248.028564453125 99.73905944824219
automobile 0.9865326 18.053680419921875 110.24290466308594 55.894859313964844 148.0908660888672
dog 0.98569393 181.18350219726562 169.1105194091797 209.98507690429688 198.11354064941406
truck 0.97225845 108.0746841430664 55.0849609375 146.06910705566406 92.99278259277344
cat 0.9677311 159.0355224609375 13.13841724395752 184.55487060546875 39.20463180541992
cat 0.9592633 167.99864196777344 59.097312927246094 184.02125549316406 74.98502349853516
dog 0.9554434 59.02647399902344 134.03826904296875 80.91465759277344 156.07232666015625
cat 0.935789 4.280981063842773 178.05935668945312 38.92724609375 213.08944702148438
dog 0.8878782 39.106788635253906 34.074398040771484 67.94933319091797 62.97612380981445
cat 0.84434056 117.99750518798828 154.11386108398438 136.98236083984375 173.19488525390625
automobile 0.83242106 206.914306640625 32.94437789916992 222.95791625976562 49.0189094543457
airplane 0.8075839 206.9913787841797 32.98191452026367 222.93226623535156 49.087772369384766
frog 0.74947846 154.0651397705078 179.08853149414062 173.16578674316406 198.02203369140625
truck 0.6745291 206.914306640625 32.94437789916992 222.95791625976562 49.0189094543457
deer 0.6405957 118.09494018554688 154.0335693359375 136.98458862304688 173.16397094726562
frog 0.56745565 168.01287841796875 59.07481002807617 184.01904296875 75.02679443359375
automobile 0.5003202 108.11421203613281 55.08186721801758 145.9578399658203 93.02821350097656
deer 0.41725373 168.000244140625 59.07911682128906 184.026611328125 75.09530639648438
automobile 0.38853192 154.0726318359375 179.1517791748047 173.22280883789062 198.0456085205078
cat 0.3621251 39.18438720703125 34.0237922668457 67.95085906982422 62.928157806396484
ship 0.3346981 168.01287841796875 59.07481002807617 184.01904296875 75.02679443359375
bird 0.2537683 168.01287841796875 59.07481002807617 184.01904296875 75.02679443359375
dog 0.23690519 168.01287841796875 59.07481002807617 184.01904296875 75.02679443359375
bird 0.23671433 59.26857376098633 134.27085876464844 81.01956176757812 156.1122589111328
truck 0.23651332 154.0726318359375 179.1517791748047 173.22280883789062 198.0456085205078
airplane 0.21887213 167.99864196777344 59.097312927246094 184.02125549316406 74.98502349853516
bird 0.200894 4.280981063842773 178.05935668945312 38.92724609375 213.08944702148438
