dog 0.997977 69.16984558105469 76.0055160522461 85.37876892089844 91.97103118896484
frog 0.99787116 139.1097869873047 177.16741943359375 165.05763244628906 202.79757690429688
dog 0.99739254 202.0383758544922 155.81918334960938 234.0517120361328 187.94845581054688
truck 0.9964528 27.10999870300293 0.9027366638183594 59.070556640625 33.13309860229492
truck 0.9959738 197.10147094726562 96.0925064086914 235.02487182617188 134.16297912597656
automobile 0.99567014 169.0914764404297 45.958091735839844 203.9815216064453 81.06170654296875
dog 0.9920567 142.5643768310547 3.269777297973633 180.8115692138672 40.754615783691406
bird 0.9916506 32.9125862121582 138.1959991455078 61.91353225708008 167.02601623535156
frog 0.9903494 19.930980682373047 173.0286865234375 58.03120803833008 210.962158203125
frog 0.9894028 190.08779907226562 2.0507659912109375 225.10562133789062 37.02256393432617
cat 0.9766506 85.17477416992188 9.123416900634766 122.91024780273438 47.171119689941406
bird 0.9267011 168.99337768554688 131.04908752441406 187.865966796875 150.0409393310547
airplane 0.86378527 96.9599838256836 207.05194091796875 116.0273208618164 226.06417846679688
airplane 0.8351226 158.0385284423828 89.15943145751953 180.0171356201172 111.05579376220703
deer 0.7490801 135.96917724609375 107.08091735839844 155.08551025390625 126.02851867675781
cat 0.7301096 131.13116455078125 150.00425720214844 150.08331298828125 169.19871520996094
dog 0.56977 135.96917724609375 107.08091735839844 155.08551025390625 126.02851867675781
frog 0.54600954 103.11644744873047 112.07373809814453 122.07080841064453 131.0344696044922
cat 0.53509223 89.07704162597656 56.035362243652344 107.96339416503906 75.03946685791016
deer 0.4888273 103.07352447509766 112.10208129882812 122.09821319580078 131.04376220703125
deer 0.4193073 89.07704162597656 56.035362243652344 107.96339416503906 75.03946685791016
truck 0.3826648 89.08170318603516 56.06224060058594 108.07112884521484 75.09922790527344
cat 0.37809485 97.01641845703125 207.23060607910156 116.0162353515625 225.9921112060547
truck 0.31809613 158.04364013671875 89.1014404296875 179.90399169921875 110.983642578125
cat 0.27813977 103.0950927734375 112.14318084716797 122.03067016601562 131.07553100585938
ship 0.2735892 169.02996826171875 131.06314086914062 187.91104125976562 149.98342895507812
automobile 0.25818434 158.07052612304688 89.18183135986328 179.72491455078125 111.02845001220703
truck 0.2367005 131.0900115966797 149.99822998046875 149.96311950683594 169.4197998046875
deer 0.23201093 131.0900115966797 149.99822998046875 149.96311950683594 169.4197998046875
frog 0.22767535 89.07704162597656 56.035362243652344 107.96339416503906 75.03946685791016
dog 0.22626153 85.01119995117188 9.417266845703125 123.54168701171875 46.864742279052734
bird 0.22399262 103.10652160644531 112.06922149658203 122.06985473632812 130.9679718017578
airplane 0.2152158 168.99337768554688 131.04908752441406 187.865966796875 150.0409393310547
bird 0.20494458 131.040283203125 150.01956176757812 150.05734252929688 169.24334716796875
